CGATS.17
NUMBER_OF_FIELDS	7
BEGIN_DATA_FORMAT
SAMPLE_ID	RGB_R	RGB_G	RGB_B	LAB_L	LAB_A	LAB_B
END_DATA_FORMAT
NUMBER_OF_SETS	957
BEGIN_DATA
1	    0.00	    0.00	    0.00	    1.49	   -1.78	    0.94
2	    0.00	    0.00	   36.00	    5.61	   12.67	  -12.65
3	    0.00	    0.00	   73.00	    9.26	   20.46	  -23.92
4	    0.00	    0.00	  109.00	   11.27	   28.50	  -35.58
5	    0.00	    0.00	  146.00	   13.72	   36.30	  -47.46
6	    0.00	    0.00	  182.00	   16.59	   44.47	  -58.29
7	    0.00	    0.00	  219.00	   20.13	   52.45	  -68.34
8	    0.00	    0.00	  255.00	   28.62	   60.17	  -71.29
9	    0.00	   36.00	    0.00	   10.42	  -13.51	    6.43
10	    0.00	   36.00	   36.00	    6.80	   -8.28	  -11.94
11	    0.00	   36.00	   73.00	    8.64	    1.87	  -25.22
12	    0.00	   36.00	  109.00	   11.94	   10.99	  -38.61
13	    0.00	   36.00	  146.00	   15.13	   17.76	  -51.04
14	    0.00	   36.00	  182.00	   17.94	   25.83	  -62.15
15	    0.00	   36.00	  219.00	   21.31	   35.00	  -73.72
16	    0.00	   36.00	  255.00	   23.74	   45.28	  -81.57
17	    0.00	   73.00	    0.00	   18.26	  -28.30	   12.61
18	    0.00	   73.00	   36.00	   13.30	  -24.77	   -4.52
19	    0.00	   73.00	   73.00	   12.65	  -15.44	  -21.05
20	    0.00	   73.00	  109.00	   15.79	   -8.06	  -33.52
21	    0.00	   73.00	  146.00	   18.76	    0.28	  -46.93
22	    0.00	   73.00	  182.00	   21.24	    8.90	  -58.72
23	    0.00	   73.00	  219.00	   24.51	   17.17	  -71.31
24	    0.00	   73.00	  255.00	   26.56	   27.33	  -81.79
25	    0.00	  109.00	    0.00	   23.85	  -41.22	   18.07
26	    0.00	  109.00	   36.00	   19.34	  -38.94	    0.36
27	    0.00	  109.00	   73.00	   18.74	  -31.39	  -15.42
28	    0.00	  109.00	  109.00	   20.33	  -22.42	  -29.37
29	    0.00	  109.00	  146.00	   23.78	  -15.52	  -41.58
30	    0.00	  109.00	  182.00	   26.86	   -7.98	  -53.82
31	    0.00	  109.00	  219.00	   29.10	    2.76	  -66.35
32	    0.00	  109.00	  255.00	   31.48	   12.11	  -77.96
33	    0.00	  146.00	    0.00	   29.31	  -54.13	   22.65
34	    0.00	  146.00	   36.00	   25.33	  -52.84	    4.39
35	    0.00	  146.00	   73.00	   24.65	  -46.52	   -9.58
36	    0.00	  146.00	  109.00	   26.11	  -37.85	  -23.40
37	    0.00	  146.00	  146.00	   28.67	  -30.31	  -37.57
38	    0.00	  146.00	  182.00	   32.28	  -23.06	  -49.67
39	    0.00	  146.00	  219.00	   34.14	  -11.72	  -62.69
40	    0.00	  146.00	  255.00	   36.75	   -4.98	  -73.73
41	    0.00	  182.00	    0.00	   35.58	  -66.89	   26.99
42	    0.00	  182.00	   36.00	   31.55	  -66.57	   10.07
43	    0.00	  182.00	   73.00	   30.77	  -60.11	   -5.32
44	    0.00	  182.00	  109.00	   31.81	  -53.29	  -18.94
45	    0.00	  182.00	  146.00	   34.28	  -45.33	  -32.26
46	    0.00	  182.00	  182.00	   37.29	  -37.79	  -45.07
47	    0.00	  182.00	  219.00	   40.39	  -29.09	  -58.40
48	    0.00	  182.00	  255.00	   42.65	  -20.70	  -69.26
49	    0.00	  219.00	    0.00	   41.62	  -77.12	   32.17
50	    0.00	  219.00	   36.00	   38.23	  -80.78	   15.78
51	    0.00	  219.00	   73.00	   36.08	  -74.68	   -0.52
52	    0.00	  219.00	  109.00	   37.65	  -69.76	  -14.16
53	    0.00	  219.00	  146.00	   39.72	  -59.78	  -27.63
54	    0.00	  219.00	  182.00	   43.58	  -52.17	  -40.41
55	    0.00	  219.00	  219.00	   48.15	  -44.22	  -52.50
56	    0.00	  219.00	  255.00	   49.67	  -35.64	  -63.25
57	    0.00	  255.00	    0.00	   50.08	  -82.26	   38.14
58	    0.00	  255.00	   36.00	   42.93	  -90.90	   24.01
59	    0.00	  255.00	   73.00	   40.93	  -88.33	    8.06
60	    0.00	  255.00	  109.00	   41.03	  -79.81	   -7.61
61	    0.00	  255.00	  146.00	   45.23	  -72.14	  -20.37
62	    0.00	  255.00	  182.00	   49.83	  -62.29	  -32.53
63	    0.00	  255.00	  219.00	   54.18	  -53.65	  -43.05
64	    0.00	  255.00	  255.00	   58.83	  -44.52	  -53.53
65	   36.00	    0.00	    0.00	    7.85	   16.35	    7.22
66	   36.00	    0.00	   36.00	   10.44	   22.82	   -3.53
67	   36.00	    0.00	   73.00	   14.43	   29.11	  -13.87
68	   36.00	    0.00	  109.00	   17.19	   35.65	  -25.30
69	   36.00	    0.00	  146.00	   19.06	   41.15	  -35.08
70	   36.00	    0.00	  182.00	   21.05	   47.40	  -45.68
71	   36.00	    0.00	  219.00	   24.67	   53.14	  -55.51
72	   36.00	    0.00	  255.00	   30.19	   61.99	  -61.00
73	   36.00	   36.00	    0.00	   14.73	    2.20	   14.92
74	   36.00	   36.00	   36.00	   13.64	    6.26	   -1.94
75	   36.00	   36.00	   73.00	   18.22	   12.01	  -15.55
76	   36.00	   36.00	  109.00	   21.47	   18.98	  -28.93
77	   36.00	   36.00	  146.00	   23.55	   24.62	  -41.05
78	   36.00	   36.00	  182.00	   25.97	   32.61	  -54.63
79	   36.00	   36.00	  219.00	   30.31	   40.79	  -66.74
80	   36.00	   36.00	  255.00	   31.15	   48.44	  -72.12
81	   36.00	   73.00	    0.00	   21.94	   -9.85	   21.42
82	   36.00	   73.00	   36.00	   21.95	   -9.14	    4.45
83	   36.00	   73.00	   73.00	   24.17	   -5.12	  -10.45
84	   36.00	   73.00	  109.00	   26.65	   -0.01	  -25.51
85	   36.00	   73.00	  146.00	   29.47	    5.64	  -39.13
86	   36.00	   73.00	  182.00	   31.61	   12.25	  -52.62
87	   36.00	   73.00	  219.00	   35.30	   20.31	  -65.03
88	   36.00	   73.00	  255.00	   34.58	   28.08	  -73.46
89	   36.00	  109.00	    0.00	   27.78	  -24.83	   27.44
90	   36.00	  109.00	   36.00	   28.45	  -22.40	   10.75
91	   36.00	  109.00	   73.00	   29.97	  -20.02	   -6.38
92	   36.00	  109.00	  109.00	   31.83	  -15.56	  -22.05
93	   36.00	  109.00	  146.00	   33.50	  -10.29	  -35.58
94	   36.00	  109.00	  182.00	   37.51	   -4.39	  -48.77
95	   36.00	  109.00	  219.00	   40.10	    3.20	  -60.67
96	   36.00	  109.00	  255.00	   39.43	   10.50	  -70.00
97	   36.00	  146.00	    0.00	   33.71	  -38.09	   32.64
98	   36.00	  146.00	   36.00	   34.60	  -40.21	   15.97
99	   36.00	  146.00	   73.00	   36.89	  -37.81	   -1.91
100	   36.00	  146.00	  109.00	   38.96	  -34.31	  -15.61
101	   36.00	  146.00	  146.00	   41.10	  -28.90	  -28.87
102	   36.00	  146.00	  182.00	   42.60	  -20.67	  -43.26
103	   36.00	  146.00	  219.00	   45.50	  -13.82	  -55.28
104	   36.00	  146.00	  255.00	   46.32	   -5.73	  -64.01
105	   36.00	  182.00	    0.00	   40.11	  -50.83	   37.83
106	   36.00	  182.00	   36.00	   42.53	  -54.36	   21.60
107	   36.00	  182.00	   73.00	   43.60	  -53.70	    4.50
108	   36.00	  182.00	  109.00	   45.44	  -49.06	  -10.65
109	   36.00	  182.00	  146.00	   46.56	  -43.29	  -24.36
110	   36.00	  182.00	  182.00	   48.39	  -37.78	  -36.93
111	   36.00	  182.00	  219.00	   50.98	  -30.38	  -48.78
112	   36.00	  182.00	  255.00	   51.46	  -22.53	  -60.00
113	   36.00	  219.00	    0.00	   47.29	  -60.67	   44.17
114	   36.00	  219.00	   36.00	   49.52	  -68.19	   28.66
115	   36.00	  219.00	   73.00	   49.79	  -67.90	   11.04
116	   36.00	  219.00	  109.00	   50.61	  -63.86	   -3.61
117	   36.00	  219.00	  146.00	   52.44	  -56.27	  -17.72
118	   36.00	  219.00	  182.00	   54.50	  -49.90	  -30.42
119	   36.00	  219.00	  219.00	   56.70	  -43.92	  -42.57
120	   36.00	  219.00	  255.00	   59.82	  -38.48	  -51.11
121	   36.00	  255.00	    0.00	   54.29	  -71.38	   50.47
122	   36.00	  255.00	   36.00	   52.24	  -78.81	   36.01
123	   36.00	  255.00	   73.00	   53.07	  -81.06	   18.92
124	   36.00	  255.00	  109.00	   52.97	  -77.10	    3.14
125	   36.00	  255.00	  146.00	   55.75	  -70.07	  -10.94
126	   36.00	  255.00	  182.00	   59.67	  -60.43	  -22.05
127	   36.00	  255.00	  219.00	   62.82	  -52.58	  -33.21
128	   36.00	  255.00	  255.00	   65.44	  -44.42	  -44.23
129	   73.00	    0.00	    0.00	   14.48	   26.67	   16.68
130	   73.00	    0.00	   36.00	   17.18	   32.38	    4.61
131	   73.00	    0.00	   73.00	   20.72	   37.91	   -4.23
132	   73.00	    0.00	  109.00	   22.51	   42.25	  -14.03
133	   73.00	    0.00	  146.00	   24.60	   46.00	  -25.14
134	   73.00	    0.00	  182.00	   26.42	   50.80	  -35.33
135	   73.00	    0.00	  219.00	   29.68	   57.14	  -45.98
136	   73.00	    0.00	  255.00	   33.08	   63.29	  -51.65
137	   73.00	   36.00	    0.00	   23.31	   13.83	   25.99
138	   73.00	   36.00	   36.00	   22.88	   16.15	    7.60
139	   73.00	   36.00	   73.00	   25.46	   19.93	   -4.86
140	   73.00	   36.00	  109.00	   27.35	   25.92	  -17.53
141	   73.00	   36.00	  146.00	   31.37	   31.05	  -29.35
142	   73.00	   36.00	  182.00	   33.29	   37.29	  -41.32
143	   73.00	   36.00	  219.00	   36.07	   43.23	  -53.46
144	   73.00	   36.00	  255.00	   35.89	   49.09	  -61.65
145	   73.00	   73.00	    0.00	   27.97	    0.94	   30.05
146	   73.00	   73.00	   36.00	   29.76	    0.28	   13.94
147	   73.00	   73.00	   73.00	   30.40	    3.89	   -1.37
148	   73.00	   73.00	  109.00	   34.31	    8.85	  -13.92
149	   73.00	   73.00	  146.00	   37.39	   13.50	  -26.90
150	   73.00	   73.00	  182.00	   40.81	   18.87	  -39.96
151	   73.00	   73.00	  219.00	   42.92	   24.65	  -51.77
152	   73.00	   73.00	  255.00	   41.99	   32.06	  -61.94
153	   73.00	  109.00	    0.00	   34.01	  -10.53	   37.97
154	   73.00	  109.00	   36.00	   35.74	  -11.20	   20.72
155	   73.00	  109.00	   73.00	   38.35	   -9.79	    4.57
156	   73.00	  109.00	  109.00	   41.26	   -6.76	  -10.12
157	   73.00	  109.00	  146.00	   42.99	   -2.39	  -22.42
158	   73.00	  109.00	  182.00	   47.04	    3.13	  -34.68
159	   73.00	  109.00	  219.00	   48.42	    9.89	  -46.24
160	   73.00	  109.00	  255.00	   47.10	   16.99	  -59.24
161	   73.00	  146.00	    0.00	   39.83	  -25.15	   42.86
162	   73.00	  146.00	   36.00	   42.70	  -26.94	   25.94
163	   73.00	  146.00	   73.00	   45.40	  -25.19	   10.70
164	   73.00	  146.00	  109.00	   47.36	  -22.43	   -3.65
165	   73.00	  146.00	  146.00	   49.24	  -18.06	  -15.81
166	   73.00	  146.00	  182.00	   51.03	  -12.15	  -29.26
167	   73.00	  146.00	  219.00	   52.69	   -4.94	  -42.85
168	   73.00	  146.00	  255.00	   53.01	    0.82	  -54.17
169	   73.00	  182.00	    0.00	   46.81	  -36.42	   49.28
170	   73.00	  182.00	   36.00	   48.92	  -40.72	   33.22
171	   73.00	  182.00	   73.00	   52.20	  -40.32	   17.01
172	   73.00	  182.00	  109.00	   52.44	  -37.42	    2.26
173	   73.00	  182.00	  146.00	   54.68	  -32.88	  -11.32
174	   73.00	  182.00	  182.00	   55.81	  -26.87	  -23.47
175	   73.00	  182.00	  219.00	   58.43	  -19.84	  -35.74
176	   73.00	  182.00	  255.00	   59.04	  -13.34	  -47.78
177	   73.00	  219.00	    0.00	   53.07	  -48.68	   54.26
178	   73.00	  219.00	   36.00	   55.32	  -54.76	   39.27
179	   73.00	  219.00	   73.00	   56.67	  -55.16	   21.40
180	   73.00	  219.00	  109.00	   58.15	  -51.32	    8.48
181	   73.00	  219.00	  146.00	   60.18	  -46.33	   -5.15
182	   73.00	  219.00	  182.00	   61.36	  -39.86	  -18.40
183	   73.00	  219.00	  219.00	   63.64	  -34.59	  -30.96
184	   73.00	  219.00	  255.00	   65.75	  -28.51	  -42.20
185	   73.00	  255.00	    0.00	   60.03	  -58.78	   61.01
186	   73.00	  255.00	   36.00	   58.98	  -68.96	   46.69
187	   73.00	  255.00	   73.00	   60.58	  -69.54	   28.56
188	   73.00	  255.00	  109.00	   61.67	  -67.27	   14.64
189	   73.00	  255.00	  146.00	   63.58	  -61.53	    0.47
190	   73.00	  255.00	  182.00	   67.15	  -53.90	  -11.89
191	   73.00	  255.00	  219.00	   68.75	  -46.45	  -25.23
192	   73.00	  255.00	  255.00	   71.49	  -39.31	  -36.68
193	  109.00	    0.00	    0.00	   22.60	   37.58	   26.19
194	  109.00	    0.00	   36.00	   25.03	   42.07	   14.39
195	  109.00	    0.00	   73.00	   26.67	   45.97	    3.97
196	  109.00	    0.00	  109.00	   28.40	   49.28	   -5.34
197	  109.00	    0.00	  146.00	   29.95	   52.71	  -14.82
198	  109.00	    0.00	  182.00	   31.52	   56.06	  -24.79
199	  109.00	    0.00	  219.00	   34.17	   60.18	  -36.31
200	  109.00	    0.00	  255.00	   37.31	   65.54	  -42.34
201	  109.00	   36.00	    0.00	   29.84	   24.99	   35.35
202	  109.00	   36.00	   36.00	   30.86	   25.42	   19.35
203	  109.00	   36.00	   73.00	   32.21	   29.88	    5.23
204	  109.00	   36.00	  109.00	   33.99	   32.70	   -6.44
205	  109.00	   36.00	  146.00	   36.82	   37.71	  -19.28
206	  109.00	   36.00	  182.00	   39.71	   42.71	  -30.70
207	  109.00	   36.00	  219.00	   41.15	   47.17	  -41.87
208	  109.00	   36.00	  255.00	   40.35	   53.03	  -52.15
209	  109.00	   73.00	    0.00	   35.73	   11.03	   41.57
210	  109.00	   73.00	   36.00	   38.18	   10.02	   24.45
211	  109.00	   73.00	   73.00	   38.84	   12.09	    9.05
212	  109.00	   73.00	  109.00	   41.40	   16.00	   -3.98
213	  109.00	   73.00	  146.00	   43.97	   20.99	  -16.74
214	  109.00	   73.00	  182.00	   45.98	   24.90	  -28.80
215	  109.00	   73.00	  219.00	   48.71	   28.64	  -41.40
216	  109.00	   73.00	  255.00	   46.71	   35.07	  -53.19
217	  109.00	  109.00	    0.00	   42.15	   -0.50	   48.71
218	  109.00	  109.00	   36.00	   43.89	   -2.68	   31.23
219	  109.00	  109.00	   73.00	   45.15	   -1.40	   15.34
220	  109.00	  109.00	  109.00	   45.28	    2.05	    0.49
221	  109.00	  109.00	  146.00	   48.85	    5.38	  -12.51
222	  109.00	  109.00	  182.00	   51.86	   10.31	  -24.78
223	  109.00	  109.00	  219.00	   53.86	   14.44	  -37.62
224	  109.00	  109.00	  255.00	   53.24	   20.74	  -49.46
225	  109.00	  146.00	    0.00	   46.67	  -12.97	   53.01
226	  109.00	  146.00	   36.00	   49.47	  -17.11	   37.08
227	  109.00	  146.00	   73.00	   51.21	  -15.80	   20.97
228	  109.00	  146.00	  109.00	   52.89	  -12.82	    6.22
229	  109.00	  146.00	  146.00	   54.46	   -9.77	   -6.18
230	  109.00	  146.00	  182.00	   56.53	   -4.39	  -19.76
231	  109.00	  146.00	  219.00	   58.71	    0.34	  -32.97
232	  109.00	  146.00	  255.00	   58.50	    6.71	  -45.26
233	  109.00	  182.00	    0.00	   53.67	  -25.67	   59.06
234	  109.00	  182.00	   36.00	   56.64	  -31.01	   43.83
235	  109.00	  182.00	   73.00	   57.75	  -30.29	   26.98
236	  109.00	  182.00	  109.00	   58.43	  -27.02	   12.69
237	  109.00	  182.00	  146.00	   59.85	  -22.95	   -1.14
238	  109.00	  182.00	  182.00	   61.62	  -18.81	  -13.48
239	  109.00	  182.00	  219.00	   64.23	  -13.26	  -26.43
240	  109.00	  182.00	  255.00	   64.01	   -7.39	  -40.81
241	  109.00	  219.00	    0.00	   59.42	  -38.27	   63.90
242	  109.00	  219.00	   36.00	   60.85	  -43.92	   49.40
243	  109.00	  219.00	   73.00	   62.83	  -44.09	   31.76
244	  109.00	  219.00	  109.00	   64.18	  -41.12	   18.20
245	  109.00	  219.00	  146.00	   66.29	  -37.12	    4.49
246	  109.00	  219.00	  182.00	   67.49	  -31.48	   -9.85
247	  109.00	  219.00	  219.00	   69.43	  -26.73	  -21.58
248	  109.00	  219.00	  255.00	   69.90	  -21.07	  -35.28
249	  109.00	  255.00	    0.00	   66.07	  -48.21	   70.57
250	  109.00	  255.00	   36.00	   64.96	  -58.15	   55.76
251	  109.00	  255.00	   73.00	   66.22	  -59.49	   38.17
252	  109.00	  255.00	  109.00	   67.83	  -56.49	   22.91
253	  109.00	  255.00	  146.00	   69.74	  -50.94	    8.90
254	  109.00	  255.00	  182.00	   72.62	  -44.51	   -4.09
255	  109.00	  255.00	  219.00	   73.68	  -38.52	  -17.86
256	  109.00	  255.00	  255.00	   75.70	  -31.18	  -29.81
257	  146.00	    0.00	    0.00	   31.88	   47.38	   33.89
258	  146.00	    0.00	   36.00	   32.86	   50.76	   22.31
259	  146.00	    0.00	   73.00	   34.01	   54.37	   12.72
260	  146.00	    0.00	  109.00	   34.50	   56.47	    3.65
261	  146.00	    0.00	  146.00	   35.47	   59.81	   -5.78
262	  146.00	    0.00	  182.00	   36.64	   61.84	  -14.10
263	  146.00	    0.00	  219.00	   38.15	   64.73	  -25.26
264	  146.00	    0.00	  255.00	   40.76	   68.79	  -33.50
265	  146.00	   36.00	    0.00	   37.53	   34.38	   46.76
266	  146.00	   36.00	   36.00	   37.98	   35.17	   31.23
267	  146.00	   36.00	   73.00	   39.72	   37.97	   15.88
268	  146.00	   36.00	  109.00	   40.64	   41.01	    3.88
269	  146.00	   36.00	  146.00	   42.06	   44.81	   -8.23
270	  146.00	   36.00	  182.00	   43.76	   48.58	  -19.55
271	  146.00	   36.00	  219.00	   45.78	   51.20	  -31.78
272	  146.00	   36.00	  255.00	   44.70	   57.78	  -42.44
273	  146.00	   73.00	    0.00	   43.88	   21.13	   53.32
274	  146.00	   73.00	   36.00	   44.66	   19.49	   35.76
275	  146.00	   73.00	   73.00	   46.22	   20.80	   20.30
276	  146.00	   73.00	  109.00	   46.75	   23.57	    7.22
277	  146.00	   73.00	  146.00	   49.21	   27.23	   -5.94
278	  146.00	   73.00	  182.00	   50.49	   31.44	  -18.44
279	  146.00	   73.00	  219.00	   52.25	   35.28	  -31.27
280	  146.00	   73.00	  255.00	   51.17	   41.97	  -44.11
281	  146.00	  109.00	    0.00	   48.47	    8.59	   58.38
282	  146.00	  109.00	   36.00	   50.14	    6.65	   42.17
283	  146.00	  109.00	   73.00	   51.51	    6.87	   25.94
284	  146.00	  109.00	  109.00	   52.17	    9.21	   11.32
285	  146.00	  109.00	  146.00	   54.61	   13.13	   -2.07
286	  146.00	  109.00	  182.00	   56.42	   16.88	  -14.94
287	  146.00	  109.00	  219.00	   58.93	   20.56	  -28.34
288	  146.00	  109.00	  255.00	   58.09	   26.31	  -40.94
289	  146.00	  146.00	    0.00	   54.05	   -2.30	   64.24
290	  146.00	  146.00	   36.00	   56.28	   -6.90	   48.09
291	  146.00	  146.00	   73.00	   57.33	   -5.66	   31.49
292	  146.00	  146.00	  109.00	   58.14	   -3.24	   17.33
293	  146.00	  146.00	  146.00	   58.53	    0.14	    2.76
294	  146.00	  146.00	  182.00	   61.72	    4.16	  -10.73
295	  146.00	  146.00	  219.00	   64.25	    7.97	  -24.92
296	  146.00	  146.00	  255.00	   63.52	   12.91	  -37.02
297	  146.00	  182.00	    0.00	   59.10	  -13.55	   68.70
298	  146.00	  182.00	   36.00	   62.15	  -19.56	   54.53
299	  146.00	  182.00	   73.00	   62.42	  -19.17	   36.79
300	  146.00	  182.00	  109.00	   63.79	  -16.78	   22.40
301	  146.00	  182.00	  146.00	   65.00	  -13.16	    7.51
302	  146.00	  182.00	  182.00	   66.36	   -9.32	   -5.65
303	  146.00	  182.00	  219.00	   68.72	   -4.52	  -20.65
304	  146.00	  182.00	  255.00	   68.58	   -0.62	  -33.32
305	  146.00	  219.00	    0.00	   66.66	  -26.44	   74.95
306	  146.00	  219.00	   36.00	   66.61	  -32.65	   59.02
307	  146.00	  219.00	   73.00	   68.29	  -32.75	   41.26
308	  146.00	  219.00	  109.00	   69.40	  -30.24	   26.94
309	  146.00	  219.00	  146.00	   71.53	  -26.64	   13.10
310	  146.00	  219.00	  182.00	   72.19	  -22.43	   -1.65
311	  146.00	  219.00	  219.00	   73.74	  -18.38	  -14.99
312	  146.00	  219.00	  255.00	   73.42	  -14.65	  -29.67
313	  146.00	  255.00	    0.00	   71.85	  -37.11	   80.18
314	  146.00	  255.00	   36.00	   72.18	  -45.11	   65.71
315	  146.00	  255.00	   73.00	   73.24	  -46.43	   47.83
316	  146.00	  255.00	  109.00	   73.61	  -44.96	   32.17
317	  146.00	  255.00	  146.00	   75.59	  -40.63	   16.49
318	  146.00	  255.00	  182.00	   77.43	  -34.99	    4.20
319	  146.00	  255.00	  219.00	   78.57	  -29.76	   -9.70
320	  146.00	  255.00	  255.00	   80.49	  -23.85	  -23.65
321	  182.00	    0.00	    0.00	   39.33	   57.62	   44.90
322	  182.00	    0.00	   36.00	   40.01	   59.99	   32.04
323	  182.00	    0.00	   73.00	   40.22	   62.76	   22.72
324	  182.00	    0.00	  109.00	   40.55	   64.37	   13.24
325	  182.00	    0.00	  146.00	   41.12	   65.90	    3.00
326	  182.00	    0.00	  182.00	   41.08	   68.00	   -6.55
327	  182.00	    0.00	  219.00	   41.88	   69.28	  -15.35
328	  182.00	    0.00	  255.00	   44.77	   72.69	  -24.42
329	  182.00	   36.00	    0.00	   44.56	   44.62	   57.78
330	  182.00	   36.00	   36.00	   45.53	   45.29	   41.94
331	  182.00	   36.00	   73.00	   46.06	   46.24	   27.52
332	  182.00	   36.00	  109.00	   47.19	   48.89	   14.38
333	  182.00	   36.00	  146.00	   47.86	   50.56	    1.53
334	  182.00	   36.00	  182.00	   48.06	   54.90	  -10.57
335	  182.00	   36.00	  219.00	   49.84	   58.72	  -22.08
336	  182.00	   36.00	  255.00	   50.03	   62.22	  -34.13
337	  182.00	   73.00	    0.00	   50.90	   30.99	   64.56
338	  182.00	   73.00	   36.00	   51.42	   28.92	   47.39
339	  182.00	   73.00	   73.00	   51.24	   30.27	   31.88
340	  182.00	   73.00	  109.00	   53.15	   31.93	   17.60
341	  182.00	   73.00	  146.00	   54.13	   33.90	    3.76
342	  182.00	   73.00	  182.00	   55.29	   37.93	   -8.75
343	  182.00	   73.00	  219.00	   57.25	   42.47	  -22.24
344	  182.00	   73.00	  255.00	   56.28	   46.60	  -35.92
345	  182.00	  109.00	    0.00	   56.06	   18.49	   69.91
346	  182.00	  109.00	   36.00	   57.29	   15.69	   51.99
347	  182.00	  109.00	   73.00	   57.61	   16.10	   36.41
348	  182.00	  109.00	  109.00	   58.18	   18.01	   21.94
349	  182.00	  109.00	  146.00	   59.60	   20.04	    7.64
350	  182.00	  109.00	  182.00	   61.41	   23.94	   -5.41
351	  182.00	  109.00	  219.00	   63.71	   27.61	  -19.91
352	  182.00	  109.00	  255.00	   62.61	   33.33	  -33.39
353	  182.00	  146.00	    0.00	   60.60	    6.45	   74.27
354	  182.00	  146.00	   36.00	   62.35	    2.71	   58.33
355	  182.00	  146.00	   73.00	   63.06	    2.72	   41.32
356	  182.00	  146.00	  109.00	   64.47	    4.51	   26.70
357	  182.00	  146.00	  146.00	   65.04	    6.69	   11.82
358	  182.00	  146.00	  182.00	   67.16	   10.30	   -1.76
359	  182.00	  146.00	  219.00	   69.76	   15.22	  -16.22
360	  182.00	  146.00	  255.00	   67.94	   19.74	  -29.55
361	  182.00	  182.00	    0.00	   66.54	   -4.02	   80.13
362	  182.00	  182.00	   36.00	   67.32	   -9.06	   63.54
363	  182.00	  182.00	   73.00	   68.70	   -9.02	   46.61
364	  182.00	  182.00	  109.00	   69.44	   -7.10	   31.65
365	  182.00	  182.00	  146.00	   69.94	   -4.70	   15.78
366	  182.00	  182.00	  182.00	   71.17	   -1.02	    2.00
367	  182.00	  182.00	  219.00	   73.92	    2.02	  -12.29
368	  182.00	  182.00	  255.00	   72.72	    6.07	  -27.16
369	  182.00	  219.00	    0.00	   72.73	  -15.16	   85.60
370	  182.00	  219.00	   36.00	   72.81	  -22.03	   68.96
371	  182.00	  219.00	   73.00	   74.03	  -22.80	   51.37
372	  182.00	  219.00	  109.00	   75.63	  -20.24	   35.97
373	  182.00	  219.00	  146.00	   76.81	  -17.65	   21.22
374	  182.00	  219.00	  182.00	   77.38	  -13.13	    5.79
375	  182.00	  219.00	  219.00	   77.64	   -9.47	   -8.74
376	  182.00	  219.00	  255.00	   78.15	   -5.53	  -22.83
377	  182.00	  255.00	    0.00	   77.96	  -25.68	   89.85
378	  182.00	  255.00	   36.00	   78.21	  -34.06	   73.05
379	  182.00	  255.00	   73.00	   78.71	  -35.12	   55.88
380	  182.00	  255.00	  109.00	   79.50	  -33.10	   40.22
381	  182.00	  255.00	  146.00	   81.03	  -30.10	   25.19
382	  182.00	  255.00	  182.00	   82.47	  -25.35	   10.67
383	  182.00	  255.00	  219.00	   83.44	  -21.17	   -2.64
384	  182.00	  255.00	  255.00	   85.00	  -15.86	  -16.28
385	  219.00	    0.00	    0.00	   46.01	   67.40	   55.99
386	  219.00	    0.00	   36.00	   47.03	   68.72	   43.89
387	  219.00	    0.00	   73.00	   46.01	   70.06	   35.74
388	  219.00	    0.00	  109.00	   45.63	   71.29	   23.70
389	  219.00	    0.00	  146.00	   45.94	   72.10	   13.07
390	  219.00	    0.00	  182.00	   45.53	   73.60	    2.59
391	  219.00	    0.00	  219.00	   46.43	   75.77	   -6.79
392	  219.00	    0.00	  255.00	   49.04	   76.56	  -16.26
393	  219.00	   36.00	    0.00	   52.26	   54.20	   69.56
394	  219.00	   36.00	   36.00	   53.24	   52.49	   53.08
395	  219.00	   36.00	   73.00	   52.75	   54.26	   38.46
396	  219.00	   36.00	  109.00	   52.71	   55.88	   25.03
397	  219.00	   36.00	  146.00	   53.35	   58.18	   11.38
398	  219.00	   36.00	  182.00	   53.72	   61.83	   -2.17
399	  219.00	   36.00	  219.00	   54.74	   65.46	  -14.79
400	  219.00	   36.00	  255.00	   54.89	   67.56	  -25.38
401	  219.00	   73.00	    0.00	   58.57	   39.88	   75.82
402	  219.00	   73.00	   36.00	   58.93	   38.59	   57.95
403	  219.00	   73.00	   73.00	   58.80	   38.58	   41.15
404	  219.00	   73.00	  109.00	   59.13	   39.66	   27.22
405	  219.00	   73.00	  146.00	   60.42	   41.73	   12.66
406	  219.00	   73.00	  182.00	   61.26	   44.46	    0.26
407	  219.00	   73.00	  219.00	   62.60	   49.18	  -13.78
408	  219.00	   73.00	  255.00	   61.34	   53.11	  -27.28
409	  219.00	  109.00	    0.00	   63.02	   28.27	   80.65
410	  219.00	  109.00	   36.00	   63.90	   24.74	   61.55
411	  219.00	  109.00	   73.00	   64.46	   24.88	   45.22
412	  219.00	  109.00	  109.00	   65.10	   26.27	   31.10
413	  219.00	  109.00	  146.00	   66.29	   28.77	   16.89
414	  219.00	  109.00	  182.00	   66.92	   30.97	    2.61
415	  219.00	  109.00	  219.00	   68.61	   33.67	  -11.08
416	  219.00	  109.00	  255.00	   67.82	   40.35	  -25.55
417	  219.00	  146.00	    0.00	   68.79	   16.04	   85.85
418	  219.00	  146.00	   36.00	   69.54	   12.12	   67.21
419	  219.00	  146.00	   73.00	   69.76	   13.19	   50.08
420	  219.00	  146.00	  109.00	   71.35	   13.70	   35.99
421	  219.00	  146.00	  146.00	   72.48	   15.68	   21.15
422	  219.00	  146.00	  182.00	   72.91	   18.88	    7.19
423	  219.00	  146.00	  219.00	   73.26	   21.87	   -7.56
424	  219.00	  146.00	  255.00	   73.80	   27.58	  -21.69
425	  219.00	  182.00	    0.00	   73.37	    4.15	   90.71
426	  219.00	  182.00	   36.00	   74.15	    0.44	   72.86
427	  219.00	  182.00	   73.00	   75.42	    1.14	   55.46
428	  219.00	  182.00	  109.00	   75.69	    2.65	   41.22
429	  219.00	  182.00	  146.00	   76.43	    4.46	   24.70
430	  219.00	  182.00	  182.00	   76.71	    7.40	   10.10
431	  219.00	  182.00	  219.00	   78.21	   10.53	   -4.73
432	  219.00	  182.00	  255.00	   77.91	   14.20	  -19.25
433	  219.00	  219.00	    0.00	   78.50	   -4.97	   95.52
434	  219.00	  219.00	   36.00	   78.87	  -10.73	   78.18
435	  219.00	  219.00	   73.00	   79.64	  -10.85	   59.75
436	  219.00	  219.00	  109.00	   80.83	   -9.91	   44.23
437	  219.00	  219.00	  146.00	   81.43	   -7.63	   29.97
438	  219.00	  219.00	  182.00	   81.85	   -4.55	   15.36
439	  219.00	  219.00	  219.00	   82.75	   -0.27	   -0.30
440	  219.00	  219.00	  255.00	   82.67	    3.14	  -15.57
441	  219.00	  255.00	    0.00	   84.03	  -15.38	  100.15
442	  219.00	  255.00	   36.00	   84.33	  -22.34	   83.16
443	  219.00	  255.00	   73.00	   85.35	  -22.69	   65.03
444	  219.00	  255.00	  109.00	   85.92	  -21.60	   50.04
445	  219.00	  255.00	  146.00	   87.18	  -19.53	   34.99
446	  219.00	  255.00	  182.00	   87.76	  -16.15	   20.65
447	  219.00	  255.00	  219.00	   89.10	  -12.47	    4.36
448	  219.00	  255.00	  255.00	   90.09	   -8.30	   -8.95
449	  255.00	    0.00	    0.00	   51.56	   77.51	   69.31
450	  255.00	    0.00	   36.00	   51.08	   77.22	   54.51
451	  255.00	    0.00	   73.00	   50.65	   77.17	   43.35
452	  255.00	    0.00	  109.00	   49.58	   77.96	   33.69
453	  255.00	    0.00	  146.00	   50.01	   78.55	   22.90
454	  255.00	    0.00	  182.00	   49.15	   79.62	   12.24
455	  255.00	    0.00	  219.00	   49.58	   80.75	    3.30
456	  255.00	    0.00	  255.00	   51.47	   80.81	   -7.47
457	  255.00	   36.00	    0.00	   58.75	   63.78	   79.90
458	  255.00	   36.00	   36.00	   59.33	   62.03	   62.92
459	  255.00	   36.00	   73.00	   59.00	   62.42	   47.51
460	  255.00	   36.00	  109.00	   58.26	   64.07	   33.79
461	  255.00	   36.00	  146.00	   58.56	   65.51	   20.74
462	  255.00	   36.00	  182.00	   57.69	   68.85	    8.32
463	  255.00	   36.00	  219.00	   58.07	   70.90	   -5.24
464	  255.00	   36.00	  255.00	   57.63	   73.39	  -17.65
465	  255.00	   73.00	    0.00	   64.58	   49.33	   85.71
466	  255.00	   73.00	   36.00	   65.32	   47.27	   68.51
467	  255.00	   73.00	   73.00	   65.40	   46.86	   49.99
468	  255.00	   73.00	  109.00	   65.85	   48.65	   36.24
469	  255.00	   73.00	  146.00	   65.35	   51.18	   21.47
470	  255.00	   73.00	  182.00	   65.15	   54.28	    6.94
471	  255.00	   73.00	  219.00	   65.74	   56.68	   -7.67
472	  255.00	   73.00	  255.00	   65.38	   60.26	  -20.61
473	  255.00	  109.00	    0.00	   69.62	   37.69	   90.43
474	  255.00	  109.00	   36.00	   70.88	   34.37	   72.05
475	  255.00	  109.00	   73.00	   70.82	   35.28	   55.58
476	  255.00	  109.00	  109.00	   71.00	   36.11	   40.00
477	  255.00	  109.00	  146.00	   70.90	   38.32	   24.72
478	  255.00	  109.00	  182.00	   71.49	   40.44	    9.27
479	  255.00	  109.00	  219.00	   72.51	   42.44	   -5.15
480	  255.00	  109.00	  255.00	   71.83	   46.78	  -18.08
481	  255.00	  146.00	    0.00	   75.35	   24.76	   95.11
482	  255.00	  146.00	   36.00	   76.03	   22.13	   76.92
483	  255.00	  146.00	   73.00	   75.95	   21.83	   58.96
484	  255.00	  146.00	  109.00	   76.77	   23.47	   44.68
485	  255.00	  146.00	  146.00	   77.05	   24.70	   29.13
486	  255.00	  146.00	  182.00	   77.03	   26.51	   14.90
487	  255.00	  146.00	  219.00	   77.21	   30.86	   -1.21
488	  255.00	  146.00	  255.00	   77.57	   33.94	  -15.72
489	  255.00	  182.00	    0.00	   80.32	   14.60	  100.24
490	  255.00	  182.00	   36.00	   80.93	   10.35	   81.67
491	  255.00	  182.00	   73.00	   81.25	   10.95	   63.18
492	  255.00	  182.00	  109.00	   81.53	   12.20	   48.53
493	  255.00	  182.00	  146.00	   81.41	   13.93	   32.72
494	  255.00	  182.00	  182.00	   82.09	   15.65	   17.23
495	  255.00	  182.00	  219.00	   81.89	   18.96	    2.41
496	  255.00	  182.00	  255.00	   82.49	   22.49	  -12.20
497	  255.00	  219.00	    0.00	   84.27	    5.12	  105.00
498	  255.00	  219.00	   36.00	   85.68	   -1.22	   87.49
499	  255.00	  219.00	   73.00	   86.16	    0.08	   69.93
500	  255.00	  219.00	  109.00	   86.69	    0.62	   54.04
501	  255.00	  219.00	  146.00	   87.24	    1.90	   38.17
502	  255.00	  219.00	  182.00	   87.39	    4.11	   23.59
503	  255.00	  219.00	  219.00	   88.29	    7.20	    6.86
504	  255.00	  219.00	  255.00	   88.38	   10.40	   -7.11
505	  255.00	  255.00	    0.00	   89.16	   -6.48	  109.17
506	  255.00	  255.00	   36.00	   90.85	  -11.23	   89.02
507	  255.00	  255.00	   73.00	   91.29	  -11.19	   71.98
508	  255.00	  255.00	  109.00	   92.39	  -10.47	   56.54
509	  255.00	  255.00	  146.00	   92.86	   -8.83	   41.21
510	  255.00	  255.00	  182.00	   93.35	   -6.99	   26.26
511	  255.00	  255.00	  219.00	   94.40	   -4.39	   11.62
512	  255.00	  255.00	  255.00	   94.60	   -1.56	   -1.75
513	   18.00	   18.00	   18.00	    7.56	    5.64	   -0.75
514	   18.00	   18.00	   55.00	   11.01	   12.76	  -14.44
515	   18.00	   18.00	   91.00	   14.65	   20.28	  -26.12
516	   18.00	   18.00	  128.00	   17.17	   27.44	  -38.77
517	   18.00	   18.00	  164.00	   19.51	   34.84	  -50.50
518	   18.00	   18.00	  200.00	   22.92	   41.79	  -60.76
519	   18.00	   18.00	  237.00	   25.92	   50.60	  -70.96
520	   18.00	   55.00	   18.00	   14.42	  -10.39	    5.95
521	   18.00	   55.00	   55.00	   15.92	   -6.14	  -11.08
522	   18.00	   55.00	   91.00	   18.26	    0.82	  -25.35
523	   18.00	   55.00	  128.00	   20.37	    8.02	  -38.88
524	   18.00	   55.00	  164.00	   23.89	   14.35	  -51.33
525	   18.00	   55.00	  200.00	   27.04	   23.56	  -64.96
526	   18.00	   55.00	  237.00	   29.65	   31.75	  -75.23
527	   18.00	   91.00	   18.00	   22.30	  -24.35	   10.81
528	   18.00	   91.00	   55.00	   21.32	  -21.71	   -5.74
529	   18.00	   91.00	   91.00	   23.22	  -15.32	  -21.51
530	   18.00	   91.00	  128.00	   25.36	   -8.85	  -35.49
531	   18.00	   91.00	  164.00	   27.82	   -2.93	  -47.83
532	   18.00	   91.00	  200.00	   31.31	    5.61	  -60.97
533	   18.00	   91.00	  237.00	   33.62	   14.40	  -73.18
534	   18.00	  128.00	   18.00	   27.63	  -38.88	   15.67
535	   18.00	  128.00	   55.00	   28.35	  -37.19	   -0.69
536	   18.00	  128.00	   91.00	   29.10	  -32.33	  -15.93
537	   18.00	  128.00	  128.00	   31.58	  -26.42	  -30.05
538	   18.00	  128.00	  164.00	   34.63	  -18.81	  -43.49
539	   18.00	  128.00	  200.00	   37.40	  -11.73	  -56.08
540	   18.00	  128.00	  237.00	   39.10	   -3.53	  -67.74
541	   18.00	  164.00	   18.00	   33.82	  -52.72	   21.57
542	   18.00	  164.00	   55.00	   34.56	  -52.15	    4.22
543	   18.00	  164.00	   91.00	   35.71	  -48.21	  -10.39
544	   18.00	  164.00	  128.00	   38.17	  -42.91	  -24.01
545	   18.00	  164.00	  164.00	   39.49	  -34.72	  -38.45
546	   18.00	  164.00	  200.00	   42.68	  -28.40	  -49.92
547	   18.00	  164.00	  237.00	   44.36	  -19.92	  -63.52
548	   18.00	  200.00	   18.00	   40.71	  -66.21	   27.40
549	   18.00	  200.00	   55.00	   40.34	  -66.69	    9.03
550	   18.00	  200.00	   91.00	   41.35	  -63.21	   -5.11
551	   18.00	  200.00	  128.00	   42.68	  -55.30	  -20.47
552	   18.00	  200.00	  164.00	   44.83	  -48.21	  -33.39
553	   18.00	  200.00	  200.00	   47.73	  -42.40	  -44.07
554	   18.00	  200.00	  237.00	   49.18	  -34.53	  -57.29
555	   18.00	  237.00	   18.00	   47.55	  -76.50	   34.67
556	   18.00	  237.00	   55.00	   45.74	  -81.12	   16.36
557	   18.00	  237.00	   91.00	   46.00	  -77.57	    0.83
558	   18.00	  237.00	  128.00	   48.38	  -70.11	  -13.41
559	   18.00	  237.00	  164.00	   50.58	  -61.40	  -25.45
560	   18.00	  237.00	  200.00	   54.39	  -53.33	  -37.36
561	   18.00	  237.00	  237.00	   57.24	  -47.14	  -46.72
562	   55.00	   18.00	   18.00	   15.42	   16.85	    7.99
563	   55.00	   18.00	   55.00	   18.11	   22.15	   -4.82
564	   55.00	   18.00	   91.00	   21.10	   27.99	  -15.44
565	   55.00	   18.00	  128.00	   23.88	   34.03	  -28.17
566	   55.00	   18.00	  164.00	   26.51	   39.19	  -38.97
567	   55.00	   18.00	  200.00	   28.76	   45.58	  -50.29
568	   55.00	   18.00	  237.00	   32.06	   51.67	  -60.31
569	   55.00	   55.00	   18.00	   21.83	    2.20	   15.72
570	   55.00	   55.00	   55.00	   22.55	    4.28	   -2.05
571	   55.00	   55.00	   91.00	   26.94	   10.82	  -14.85
572	   55.00	   55.00	  128.00	   29.28	   15.91	  -28.06
573	   55.00	   55.00	  164.00	   32.77	   21.17	  -40.97
574	   55.00	   55.00	  200.00	   34.75	   28.28	  -53.83
575	   55.00	   55.00	  237.00	   36.98	   36.03	  -64.93
576	   55.00	   91.00	   18.00	   29.08	  -10.07	   21.36
577	   55.00	   91.00	   55.00	   29.81	   -8.76	    3.32
578	   55.00	   91.00	   91.00	   32.57	   -5.06	  -10.01
579	   55.00	   91.00	  128.00	   35.18	   -1.71	  -24.25
580	   55.00	   91.00	  164.00	   38.35	    4.31	  -37.24
581	   55.00	   91.00	  200.00	   41.01	   10.15	  -49.78
582	   55.00	   91.00	  237.00	   42.71	   18.03	  -60.53
583	   55.00	  128.00	   18.00	   34.38	  -25.59	   27.58
584	   55.00	  128.00	   55.00	   36.83	  -24.41	    9.93
585	   55.00	  128.00	   91.00	   39.43	  -20.99	   -5.68
586	   55.00	  128.00	  128.00	   40.94	  -17.47	  -20.10
587	   55.00	  128.00	  164.00	   43.11	  -11.54	  -32.11
588	   55.00	  128.00	  200.00	   46.19	   -5.43	  -44.78
589	   55.00	  128.00	  237.00	   47.90	    2.03	  -56.01
590	   55.00	  164.00	   18.00	   40.87	  -38.63	   33.46
591	   55.00	  164.00	   55.00	   43.33	  -40.08	   15.73
592	   55.00	  164.00	   91.00	   45.16	  -37.56	    0.51
593	   55.00	  164.00	  128.00	   47.89	  -34.28	  -12.55
594	   55.00	  164.00	  164.00	   49.02	  -27.65	  -25.87
595	   55.00	  164.00	  200.00	   51.06	  -22.03	  -39.26
596	   55.00	  164.00	  237.00	   52.72	  -14.26	  -51.55
597	   55.00	  200.00	   18.00	   47.40	  -53.56	   38.80
598	   55.00	  200.00	   55.00	   50.67	  -54.94	   22.02
599	   55.00	  200.00	   91.00	   51.60	  -53.06	    6.11
600	   55.00	  200.00	  128.00	   52.96	  -47.85	   -8.65
601	   55.00	  200.00	  164.00	   54.85	  -41.12	  -21.19
602	   55.00	  200.00	  200.00	   56.47	  -37.61	  -33.13
603	   55.00	  200.00	  237.00	   57.58	  -30.96	  -46.46
604	   55.00	  237.00	   18.00	   53.69	  -63.87	   45.99
605	   55.00	  237.00	   55.00	   54.94	  -68.14	   28.72
606	   55.00	  237.00	   91.00	   55.90	  -67.51	   12.93
607	   55.00	  237.00	  128.00	   58.01	  -62.03	   -0.92
608	   55.00	  237.00	  164.00	   59.99	  -55.03	  -14.54
609	   55.00	  237.00	  200.00	   62.97	  -46.84	  -26.51
610	   55.00	  237.00	  237.00	   65.12	  -41.87	  -36.37
611	   91.00	   18.00	   18.00	   23.58	   27.58	   18.67
612	   91.00	   18.00	   55.00	   24.83	   32.26	    5.17
613	   91.00	   18.00	   91.00	   26.88	   35.60	   -5.66
614	   91.00	   18.00	  128.00	   30.22	   39.90	  -17.62
615	   91.00	   18.00	  164.00	   31.76	   44.90	  -27.86
616	   91.00	   18.00	  200.00	   34.04	   48.92	  -38.85
617	   91.00	   18.00	  237.00	   36.51	   55.20	  -49.44
618	   91.00	   55.00	   18.00	   29.94	   12.18	   24.92
619	   91.00	   55.00	   55.00	   30.32	   13.98	    7.78
620	   91.00	   55.00	   91.00	   33.63	   18.11	   -4.93
621	   91.00	   55.00	  128.00	   36.61	   23.44	  -17.30
622	   91.00	   55.00	  164.00	   39.01	   27.96	  -29.98
623	   91.00	   55.00	  200.00	   41.08	   33.58	  -41.74
624	   91.00	   55.00	  237.00	   42.26	   38.67	  -53.03
625	   91.00	   91.00	   18.00	   36.15	   -0.74	   31.17
626	   91.00	   91.00	   55.00	   38.39	   -0.34	   14.48
627	   91.00	   91.00	   91.00	   37.93	    2.79	   -0.47
628	   91.00	   91.00	  128.00	   41.78	    7.23	  -13.09
629	   91.00	   91.00	  164.00	   44.70	   11.46	  -25.89
630	   91.00	   91.00	  200.00	   48.37	   16.57	  -38.51
631	   91.00	   91.00	  237.00	   48.50	   22.26	  -49.56
632	   91.00	  128.00	   18.00	   41.61	  -14.32	   38.50
633	   91.00	  128.00	   55.00	   43.85	  -14.07	   20.77
634	   91.00	  128.00	   91.00	   46.56	  -11.24	    5.24
635	   91.00	  128.00	  128.00	   48.49	   -8.49	   -8.89
636	   91.00	  128.00	  164.00	   51.33	   -4.11	  -19.68
637	   91.00	  128.00	  200.00	   52.70	    1.61	  -33.16
638	   91.00	  128.00	  237.00	   54.75	    6.99	  -44.90
639	   91.00	  164.00	   18.00	   48.46	  -28.02	   45.53
640	   91.00	  164.00	   55.00	   51.15	  -29.27	   27.12
641	   91.00	  164.00	   91.00	   53.27	  -26.37	   11.72
642	   91.00	  164.00	  128.00	   54.44	  -23.58	   -1.63
643	   91.00	  164.00	  164.00	   55.50	  -18.97	  -13.82
644	   91.00	  164.00	  200.00	   57.56	  -13.07	  -27.23
645	   91.00	  164.00	  237.00	   59.15	   -7.26	  -39.94
646	   91.00	  200.00	   18.00	   54.82	  -41.33	   50.99
647	   91.00	  200.00	   55.00	   56.40	  -42.74	   32.70
648	   91.00	  200.00	   91.00	   57.98	  -40.53	   17.44
649	   91.00	  200.00	  128.00	   58.96	  -36.45	    2.97
650	   91.00	  200.00	  164.00	   60.53	  -31.28	  -10.34
651	   91.00	  200.00	  200.00	   63.08	  -26.61	  -21.68
652	   91.00	  200.00	  237.00	   64.18	  -19.54	  -33.94
653	   91.00	  237.00	   18.00	   59.51	  -53.33	   56.56
654	   91.00	  237.00	   55.00	   60.68	  -56.57	   39.18
655	   91.00	  237.00	   91.00	   63.30	  -55.93	   23.21
656	   91.00	  237.00	  128.00	   64.90	  -51.52	    9.08
657	   91.00	  237.00	  164.00	   67.21	  -46.32	   -4.23
658	   91.00	  237.00	  200.00	   68.88	  -39.18	  -17.81
659	   91.00	  237.00	  237.00	   70.35	  -33.29	  -28.28
660	  128.00	   18.00	   18.00	   31.23	   37.31	   29.80
661	  128.00	   18.00	   55.00	   32.08	   41.09	   15.20
662	  128.00	   18.00	   91.00	   33.94	   43.47	    3.66
663	  128.00	   18.00	  128.00	   35.42	   46.35	   -7.31
664	  128.00	   18.00	  164.00	   37.28	   51.06	  -18.40
665	  128.00	   18.00	  200.00	   39.70	   54.28	  -28.72
666	  128.00	   18.00	  237.00	   40.48	   59.23	  -39.37
667	  128.00	   55.00	   18.00	   37.40	   22.38	   37.28
668	  128.00	   55.00	   55.00	   39.10	   23.37	   20.18
669	  128.00	   55.00	   91.00	   40.29	   26.12	    6.14
670	  128.00	   55.00	  128.00	   41.58	   29.83	   -6.85
671	  128.00	   55.00	  164.00	   44.04	   34.53	  -18.92
672	  128.00	   55.00	  200.00	   46.35	   39.08	  -31.69
673	  128.00	   55.00	  237.00	   46.60	   43.32	  -43.10
674	  128.00	   91.00	   18.00	   43.27	    8.35	   42.61
675	  128.00	   91.00	   55.00	   45.07	    8.99	   25.40
676	  128.00	   91.00	   91.00	   45.86	   10.76	   10.36
677	  128.00	   91.00	  128.00	   47.82	   14.76	   -3.45
678	  128.00	   91.00	  164.00	   50.74	   18.92	  -15.40
679	  128.00	   91.00	  200.00	   52.48	   22.59	  -28.51
680	  128.00	   91.00	  237.00	   52.86	   27.88	  -41.18
681	  128.00	  128.00	   18.00	   49.47	   -4.45	   49.72
682	  128.00	  128.00	   55.00	   51.67	   -4.83	   31.85
683	  128.00	  128.00	   91.00	   52.12	   -2.80	   16.71
684	  128.00	  128.00	  128.00	   52.62	    0.75	    2.00
685	  128.00	  128.00	  164.00	   55.58	    4.43	  -11.32
686	  128.00	  128.00	  200.00	   57.93	    7.56	  -23.72
687	  128.00	  128.00	  237.00	   59.08	   13.41	  -36.88
688	  128.00	  164.00	   18.00	   55.58	  -16.93	   56.78
689	  128.00	  164.00	   55.00	   56.71	  -18.53	   37.96
690	  128.00	  164.00	   91.00	   57.85	  -16.33	   21.28
691	  128.00	  164.00	  128.00	   58.41	  -12.74	    7.12
692	  128.00	  164.00	  164.00	   60.37	   -9.18	   -5.25
693	  128.00	  164.00	  200.00	   62.50	   -5.14	  -19.21
694	  128.00	  164.00	  237.00	   63.92	    0.06	  -32.83
695	  128.00	  200.00	   18.00	   60.77	  -30.31	   61.31
696	  128.00	  200.00	   55.00	   61.85	  -31.69	   42.21
697	  128.00	  200.00	   91.00	   63.40	  -30.29	   26.40
698	  128.00	  200.00	  128.00	   64.26	  -26.36	   12.48
699	  128.00	  200.00	  164.00	   66.41	  -22.75	   -1.44
700	  128.00	  200.00	  200.00	   68.63	  -18.14	  -14.76
701	  128.00	  200.00	  237.00	   68.77	  -12.26	  -27.48
702	  128.00	  237.00	   18.00	   66.10	  -42.17	   66.43
703	  128.00	  237.00	   55.00	   67.36	  -45.66	   46.97
704	  128.00	  237.00	   91.00	   69.25	  -45.26	   32.42
705	  128.00	  237.00	  128.00	   71.31	  -41.16	   18.54
706	  128.00	  237.00	  164.00	   71.82	  -36.22	    4.51
707	  128.00	  237.00	  200.00	   73.09	  -31.40	  -10.06
708	  128.00	  237.00	  237.00	   74.49	  -25.53	  -23.24
709	  164.00	   18.00	   18.00	   39.00	   47.01	   40.32
710	  164.00	   18.00	   55.00	   39.90	   49.53	   25.40
711	  164.00	   18.00	   91.00	   40.97	   51.68	   14.08
712	  164.00	   18.00	  128.00	   41.02	   53.72	    2.30
713	  164.00	   18.00	  164.00	   41.66	   56.82	   -8.43
714	  164.00	   18.00	  200.00	   43.11	   59.75	  -18.74
715	  164.00	   18.00	  237.00	   45.01	   63.98	  -29.85
716	  164.00	   55.00	   18.00	   45.52	   31.63	   48.40
717	  164.00	   55.00	   55.00	   45.58	   32.37	   30.83
718	  164.00	   55.00	   91.00	   46.47	   34.42	   16.92
719	  164.00	   55.00	  128.00	   47.58	   37.11	    3.54
720	  164.00	   55.00	  164.00	   48.88	   41.15	   -7.98
721	  164.00	   55.00	  200.00	   50.49	   44.72	  -21.45
722	  164.00	   55.00	  237.00	   50.79	   48.52	  -34.56
723	  164.00	   91.00	   18.00	   50.90	   18.94	   55.42
724	  164.00	   91.00	   55.00	   51.31	   17.59	   36.03
725	  164.00	   91.00	   91.00	   52.18	   19.05	   20.99
726	  164.00	   91.00	  128.00	   53.24	   21.62	    7.63
727	  164.00	   91.00	  164.00	   55.86	   25.05	   -4.90
728	  164.00	   91.00	  200.00	   56.74	   29.45	  -18.95
729	  164.00	   91.00	  237.00	   57.34	   33.69	  -32.41
730	  164.00	  128.00	   18.00	   56.73	    5.31	   60.80
731	  164.00	  128.00	   55.00	   56.90	    4.19	   41.58
732	  164.00	  128.00	   91.00	   57.75	    4.58	   26.56
733	  164.00	  128.00	  128.00	   58.74	    8.19	   11.26
734	  164.00	  128.00	  164.00	   60.90	   11.44	   -1.18
735	  164.00	  128.00	  200.00	   62.44	   16.08	  -15.14
736	  164.00	  128.00	  237.00	   63.64	   19.95	  -28.81
737	  164.00	  164.00	   18.00	   60.94	   -6.72	   65.45
738	  164.00	  164.00	   55.00	   62.53	   -7.93	   47.60
739	  164.00	  164.00	   91.00	   63.32	   -6.32	   31.98
740	  164.00	  164.00	  128.00	   63.96	   -4.31	   16.91
741	  164.00	  164.00	  164.00	   65.54	   -0.60	    2.85
742	  164.00	  164.00	  200.00	   67.44	    2.99	  -11.23
743	  164.00	  164.00	  237.00	   68.66	    7.62	  -24.57
744	  164.00	  200.00	   18.00	   66.37	  -17.90	   70.29
745	  164.00	  200.00	   55.00	   68.29	  -20.94	   53.15
746	  164.00	  200.00	   91.00	   68.86	  -19.55	   36.58
747	  164.00	  200.00	  128.00	   70.29	  -16.68	   22.39
748	  164.00	  200.00	  164.00	   71.32	  -13.78	    7.26
749	  164.00	  200.00	  200.00	   73.76	   -9.69	   -6.49
750	  164.00	  200.00	  237.00	   73.12	   -5.43	  -20.94
751	  164.00	  237.00	   18.00	   72.85	  -30.64	   76.11
752	  164.00	  237.00	   55.00	   73.30	  -34.36	   57.57
753	  164.00	  237.00	   91.00	   74.93	  -33.60	   41.39
754	  164.00	  237.00	  128.00	   75.79	  -30.57	   26.48
755	  164.00	  237.00	  164.00	   76.89	  -26.41	   11.54
756	  164.00	  237.00	  200.00	   77.79	  -21.89	   -2.72
757	  164.00	  237.00	  237.00	   78.10	  -17.64	  -15.94
758	  200.00	   18.00	   18.00	   46.23	   55.69	   50.97
759	  200.00	   18.00	   55.00	   45.52	   57.37	   36.14
760	  200.00	   18.00	   91.00	   46.62	   59.58	   24.62
761	  200.00	   18.00	  128.00	   46.78	   60.73	   12.66
762	  200.00	   18.00	  164.00	   47.08	   63.47	    0.04
763	  200.00	   18.00	  200.00	   47.99	   66.24	  -10.38
764	  200.00	   18.00	  237.00	   48.85	   69.26	  -21.12
765	  200.00	   55.00	   18.00	   51.53	   40.99	   59.15
766	  200.00	   55.00	   55.00	   52.02	   41.46	   41.43
767	  200.00	   55.00	   91.00	   52.98	   42.11	   27.53
768	  200.00	   55.00	  128.00	   54.02	   44.07	   13.99
769	  200.00	   55.00	  164.00	   53.61	   47.72	    0.12
770	  200.00	   55.00	  200.00	   55.44	   52.10	  -12.12
771	  200.00	   55.00	  237.00	   55.95	   54.87	  -26.58
772	  200.00	   91.00	   18.00	   57.58	   27.49	   64.43
773	  200.00	   91.00	   55.00	   58.15	   26.31	   46.03
774	  200.00	   91.00	   91.00	   58.51	   27.85	   30.92
775	  200.00	   91.00	  128.00	   59.69	   29.49	   17.19
776	  200.00	   91.00	  164.00	   60.72	   32.25	    2.86
777	  200.00	   91.00	  200.00	   61.71	   35.61	   -9.77
778	  200.00	   91.00	  237.00	   62.76	   38.93	  -23.66
779	  200.00	  128.00	   18.00	   62.45	   14.89	   70.18
780	  200.00	  128.00	   55.00	   63.51	   13.65	   50.83
781	  200.00	  128.00	   91.00	   64.32	   14.45	   36.50
782	  200.00	  128.00	  128.00	   65.43	   16.51	   22.20
783	  200.00	  128.00	  164.00	   66.80	   18.69	    7.68
784	  200.00	  128.00	  200.00	   67.73	   23.18	   -6.38
785	  200.00	  128.00	  237.00	   68.56	   26.58	  -20.06
786	  200.00	  164.00	   18.00	   67.35	    2.82	   73.99
787	  200.00	  164.00	   55.00	   68.55	    1.60	   56.49
788	  200.00	  164.00	   91.00	   69.69	    1.88	   41.10
789	  200.00	  164.00	  128.00	   71.25	    3.74	   26.18
790	  200.00	  164.00	  164.00	   71.90	    6.58	   11.18
791	  200.00	  164.00	  200.00	   72.31	   10.30	   -3.24
792	  200.00	  164.00	  237.00	   72.85	   14.02	  -17.60
793	  200.00	  200.00	   18.00	   72.52	   -8.40	   79.19
794	  200.00	  200.00	   55.00	   74.13	  -10.70	   61.92
795	  200.00	  200.00	   91.00	   74.53	   -9.82	   45.91
796	  200.00	  200.00	  128.00	   75.90	   -7.79	   30.62
797	  200.00	  200.00	  164.00	   76.51	   -4.59	   15.13
798	  200.00	  200.00	  200.00	   76.56	   -1.26	    0.62
799	  200.00	  200.00	  237.00	   77.85	    2.42	  -14.18
800	  200.00	  237.00	   18.00	   78.44	  -19.85	   84.26
801	  200.00	  237.00	   55.00	   78.43	  -23.05	   65.15
802	  200.00	  237.00	   91.00	   79.71	  -22.08	   49.89
803	  200.00	  237.00	  128.00	   80.36	  -20.11	   33.93
804	  200.00	  237.00	  164.00	   81.40	  -16.88	   19.58
805	  200.00	  237.00	  200.00	   82.57	  -12.73	    4.90
806	  200.00	  237.00	  237.00	   82.88	   -9.27	   -9.54
807	  237.00	   18.00	   18.00	   52.79	   65.04	   61.54
808	  237.00	   18.00	   55.00	   53.38	   64.10	   47.53
809	  237.00	   18.00	   91.00	   52.84	   65.85	   35.58
810	  237.00	   18.00	  128.00	   53.08	   67.19	   23.30
811	  237.00	   18.00	  164.00	   53.08	   68.79	   10.16
812	  237.00	   18.00	  200.00	   52.37	   71.80	   -2.38
813	  237.00	   18.00	  237.00	   52.99	   74.29	  -13.80
814	  237.00	   55.00	   18.00	   59.02	   48.82	   71.01
815	  237.00	   55.00	   55.00	   59.78	   48.19	   52.42
816	  237.00	   55.00	   91.00	   60.03	   48.93	   37.15
817	  237.00	   55.00	  128.00	   60.43	   50.56	   24.03
818	  237.00	   55.00	  164.00	   60.44	   53.28	    9.87
819	  237.00	   55.00	  200.00	   60.08	   56.33	   -3.20
820	  237.00	   55.00	  237.00	   61.32	   60.11	  -16.43
821	  237.00	   91.00	   18.00	   65.11	   35.83	   74.58
822	  237.00	   91.00	   55.00	   64.72	   35.49	   56.21
823	  237.00	   91.00	   91.00	   65.37	   36.37	   40.47
824	  237.00	   91.00	  128.00	   65.42	   38.24	   26.70
825	  237.00	   91.00	  164.00	   66.37	   39.10	   11.88
826	  237.00	   91.00	  200.00	   66.76	   42.35	   -1.85
827	  237.00	   91.00	  237.00	   68.10	   46.24	  -15.51
828	  237.00	  128.00	   18.00	   69.76	   23.36	   79.88
829	  237.00	  128.00	   55.00	   70.12	   22.84	   60.22
830	  237.00	  128.00	   91.00	   70.47	   23.02	   45.49
831	  237.00	  128.00	  128.00	   71.32	   24.83	   29.28
832	  237.00	  128.00	  164.00	   71.64	   26.92	   16.46
833	  237.00	  128.00	  200.00	   72.72	   29.83	    2.38
834	  237.00	  128.00	  237.00	   72.97	   34.28	  -13.53
835	  237.00	  164.00	   18.00	   74.10	   11.58	   83.01
836	  237.00	  164.00	   55.00	   74.93	   11.27	   63.85
837	  237.00	  164.00	   91.00	   74.89	   12.99	   48.07
838	  237.00	  164.00	  128.00	   76.41	   13.32	   34.11
839	  237.00	  164.00	  164.00	   76.79	   15.43	   19.28
840	  237.00	  164.00	  200.00	   76.94	   17.83	    5.54
841	  237.00	  164.00	  237.00	   77.57	   23.00	   -9.78
842	  237.00	  200.00	   18.00	   79.73	    0.73	   89.68
843	  237.00	  200.00	   55.00	   80.04	    0.00	   69.58
844	  237.00	  200.00	   91.00	   80.38	    0.84	   54.44
845	  237.00	  200.00	  128.00	   80.82	    2.82	   38.58
846	  237.00	  200.00	  164.00	   81.56	    4.47	   24.22
847	  237.00	  200.00	  200.00	   82.14	    6.57	    9.03
848	  237.00	  200.00	  237.00	   82.26	   10.34	   -5.97
849	  237.00	  237.00	   18.00	   84.38	   -8.57	   95.12
850	  237.00	  237.00	   55.00	   85.22	  -10.17	   76.35
851	  237.00	  237.00	   91.00	   85.56	   -9.73	   61.46
852	  237.00	  237.00	  128.00	   86.53	   -8.88	   45.64
853	  237.00	  237.00	  164.00	   86.72	   -7.23	   30.62
854	  237.00	  237.00	  200.00	   87.32	   -5.31	   14.67
855	  237.00	  237.00	  237.00	   89.71	   -0.70	   -0.56
856	    8.00	    0.00	    0.00	    2.77	    2.49	    1.62
857	    0.00	    8.00	    0.00	    3.80	   -3.36	    2.11
858	    0.00	    0.00	    8.00	    2.78	    1.52	   -1.72
859	    9.00	    9.00	    9.00	    4.68	    2.91	   -0.06
860	   17.00	    5.00	    5.00	    5.50	    6.38	    2.70
861	    5.00	   17.00	    5.00	    5.74	   -3.23	    2.05
862	    5.00	    5.00	   17.00	    4.64	    5.09	   -3.63
863	   26.00	   14.00	   14.00	    8.43	    9.91	    2.02
864	   14.00	   26.00	   14.00	    8.23	   -1.35	    1.29
865	   14.00	   14.00	   26.00	    7.22	    7.35	   -4.94
866	   27.00	   27.00	   27.00	   10.52	    6.36	   -1.48
867	   35.00	   23.00	   23.00	   11.20	   10.45	    1.60
868	   23.00	   35.00	   23.00	   10.76	   -0.70	    0.62
869	   23.00	   23.00	   35.00	   10.05	    7.99	   -5.89
870	   44.00	   32.00	   32.00	   15.00	    9.35	    1.56
871	   32.00	   44.00	   32.00	   14.32	    0.33	    1.14
872	   32.00	   32.00	   44.00	   12.80	    8.08	   -6.11
873	   46.00	   46.00	   46.00	   18.78	    4.97	   -1.74
874	   54.00	   42.00	   42.00	   19.97	    8.20	    1.12
875	   42.00	   54.00	   42.00	   19.31	   -0.14	    0.61
876	   42.00	   42.00	   54.00	   18.13	    7.39	   -6.19
877	   63.00	   51.00	   51.00	   23.41	    7.62	    1.28
878	   51.00	   63.00	   51.00	   22.74	   -0.56	   -0.06
879	   51.00	   51.00	   63.00	   22.63	    6.57	   -6.33
880	   64.00	   64.00	   64.00	   26.44	    3.90	   -1.62
881	   72.00	   60.00	   60.00	   26.84	    6.90	    1.58
882	   60.00	   72.00	   60.00	   26.68	   -1.09	   -0.16
883	   60.00	   60.00	   72.00	   26.28	    5.64	   -6.27
884	   81.00	   69.00	   69.00	   30.94	    7.14	    1.74
885	   69.00	   81.00	   69.00	   31.15	   -0.81	   -0.05
886	   69.00	   69.00	   81.00	   30.74	    5.18	   -5.94
887	   82.00	   82.00	   82.00	   34.25	    3.41	   -0.98
888	   90.00	   78.00	   78.00	   35.13	    6.45	    2.40
889	   78.00	   90.00	   78.00	   34.71	   -1.06	    0.31
890	   78.00	   78.00	   90.00	   34.37	    4.72	   -5.61
891	   99.00	   87.00	   87.00	   38.60	    6.07	    2.84
892	   87.00	   99.00	   87.00	   38.93	   -1.64	    1.05
893	   87.00	   87.00	   99.00	   38.17	    4.89	   -5.40
894	  100.00	  100.00	  100.00	   41.79	    2.28	    0.57
895	  108.00	   96.00	   96.00	   42.50	    4.79	    3.68
896	   96.00	  108.00	   96.00	   42.08	   -1.87	    1.02
897	   96.00	   96.00	  108.00	   41.78	    4.10	   -4.64
898	  117.00	  105.00	  105.00	   45.78	    4.13	    3.77
899	  105.00	  117.00	  105.00	   46.01	   -2.64	    1.74
900	  105.00	  105.00	  117.00	   45.36	    3.22	   -3.86
901	  118.00	  118.00	  118.00	   48.31	    1.20	    1.52
902	  126.00	  114.00	  114.00	   49.08	    4.02	    4.41
903	  114.00	  126.00	  114.00	   49.72	   -2.97	    2.86
904	  114.00	  114.00	  126.00	   48.10	    2.72	   -3.36
905	  136.00	  124.00	  124.00	   52.42	    3.39	    4.97
906	  124.00	  136.00	  124.00	   53.53	   -2.97	    3.60
907	  124.00	  124.00	  136.00	   51.85	    2.04	   -2.39
908	  137.00	  137.00	  137.00	   55.58	    0.02	    2.61
909	  145.00	  133.00	  133.00	   55.97	    2.99	    5.29
910	  133.00	  145.00	  133.00	   56.46	   -3.74	    4.38
911	  133.00	  133.00	  145.00	   55.60	    1.65	   -3.18
912	  154.00	  142.00	  142.00	   59.54	    2.59	    5.57
913	  142.00	  154.00	  142.00	   58.99	   -3.97	    4.43
914	  142.00	  142.00	  154.00	   58.54	    1.40	   -2.83
915	  155.00	  155.00	  155.00	   62.19	    0.01	    2.54
916	  163.00	  151.00	  151.00	   62.72	    2.42	    5.51
917	  151.00	  163.00	  151.00	   62.86	   -4.22	    4.19
918	  151.00	  151.00	  163.00	   61.60	    0.81	   -1.64
919	  172.00	  160.00	  160.00	   66.02	    1.71	    5.44
920	  160.00	  172.00	  160.00	   65.93	   -4.57	    4.05
921	  160.00	  160.00	  172.00	   64.71	    0.95	   -1.24
922	  173.00	  173.00	  173.00	   68.04	   -0.72	    2.38
923	  181.00	  169.00	  169.00	   68.25	    2.16	    5.26
924	  169.00	  181.00	  169.00	   69.04	   -4.24	    4.12
925	  169.00	  169.00	  181.00	   68.28	    0.35	   -1.59
926	  190.00	  178.00	  178.00	   71.50	    1.97	    4.64
927	  178.00	  190.00	  178.00	   72.01	   -4.89	    3.34
928	  178.00	  178.00	  190.00	   71.07	    0.82	   -2.55
929	  191.00	  191.00	  191.00	   73.47	   -0.98	    0.71
930	  199.00	  187.00	  187.00	   74.48	    1.70	    3.79
931	  187.00	  199.00	  187.00	   74.58	   -5.14	    2.80
932	  187.00	  187.00	  199.00	   73.19	    0.47	   -3.18
933	  208.00	  196.00	  196.00	   76.58	    1.71	    3.57
934	  196.00	  208.00	  196.00	   77.59	   -5.15	    2.41
935	  196.00	  196.00	  208.00	   76.24	    0.29	   -4.31
936	  209.00	  209.00	  209.00	   79.15	   -0.78	    0.01
937	  217.00	  205.00	  205.00	   80.07	    1.63	    2.89
938	  205.00	  217.00	  205.00	   79.48	   -4.95	    2.26
939	  205.00	  205.00	  217.00	   78.48	    0.51	   -5.18
940	  227.00	  215.00	  215.00	   83.14	    1.61	    2.13
941	  215.00	  227.00	  215.00	   83.39	   -4.44	    1.66
942	  215.00	  215.00	  227.00	   81.51	    0.34	   -4.97
943	  228.00	  228.00	  228.00	   85.72	   -0.68	   -0.37
944	  236.00	  224.00	  224.00	   86.58	    1.07	    2.16
945	  224.00	  236.00	  224.00	   86.39	   -3.91	    1.52
946	  224.00	  224.00	  236.00	   85.01	    1.04	   -5.56
947	  245.00	  233.00	  233.00	   89.65	    2.01	    1.61
948	  233.00	  245.00	  233.00	   89.55	   -3.89	    1.00
949	  233.00	  233.00	  245.00	   88.39	    0.95	   -5.74
950	  246.00	  246.00	  246.00	   92.10	   -0.60	   -1.75
951	  254.00	  242.00	  242.00	   92.62	    1.43	    0.54
952	  242.00	  254.00	  242.00	   92.65	   -4.14	    0.38
953	  242.00	  242.00	  254.00	   91.18	    0.15	   -5.62
954	    0.00	    0.00	    0.00	    1.95	   -1.42	    1.18
955	    0.00	    0.00	    0.00	    1.67	   -1.43	    1.12
956	  255.00	  255.00	  255.00	   94.26	   -1.19	   -2.24
957	  255.00	  255.00	  255.00	   94.82	   -1.61	   -1.68
END_DATA
