NUMBER_OF_FIELDS 4
BEGIN_DATA_FORMAT
SampleID	RGB_R	RGB_G	RGB_B
END_DATA_FORMAT

NUMBER_OF_SETS	1914
BEGIN_DATA
1	 44.00	117.00	  0.00
2	  3.00	114.00	 97.00
3	110.00	100.00	 53.00
4	 51.00	 54.00	  0.00
5	120.00	 54.00	  0.00
6	111.00	112.00	116.00
7	 57.00	 53.00	 55.00
8	  0.00	 24.00	  2.00
9	115.00	  1.00	189.00
10	  3.00	  0.00	  0.00
11	 51.00	255.00	204.00
12	128.00	128.00	200.00
13	116.00	 87.00	134.00
14	 83.00	 88.00	139.00
15	180.00	134.00	 42.00
16	255.00	  0.00	182.00
17	  7.00	 59.00	 60.00
18	219.00	 36.00	 73.00
19	237.00	 55.00	200.00
20	164.00	237.00	 91.00
21	146.00	 36.00	255.00
22	228.00	175.00	239.00
23	200.00	200.00	 18.00
24	128.00	 91.00	237.00
25	 63.00	 51.00	 51.00
26	109.00	182.00	182.00
27	182.00	182.00	146.00
28	131.00	101.00	203.00
29	158.00	167.00	223.00
30	179.00	128.00	230.00
31	255.00	  0.00	219.00
32	146.00	109.00	146.00
33	182.00	219.00	 36.00
34	146.00	146.00	146.00
35	  0.00	 65.00	 46.00
36	116.00	138.00	150.00
37	 67.00	 74.00	 41.00
38	 73.00	219.00	255.00
39	142.00	154.00	142.00
40	193.00	137.00	173.00
41	 36.00	182.00	146.00
42	128.00	128.00	230.00
43	 55.00	 18.00	 55.00
44	219.00	255.00	 36.00
45	255.00	153.00	102.00
46	  0.00	109.00	182.00
47	 36.00	255.00	146.00
48	102.00	  0.00	102.00
49	182.00	255.00	 73.00
50	116.00	180.00	 48.00
51	 55.00	128.00	200.00
52	 73.00	 73.00	109.00
53	  5.00	  0.00	 40.00
54	 36.00	 36.00	  0.00
55	225.00	255.00	205.00
56	 36.00	 73.00	 73.00
57	 55.00	164.00	200.00
58	 30.00	 30.00	 30.00
59	200.00	143.00	180.00
60	  7.00	190.00	185.00
61	230.00	230.00	230.00
62	186.00	182.00	211.00
63	102.00	255.00	204.00
64	 73.00	  0.00	  0.00
65	102.00	 51.00	204.00
66	237.00	 91.00	164.00
67	 25.00	 89.00	208.00
68	161.00	197.00	210.00
69	 51.00	153.00	 51.00
70	 92.00	152.00	 40.00
71	200.00	128.00	164.00
72	146.00	  0.00	146.00
73	 36.00	182.00	219.00
74	148.00	155.00	114.00
75	  3.00	 84.00	112.00
76	109.00	255.00	182.00
77	204.00	153.00	  0.00
78	204.00	102.00	255.00
79	219.00	219.00	219.00
80	 91.00	 91.00	128.00
81	153.00	220.00	162.00
82	237.00	 91.00	 91.00
83	 68.00	 75.00	126.00
84	102.00	189.00	232.00
85	 73.00	255.00	  0.00
86	  0.00	255.00	219.00
87	 73.00	146.00	109.00
88	182.00	182.00	  0.00
89	196.00	 71.00	  5.00
90	182.00	109.00	 73.00
91	230.00	230.00	128.00
92	128.00	 26.00	 26.00
93	204.00	204.00	 51.00
94	219.00	219.00	109.00
95	 36.00	109.00	219.00
96	255.00	 73.00	  0.00
97	182.00	109.00	255.00
98	 75.00	114.00	 64.00
99	132.00	 60.00	102.00
100	 73.00	109.00	146.00
101	128.00	237.00	128.00
102	  0.00	182.00	146.00
103	 19.00	 84.00	 68.00
104	244.00	161.00	  9.00
105	255.00	219.00	146.00
106	219.00	146.00	109.00
107	  0.00	 36.00	255.00
108	164.00	237.00	128.00
109	  0.00	146.00	109.00
110	 73.00	  0.00	182.00
111	 73.00	219.00	 73.00
112	230.00	230.00	230.00
113	 29.00	 52.00	208.00
114	  0.00	 17.00	 53.00
115	  5.00	  5.00	  5.00
116	146.00	182.00	109.00
117	219.00	 36.00	  0.00
118	255.00	255.00	109.00
119	116.00	  8.00	 44.00
120	121.00	 89.00	158.00
121	 55.00	 55.00	164.00
122	109.00	 36.00	 73.00
123	200.00	128.00	 91.00
124	  2.00	170.00	217.00
125	237.00	200.00	237.00
126	 18.00	 18.00	128.00
127	 26.00	 26.00	230.00
128	109.00	 73.00	 36.00
129	179.00	128.00	 77.00
130	 73.00	  0.00	 73.00
131	 18.00	164.00	164.00
132	 91.00	128.00	 55.00
133	 91.00	200.00	200.00
134	182.00	 36.00	255.00
135	164.00	 18.00	237.00
136	 77.00	128.00	179.00
137	182.00	182.00	 73.00
138	179.00	 26.00	230.00
139	 85.00	105.00	245.00
140	255.00	182.00	255.00
141	109.00	182.00	  0.00
142	219.00	 36.00	255.00
143	  0.00	 51.00	 51.00
144	 46.00	237.00	156.00
145	128.00	 89.00	 89.00
146	182.00	 73.00	255.00
147	118.00	248.00	254.00
148	 38.00	238.00	 14.00
149	225.00	210.00	 47.00
150	 96.00	 78.00	 68.00
151	103.00	 64.00	 64.00
152	255.00	  0.00	 36.00
153	 51.00	 51.00	 63.00
154	200.00	164.00	200.00
155	109.00	146.00	219.00
156	  0.00	255.00	153.00
157	179.00	230.00	 77.00
158	125.00	199.00	183.00
159	 51.00	153.00	  0.00
160	191.00	230.00	191.00
161	  2.00	 39.00	241.00
162	228.00	228.00	228.00
163	183.00	  6.00	 50.00
164	 89.00	121.00	108.00
165	146.00	146.00	255.00
166	 29.00	 25.00	  3.00
167	129.00	182.00	 78.00
168	187.00	215.00	139.00
169	156.00	  0.00	 92.00
170	153.00	102.00	 51.00
171	 73.00	146.00	 73.00
172	109.00	182.00	146.00
173	181.00	169.00	169.00
174	 28.00	117.00	 77.00
175	  0.00	255.00	109.00
176	140.00	179.00	140.00
177	216.00	150.00	241.00
178	128.00	 91.00	 91.00
179	146.00	 36.00	109.00
180	204.00	 51.00	153.00
181	217.00	205.00	205.00
182	255.00	 51.00	 51.00
183	109.00	  0.00	 73.00
184	224.00	 21.00	103.00
185	255.00	 51.00	255.00
186	 14.00	 26.00	 14.00
187	182.00	  0.00	 36.00
188	146.00	  0.00	255.00
189	182.00	255.00	146.00
190	230.00	 26.00	 26.00
191	229.00	180.00	172.00
192	146.00	 73.00	109.00
193	 59.00	 34.00	 36.00
194	 55.00	 55.00	 91.00
195	255.00	120.00	113.00
196	  5.00	 17.00	  5.00
197	165.00	160.00	116.00
198	 51.00	 51.00	  0.00
199	 55.00	128.00	237.00
200	173.00	212.00	180.00
201	 73.00	146.00	255.00
202	 42.00	  6.00	210.00
203	255.00	204.00	  0.00
204	145.00	145.00	145.00
205	 55.00	164.00	 91.00
206	100.00	100.00	100.00
207	133.00	 87.00	106.00
208	128.00	179.00	 26.00
209	219.00	219.00	  0.00
210	 55.00	 91.00	128.00
211	 45.00	  6.00	 54.00
212	245.00	233.00	233.00
213	118.00	118.00	118.00
214	 26.00	 26.00	179.00
215	 55.00	 55.00	 55.00
216	255.00	146.00	255.00
217	 18.00	237.00	 18.00
218	244.00	  1.00	240.00
219	 89.00	 98.00	123.00
220	163.00	241.00	193.00
221	 14.00	 14.00	 26.00
222	138.00	 85.00	  4.00
223	200.00	 18.00	128.00
224	 36.00	182.00	109.00
225	107.00	 87.00	 70.00
226	 15.00	168.00	251.00
227	 18.00	 91.00	 91.00
228	219.00	146.00	182.00
229	255.00	 73.00	146.00
230	 73.00	219.00	 36.00
231	230.00	 77.00	230.00
232	  0.00	102.00	153.00
233	 56.00	 82.00	 64.00
234	  0.00	219.00	109.00
235	101.00	139.00	200.00
236	175.00	110.00	 95.00
237	 13.00	 13.00	 52.00
238	  0.00	  0.00	  0.00
239	182.00	255.00	109.00
240	219.00	255.00	109.00
241	175.00	152.00	215.00
242	 26.00	 14.00	 14.00
243	 46.00	 46.00	 46.00
244	  0.00	  0.00	109.00
245	  0.00	204.00	102.00
246	237.00	 18.00	 55.00
247	254.00	242.00	242.00
248	170.00	194.00	 42.00
249	146.00	219.00	255.00
250	 51.00	204.00	  0.00
251	 18.00	 55.00	 55.00
252	246.00	246.00	246.00
253	109.00	 73.00	255.00
254	 26.00	 26.00	 26.00
255	255.00	255.00	  0.00
256	 69.00	 81.00	 69.00
257	140.00	140.00	140.00
258	 98.00	133.00	 76.00
259	 48.00	102.00	 67.00
260	 55.00	237.00	237.00
261	 36.00	146.00	255.00
262	  0.00	109.00	  0.00
263	128.00	164.00	164.00
264	142.00	195.00	149.00
265	200.00	237.00	 18.00
266	237.00	237.00	237.00
267	 10.00	 20.00	 42.00
268	 77.00	 26.00	128.00
269	204.00	  0.00	 51.00
270	 91.00	164.00	128.00
271	109.00	255.00	255.00
272	204.00	102.00	  0.00
273	200.00	164.00	164.00
274	 35.00	214.00	 54.00
275	255.00	109.00	182.00
276	255.00	219.00	 36.00
277	 77.00	128.00	230.00
278	173.00	173.00	173.00
279	187.00	187.00	199.00
280	 84.00	210.00	248.00
281	102.00	102.00	255.00
282	128.00	128.00	 91.00
283	 51.00	255.00	255.00
284	191.00	191.00	230.00
285	 73.00	182.00	182.00
286	123.00	157.00	 22.00
287	  0.00	146.00	255.00
288	124.00	240.00	 35.00
289	237.00	 55.00	 91.00
290	 73.00	  0.00	255.00
291	 35.00	187.00	 96.00
292	 95.00	111.00	 71.00
293	  5.00	  5.00	 17.00
294	153.00	 51.00	 51.00
295	140.00	140.00	179.00
296	120.00	120.00	120.00
297	  0.00	 73.00	  0.00
298	200.00	164.00	 55.00
299	  0.00	 51.00	255.00
300	153.00	204.00	153.00
301	 26.00	230.00	230.00
302	255.00	182.00	182.00
303	217.00	255.00	217.00
304	 73.00	 57.00	169.00
305	128.00	200.00	200.00
306	 15.00	 61.00	  7.00
307	 73.00	182.00	219.00
308	 73.00	146.00	146.00
309	 91.00	237.00	237.00
310	 51.00	 51.00	102.00
311	 70.00	  5.00	  0.00
312	151.00	172.00	188.00
313	221.00	 21.00	147.00
314	214.00	166.00	213.00
315	 49.00	165.00	247.00
316	 18.00	237.00	128.00
317	 31.00	 90.00	252.00
318	219.00	182.00	  0.00
319	204.00	121.00	  1.00
320	179.00	 77.00	179.00
321	200.00	 18.00	 91.00
322	 77.00	179.00	 77.00
323	255.00	 36.00	 36.00
324	  0.00	  8.00	  0.00
325	 51.00	153.00	102.00
326	109.00	182.00	 36.00
327	125.00	215.00	 65.00
328	182.00	146.00	182.00
329	255.00	109.00	255.00
330	 36.00	  0.00	182.00
331	181.00	141.00	154.00
332	219.00	 73.00	219.00
333	 18.00	 77.00	 26.00
334	255.00	 36.00	146.00
335	182.00	 73.00	  0.00
336	 72.00	175.00	159.00
337	255.00	102.00	255.00
338	179.00	179.00	128.00
339	164.00	 55.00	200.00
340	 36.00	 36.00	146.00
341	 55.00	 91.00	 18.00
342	234.00	 79.00	  7.00
343	 51.00	255.00	153.00
344	200.00	 55.00	164.00
345	 51.00	102.00	255.00
346	128.00	 91.00	200.00
347	219.00	109.00	 73.00
348	200.00	 91.00	128.00
349	215.00	152.00	173.00
350	 73.00	182.00	109.00
351	 36.00	  0.00	 36.00
352	 73.00	 36.00	 73.00
353	182.00	109.00	146.00
354	153.00	204.00	  0.00
355	 82.00	 80.00	 41.00
356	 49.00	103.00	 82.00
357	255.00	 51.00	102.00
358	237.00	 55.00	 18.00
359	230.00	128.00	 77.00
360	153.00	 51.00	255.00
361	 40.00	 84.00	 69.00
362	 55.00	 18.00	128.00
363	128.00	179.00	128.00
364	 55.00	 91.00	164.00
365	206.00	 54.00	137.00
366	 99.00	 87.00	 87.00
367	255.00	255.00	153.00
368	230.00	 26.00	179.00
369	150.00	121.00	138.00
370	 54.00	 31.00	 80.00
371	  0.00	  0.00	 73.00
372	146.00	 36.00	146.00
373	219.00	109.00	255.00
374	 18.00	237.00	237.00
375	151.00	151.00	163.00
376	100.00	 72.00	 41.00
377	 18.00	128.00	200.00
378	200.00	 55.00	 91.00
379	 78.00	  0.00	108.00
380	  0.00	 36.00	  0.00
381	230.00	 77.00	 77.00
382	 51.00	255.00	  0.00
383	164.00	200.00	164.00
384	 26.00	179.00	 77.00
385	 73.00	 36.00	 36.00
386	219.00	182.00	219.00
387	255.00	255.00	 36.00
388	 45.00	 71.00	 77.00
389	109.00	109.00	219.00
390	109.00	117.00	109.00
391	204.00	  0.00	153.00
392	146.00	146.00	  0.00
393	226.00	150.00	154.00
394	219.00	  0.00	146.00
395	200.00	237.00	200.00
396	 60.00	 72.00	 60.00
397	 73.00	109.00	219.00
398	 73.00	219.00	109.00
399	 20.00	 20.00	 20.00
400	 59.00	 46.00	  0.00
401	102.00	204.00	 51.00
402	102.00	153.00	 51.00
403	253.00	202.00	237.00
404	224.00	236.00	224.00
405	173.00	138.00	152.00
406	204.00	255.00	255.00
407	219.00	109.00	146.00
408	207.00	201.00	190.00
409	109.00	109.00	255.00
410	200.00	237.00	 55.00
411	102.00	  0.00	204.00
412	138.00	157.00	105.00
413	  3.00	123.00	115.00
414	237.00	128.00	164.00
415	165.00	178.00	157.00
416	 31.00	223.00	111.00
417	164.00	 18.00	200.00
418	  8.00	 39.00	169.00
419	230.00	 78.00	 81.00
420	 73.00	255.00	146.00
421	 55.00	237.00	 18.00
422	182.00	  0.00	109.00
423	 26.00	179.00	 26.00
424	128.00	 77.00	179.00
425	  0.00	182.00	 36.00
426	219.00	 73.00	 36.00
427	224.00	224.00	236.00
428	146.00	 36.00	182.00
429	175.00	129.00	164.00
430	185.00	253.00	223.00
431	255.00	  0.00	  0.00
432	134.00	  9.00	218.00
433	182.00	182.00	219.00
434	109.00	182.00	 73.00
435	179.00	179.00	230.00
436	128.00	200.00	 91.00
437	 26.00	230.00	 77.00
438	 26.00	 77.00	128.00
439	  7.00	102.00	141.00
440	153.00	204.00	255.00
441	204.00	102.00	153.00
442	109.00	 36.00	219.00
443	222.00	219.00	219.00
444	 44.00	 32.00	 32.00
445	219.00	109.00	182.00
446	253.00	229.00	246.00
447	128.00	230.00	 77.00
448	182.00	  0.00	146.00
449	124.00	136.00	124.00
450	205.00	205.00	217.00
451	109.00	120.00	178.00
452	215.00	215.00	227.00
453	164.00	 18.00	 91.00
454	109.00	255.00	 73.00
455	  3.00	 54.00	 24.00
456	 48.00	 90.00	 42.00
457	230.00	 26.00	 77.00
458	208.00	166.00	232.00
459	 55.00	 91.00	237.00
460	204.00	255.00	102.00
461	  0.00	109.00	219.00
462	 91.00	237.00	 91.00
463	255.00	 73.00	182.00
464	204.00	102.00	 51.00
465	179.00	 26.00	128.00
466	146.00	  0.00	  0.00
467	219.00	182.00	109.00
468	128.00	128.00	128.00
469	 58.00	173.00	124.00
470	115.00	157.00	156.00
471	153.00	255.00	204.00
472	 91.00	128.00	200.00
473	237.00	 18.00	 18.00
474	128.00	128.00	128.00
475	 51.00	102.00	102.00
476	219.00	255.00	219.00
477	250.00	176.00	153.00
478	128.00	164.00	237.00
479	146.00	255.00	219.00
480	182.00	 36.00	 73.00
481	164.00	 55.00	 91.00
482	 91.00	 55.00	164.00
483	228.00	219.00	117.00
484	153.00	102.00	153.00
485	255.00	  0.00	255.00
486	164.00	237.00	 55.00
487	 91.00	237.00	164.00
488	 26.00	128.00	 26.00
489	153.00	  0.00	204.00
490	 51.00	204.00	255.00
491	200.00	183.00	 15.00
492	230.00	 26.00	230.00
493	 72.00	 13.00	 76.00
494	109.00	146.00	 73.00
495	204.00	102.00	204.00
496	  8.00	  0.00	  0.00
497	164.00	 55.00	 55.00
498	219.00	  0.00	182.00
499	182.00	 36.00	182.00
500	208.00	249.00	194.00
501	203.00	218.00	222.00
502	 36.00	109.00	 73.00
503	 15.00	 15.00	 15.00
504	 36.00	182.00	  0.00
505	255.00	219.00	  0.00
506	 46.00	 24.00	 94.00
507	254.00	110.00	228.00
508	100.00	100.00	100.00
509	 73.00	219.00	146.00
510	242.00	241.00	208.00
511	 77.00	128.00	 26.00
512	  0.00	255.00	255.00
513	200.00	128.00	128.00
514	 91.00	200.00	237.00
515	211.00	160.00	 70.00
516	109.00	255.00	109.00
517	 73.00	255.00	 36.00
518	 77.00	237.00	185.00
519	 18.00	 18.00	200.00
520	237.00	200.00	164.00
521	200.00	 91.00	 18.00
522	 36.00	109.00	146.00
523	  0.00	182.00	  0.00
524	 36.00	146.00	 36.00
525	 77.00	 77.00	128.00
526	179.00	175.00	107.00
527	249.00	188.00	111.00
528	236.00	224.00	224.00
529	240.00	240.00	240.00
530	229.00	200.00	160.00
531	 96.00	 52.00	116.00
532	250.00	250.00	250.00
533	 55.00	116.00	102.00
534	 26.00	128.00	128.00
535	179.00	 26.00	 77.00
536	219.00	219.00	 36.00
537	 55.00	 91.00	200.00
538	140.00	189.00	187.00
539	 40.00	 40.00	 40.00
540	164.00	128.00	 18.00
541	219.00	  0.00	255.00
542	237.00	164.00	 91.00
543	200.00	 17.00	170.00
544	182.00	 36.00	146.00
545	177.00	249.00	 81.00
546	 55.00	164.00	164.00
547	146.00	219.00	146.00
548	102.00	153.00	102.00
549	130.00	130.00	130.00
550	204.00	246.00	108.00
551	179.00	179.00	 77.00
552	200.00	 55.00	128.00
553	255.00	  0.00	109.00
554	155.00	196.00	167.00
555	 36.00	255.00	109.00
556	102.00	102.00	  0.00
557	153.00	255.00	 51.00
558	  0.00	255.00	146.00
559	 92.00	124.00	131.00
560	210.00	210.00	210.00
561	128.00	200.00	 55.00
562	 85.00	 85.00	 85.00
563	153.00	  0.00	255.00
564	109.00	219.00	146.00
565	 77.00	 26.00	179.00
566	103.00	157.00	 89.00
567	220.00	116.00	107.00
568	  9.00	  9.00	  9.00
569	200.00	 18.00	200.00
570	164.00	 91.00	 55.00
571	 55.00	164.00	 55.00
572	179.00	179.00	 26.00
573	106.00	131.00	 70.00
574	  0.00	 36.00	 73.00
575	164.00	237.00	237.00
576	200.00	237.00	164.00
577	197.00	133.00	217.00
578	146.00	 82.00	 34.00
579	141.00	130.00	197.00
580	 36.00	 73.00	  0.00
581	  0.00	  0.00	146.00
582	 36.00	219.00	 36.00
583	 61.00	120.00	 14.00
584	 36.00	219.00	  0.00
585	255.00	182.00	109.00
586	109.00	109.00	109.00
587	180.00	180.00	180.00
588	  0.00	  0.00	102.00
589	128.00	 18.00	237.00
590	255.00	 36.00	219.00
591	 28.00	 54.00	 67.00
592	164.00	 18.00	 18.00
593	 96.00	108.00	 96.00
594	 62.00	182.00	 28.00
595	146.00	109.00	  0.00
596	 42.00	 42.00	 54.00
597	219.00	 33.00	  9.00
598	 18.00	 55.00	164.00
599	 94.00	 51.00	 40.00
600	121.00	125.00	124.00
601	142.00	108.00	152.00
602	153.00	 51.00	153.00
603	237.00	 18.00	 91.00
604	153.00	255.00	153.00
605	146.00	  0.00	 36.00
606	 17.00	  9.00	 21.00
607	 90.00	255.00	126.00
608	204.00	148.00	202.00
609	255.00	153.00	204.00
610	 77.00	 77.00	 77.00
611	255.00	182.00	 36.00
612	237.00	 91.00	200.00
613	128.00	 91.00	 55.00
614	 64.00	103.00	 64.00
615	148.00	160.00	173.00
616	128.00	 91.00	164.00
617	 91.00	132.00	147.00
618	109.00	 73.00	182.00
619	  0.00	219.00	182.00
620	 73.00	  0.00	146.00
621	128.00	237.00	 55.00
622	102.00	204.00	  0.00
623	128.00	237.00	 91.00
624	 73.00	 36.00	  0.00
625	 97.00	110.00	 31.00
626	 77.00	179.00	179.00
627	 99.00	186.00	196.00
628	 18.00	128.00	 91.00
629	 91.00	 55.00	237.00
630	186.00	141.00	 93.00
631	 36.00	255.00	255.00
632	102.00	102.00	102.00
633	144.00	 98.00	122.00
634	  0.00	 73.00	219.00
635	  0.00	109.00	 36.00
636	128.00	230.00	128.00
637	 36.00	 73.00	255.00
638	128.00	 18.00	164.00
639	237.00	 55.00	237.00
640	 54.00	108.00	157.00
641	200.00	 91.00	 55.00
642	 18.00	 18.00	 91.00
643	255.00	204.00	153.00
644	  0.00	182.00	109.00
645	255.00	204.00	255.00
646	182.00	146.00	 73.00
647	153.00	 51.00	102.00
648	102.00	153.00	153.00
649	204.00	102.00	102.00
650	220.00	172.00	181.00
651	141.00	220.00	211.00
652	255.00	102.00	204.00
653	 41.00	 35.00	 37.00
654	146.00	255.00	 73.00
655	 55.00	128.00	128.00
656	 32.00	102.00	 91.00
657	102.00	204.00	153.00
658	201.00	 19.00	255.00
659	 18.00	237.00	 91.00
660	 73.00	255.00	109.00
661	153.00	  0.00	102.00
662	255.00	 36.00	109.00
663	 26.00	 77.00	179.00
664	150.00	246.00	255.00
665	  0.00	  0.00	 51.00
666	200.00	128.00	237.00
667	209.00	209.00	209.00
668	208.00	196.00	196.00
669	 87.00	 87.00	 99.00
670	136.00	124.00	124.00
671	164.00	128.00	 91.00
672	237.00	242.00	248.00
673	219.00	 36.00	219.00
674	200.00	 55.00	 55.00
675	255.00	255.00	 73.00
676	182.00	  0.00	219.00
677	 38.00	 38.00	 77.00
678	128.00	 26.00	230.00
679	109.00	 36.00	109.00
680	  0.00	255.00	 51.00
681	204.00	153.00	255.00
682	255.00	255.00	102.00
683	 16.00	132.00	155.00
684	 36.00	109.00	182.00
685	 75.00	 25.00	 19.00
686	 35.00	 35.00	 35.00
687	200.00	200.00	 91.00
688	  8.00	252.00	  1.00
689	 51.00	153.00	255.00
690	 36.00	 36.00	109.00
691	172.00	160.00	160.00
692	237.00	164.00	200.00
693	166.00	205.00	166.00
694	242.00	252.00	219.00
695	162.00	 56.00	 71.00
696	204.00	255.00	  0.00
697	 36.00	  0.00	219.00
698	 88.00	 76.00	215.00
699	 73.00	  0.00	109.00
700	237.00	237.00	 91.00
701	 72.00	 60.00	 60.00
702	167.00	 78.00	210.00
703	164.00	164.00	164.00
704	180.00	229.00	205.00
705	255.00	109.00	109.00
706	 55.00	 91.00	 55.00
707	237.00	164.00	 18.00
708	182.00	 36.00	219.00
709	109.00	109.00	 73.00
710	146.00	 73.00	  0.00
711	146.00	255.00	255.00
712	219.00	 73.00	255.00
713	146.00	109.00	 36.00
714	 18.00	237.00	164.00
715	164.00	164.00	128.00
716	200.00	164.00	237.00
717	165.00	213.00	148.00
718	 25.00	 72.00	 73.00
719	 81.00	 69.00	 69.00
720	137.00	137.00	137.00
721	219.00	  0.00	109.00
722	182.00	109.00	 36.00
723	  0.00	 73.00	146.00
724	 23.00	 35.00	 23.00
725	 36.00	255.00	 36.00
726	 73.00	 36.00	182.00
727	  0.00	102.00	  0.00
728	146.00	219.00	182.00
729	128.00	128.00	237.00
730	109.00	 36.00	182.00
731	 55.00	 55.00	 55.00
732	251.00	245.00	 25.00
733	 36.00	109.00	 36.00
734	109.00	109.00	 36.00
735	140.00	 33.00	193.00
736	253.00	197.00	222.00
737	230.00	128.00	128.00
738	237.00	200.00	 18.00
739	108.00	 96.00	 96.00
740	 95.00	163.00	161.00
741	255.00	255.00	255.00
742	249.00	227.00	200.00
743	182.00	182.00	182.00
744	109.00	 36.00	 36.00
745	 91.00	164.00	 55.00
746	 73.00	109.00	 36.00
747	215.00	215.00	215.00
748	 55.00	128.00	 18.00
749	 77.00	230.00	179.00
750	153.00	 51.00	204.00
751	  0.00	146.00	219.00
752	219.00	146.00	255.00
753	237.00	237.00	164.00
754	242.00	 83.00	255.00
755	237.00	237.00	200.00
756	 51.00	204.00	153.00
757	  0.00	 26.00	  0.00
758	164.00	164.00	 55.00
759	102.00	  0.00	153.00
760	 91.00	128.00	128.00
761	114.00	114.00	126.00
762	227.00	244.00	221.00
763	170.00	158.00	145.00
764	153.00	204.00	204.00
765	102.00	153.00	204.00
766	 36.00	  0.00	255.00
767	220.00	220.00	220.00
768	 18.00	 91.00	 18.00
769	178.00	186.00	198.00
770	 23.00	 23.00	 35.00
771	 51.00	 63.00	 51.00
772	230.00	191.00	191.00
773	 91.00	 18.00	200.00
774	  0.00	 36.00	146.00
775	 36.00	109.00	  0.00
776	219.00	 36.00	182.00
777	 55.00	200.00	 18.00
778	 36.00	146.00	 73.00
779	237.00	200.00	200.00
780	 60.00	 60.00	 72.00
781	128.00	 18.00	 55.00
782	 28.00	 83.00	 93.00
783	 51.00	102.00	204.00
784	128.00	237.00	164.00
785	 26.00	230.00	 26.00
786	 26.00	128.00	 77.00
787	 55.00	 18.00	164.00
788	164.00	200.00	237.00
789	  0.00	  0.00	  8.00
790	  0.00	204.00	  0.00
791	242.00	237.00	 85.00
792	 18.00	128.00	164.00
793	 52.00	 74.00	222.00
794	173.00	250.00	179.00
795	128.00	128.00	 18.00
796	200.00	 18.00	 55.00
797	 73.00	109.00	 73.00
798	128.00	230.00	179.00
799	255.00	109.00	146.00
800	 91.00	 55.00	128.00
801	 91.00	200.00	164.00
802	102.00	  0.00	 51.00
803	182.00	146.00	219.00
804	 56.00	 31.00	 41.00
805	 77.00	 77.00	 26.00
806	 40.00	 47.00	 79.00
807	 64.00	 64.00	 64.00
808	 91.00	128.00	237.00
809	  0.00	109.00	255.00
810	255.00	 51.00	204.00
811	230.00	 26.00	128.00
812	 91.00	164.00	 91.00
813	219.00	146.00	146.00
814	 91.00	 91.00	200.00
815	 91.00	164.00	200.00
816	115.00	177.00	105.00
817	146.00	 36.00	 73.00
818	 26.00	179.00	230.00
819	  0.00	102.00	255.00
820	 77.00	 51.00	 27.00
821	  1.00	170.00	105.00
822	 18.00	200.00	164.00
823	 80.00	 80.00	 80.00
824	255.00	 36.00	182.00
825	204.00	204.00	  0.00
826	219.00	  0.00	  0.00
827	 65.00	  4.00	181.00
828	255.00	  0.00	 51.00
829	200.00	 91.00	200.00
830	 51.00	 51.00	 51.00
831	 52.00	 71.00	 99.00
832	109.00	  0.00	146.00
833	102.00	102.00	204.00
834	 78.00	 78.00	 90.00
835	 51.00	204.00	204.00
836	 36.00	  0.00	109.00
837	153.00	102.00	102.00
838	  0.00	 73.00	255.00
839	 86.00	213.00	213.00
840	 26.00	 77.00	 77.00
841	 36.00	 73.00	182.00
842	219.00	219.00	146.00
843	237.00	128.00	 91.00
844	  0.00	255.00	 73.00
845	219.00	219.00	255.00
846	 91.00	178.00	 68.00
847	255.00	 36.00	255.00
848	109.00	182.00	219.00
849	255.00	255.00	182.00
850	255.00	146.00	 73.00
851	167.00	 98.00	141.00
852	 55.00	 55.00	237.00
853	206.00	234.00	 54.00
854	109.00	  0.00	255.00
855	 42.00	 54.00	 42.00
856	 90.00	 90.00	 90.00
857	204.00	255.00	204.00
858	124.00	138.00	131.00
859	109.00	 73.00	 73.00
860	  0.00	 73.00	 36.00
861	 66.00	248.00	235.00
862	200.00	128.00	200.00
863	 29.00	131.00	  5.00
864	179.00	 77.00	128.00
865	252.00	242.00	157.00
866	104.00	166.00	136.00
867	  0.00	204.00	204.00
868	237.00	 55.00	 55.00
869	 18.00	128.00	 18.00
870	133.00	145.00	133.00
871	 91.00	200.00	 18.00
872	129.00	147.00	135.00
873	 55.00	 55.00	128.00
874	237.00	128.00	200.00
875	 73.00	 73.00	 36.00
876	178.00	190.00	178.00
877	219.00	219.00	182.00
878	 91.00	 18.00	 18.00
879	 91.00	 55.00	 55.00
880	 38.00	 77.00	 38.00
881	240.00	234.00	182.00
882	 36.00	255.00	182.00
883	 55.00	128.00	164.00
884	 51.00	102.00	 51.00
885	247.00	193.00	 29.00
886	 73.00	 36.00	146.00
887	 18.00	  9.00	  4.00
888	 46.00	  5.00	255.00
889	 18.00	 81.00	 50.00
890	128.00	 26.00	128.00
891	109.00	146.00	146.00
892	 18.00	164.00	128.00
893	146.00	146.00	 36.00
894	193.00	  8.00	120.00
895	182.00	  0.00	255.00
896	 18.00	200.00	 18.00
897	  0.00	  0.00	255.00
898	 77.00	230.00	 77.00
899	 77.00	 38.00	 38.00
900	 36.00	255.00	219.00
901	235.00	235.00	235.00
902	 77.00	230.00	230.00
903	164.00	219.00	 20.00
904	185.00	 33.00	  0.00
905	 91.00	 18.00	 55.00
906	249.00	 43.00	 31.00
907	128.00	 55.00	128.00
908	 25.00	 25.00	 25.00
909	 73.00	 73.00	146.00
910	237.00	164.00	128.00
911	  0.00	109.00	109.00
912	255.00	102.00	153.00
913	 73.00	 73.00	  0.00
914	  0.00	255.00	  0.00
915	186.00	 47.00	242.00
916	174.00	231.00	223.00
917	182.00	146.00	 36.00
918	219.00	255.00	182.00
919	164.00	 91.00	 18.00
920	 50.00	 87.00	 87.00
921	204.00	 95.00	212.00
922	219.00	 73.00	  0.00
923	177.00	206.00	 85.00
924	 51.00	  0.00	153.00
925	164.00	200.00	200.00
926	182.00	 73.00	109.00
927	 36.00	255.00	 73.00
928	255.00	  0.00	153.00
929	200.00	164.00	128.00
930	255.00	153.00	255.00
931	171.00	248.00	 29.00
932	 91.00	237.00	 55.00
933	 13.00	 52.00	 13.00
934	164.00	 55.00	164.00
935	 36.00	109.00	255.00
936	255.00	 36.00	 73.00
937	109.00	219.00	182.00
938	  0.00	255.00	255.00
939	255.00	255.00	  0.00
940	255.00	  0.00	255.00
941	180.00	255.00	255.00
942	255.00	255.00	180.00
943	255.00	180.00	255.00
944	 50.00	 50.00	 50.00
945	100.00	100.00	100.00
946	150.00	150.00	150.00
947	200.00	200.00	200.00
948	  0.00	255.00	255.00
949	255.00	255.00	  0.00
950	255.00	  0.00	255.00
951	180.00	255.00	255.00
952	255.00	255.00	180.00
953	255.00	180.00	255.00
954	 50.00	 50.00	 50.00
955	100.00	100.00	100.00
956	150.00	150.00	150.00
957	200.00	200.00	200.00
958	230.00	128.00	179.00
959	150.00	150.00	150.00
960	 91.00	 55.00	200.00
961	  0.00	102.00	 51.00
962	 18.00	237.00	200.00
963	204.00	  0.00	204.00
964	176.00	234.00	164.00
965	200.00	200.00	128.00
966	196.00	208.00	196.00
967	 55.00	 18.00	237.00
968	205.00	205.00	205.00
969	 88.00	 92.00	 57.00
970	 51.00	255.00	102.00
971	237.00	128.00	237.00
972	204.00	204.00	102.00
973	255.00	109.00	 73.00
974	 88.00	  5.00	155.00
975	 89.00	128.00	 89.00
976	 98.00	246.00	 63.00
977	182.00	146.00	109.00
978	128.00	230.00	 26.00
979	200.00	 55.00	200.00
980	128.00	200.00	164.00
981	160.00	172.00	160.00
982	182.00	 73.00	 36.00
983	255.00	217.00	217.00
984	 56.00	127.00	121.00
985	182.00	  0.00	182.00
986	 51.00	  0.00	102.00
987	120.00	 34.00	146.00
988	128.00	 77.00	 77.00
989	128.00	 18.00	128.00
990	 91.00	237.00	200.00
991	 32.00	  1.00	131.00
992	  0.00	153.00	204.00
993	164.00	 18.00	164.00
994	 73.00	 36.00	219.00
995	 18.00	128.00	 55.00
996	  9.00	193.00	  5.00
997	 36.00	146.00	182.00
998	109.00	  0.00	182.00
999	109.00	146.00	  0.00
1000	187.00	199.00	187.00
1001	237.00	 18.00	200.00
1002	 55.00	200.00	200.00
1003	153.00	153.00	 51.00
1004	176.00	191.00	218.00
1005	186.00	195.00	250.00
1006	 63.00	 20.00	 67.00
1007	 91.00	 91.00	164.00
1008	219.00	 36.00	 36.00
1009	146.00	219.00	109.00
1010	255.00	146.00	182.00
1011	109.00	146.00	182.00
1012	 91.00	 18.00	 91.00
1013	128.00	200.00	 18.00
1014	 18.00	 55.00	237.00
1015	102.00	255.00	153.00
1016	 36.00	182.00	182.00
1017	 77.00	179.00	230.00
1018	153.00	118.00	131.00
1019	 36.00	  0.00	146.00
1020	 51.00	204.00	 51.00
1021	204.00	 51.00	  0.00
1022	255.00	  0.00	102.00
1023	 51.00	  0.00	 51.00
1024	237.00	164.00	237.00
1025	 51.00	  0.00	255.00
1026	216.00	247.00	174.00
1027	188.00	151.00	168.00
1028	164.00	 18.00	128.00
1029	  0.00	153.00	102.00
1030	200.00	 18.00	 18.00
1031	255.00	109.00	  0.00
1032	124.00	124.00	136.00
1033	182.00	182.00	 36.00
1034	219.00	109.00	109.00
1035	 73.00	109.00	  0.00
1036	250.00	188.00	243.00
1037	221.00	 57.00	103.00
1038	 63.00	181.00	200.00
1039	137.00	 68.00	218.00
1040	200.00	128.00	 55.00
1041	255.00	146.00	 36.00
1042	128.00	 26.00	179.00
1043	 16.00	 88.00	 36.00
1044	  0.00	146.00	  0.00
1045	 36.00	255.00	  0.00
1046	 24.00	 77.00	  9.00
1047	163.00	185.00	200.00
1048	164.00	 91.00	237.00
1049	  0.00	153.00	255.00
1050	 36.00	 36.00	 73.00
1051	 58.00	208.00	155.00
1052	102.00	204.00	255.00
1053	190.00	178.00	178.00
1054	 87.00	105.00	 92.00
1055	 36.00	248.00	 50.00
1056	 75.00	 51.00	  7.00
1057	102.00	204.00	204.00
1058	179.00	 26.00	179.00
1059	182.00	109.00	219.00
1060	164.00	 91.00	 91.00
1061	 73.00	182.00	  0.00
1062	165.00	 75.00	252.00
1063	  0.00	102.00	204.00
1064	  0.00	153.00	153.00
1065	237.00	237.00	 18.00
1066	200.00	200.00	200.00
1067	128.00	128.00	164.00
1068	182.00	  0.00	  0.00
1069	 55.00	237.00	128.00
1070	128.00	 55.00	 18.00
1071	102.00	 51.00	102.00
1072	140.00	 68.00	143.00
1073	 73.00	  0.00	219.00
1074	255.00	146.00	  0.00
1075	128.00	 18.00	200.00
1076	139.00	 25.00	106.00
1077	157.00	115.00	164.00
1078	219.00	109.00	 36.00
1079	182.00	 36.00	109.00
1080	 73.00	182.00	 36.00
1081	230.00	179.00	 77.00
1082	146.00	109.00	255.00
1083	128.00	200.00	237.00
1084	149.00	  1.00	  6.00
1085	219.00	 73.00	146.00
1086	200.00	200.00	200.00
1087	146.00	182.00	182.00
1088	204.00	255.00	153.00
1089	109.00	219.00	 73.00
1090	 55.00	164.00	237.00
1091	 91.00	237.00	128.00
1092	162.00	 11.00	121.00
1093	182.00	 73.00	219.00
1094	182.00	219.00	  0.00
1095	  0.00	  0.00	  0.00
1096	115.00	154.00	115.00
1097	255.00	219.00	109.00
1098	 55.00	237.00	164.00
1099	151.00	163.00	151.00
1100	 36.00	  0.00	 73.00
1101	 90.00	 78.00	 78.00
1102	  0.00	 73.00	 73.00
1103	 75.00	127.00	116.00
1104	 91.00	128.00	164.00
1105	 54.00	 42.00	 42.00
1106	 91.00	 91.00	 75.00
1107	182.00	219.00	182.00
1108	  0.00	 73.00	182.00
1109	143.00	195.00	  5.00
1110	117.00	 58.00	116.00
1111	  0.00	204.00	153.00
1112	153.00	153.00	204.00
1113	 91.00	164.00	164.00
1114	204.00	204.00	153.00
1115	 55.00	128.00	 91.00
1116	  0.00	219.00	 73.00
1117	205.00	166.00	166.00
1118	182.00	 36.00	 36.00
1119	200.00	179.00	135.00
1120	 69.00	 69.00	 81.00
1121	204.00	255.00	 51.00
1122	 26.00	179.00	128.00
1123	 51.00	102.00	153.00
1124	239.00	 91.00	168.00
1125	255.00	109.00	 36.00
1126	151.00	215.00	179.00
1127	 93.00	106.00	 56.00
1128	146.00	109.00	109.00
1129	  0.00	 36.00	182.00
1130	 60.00	 60.00	 60.00
1131	 83.00	 54.00	 57.00
1132	146.00	182.00	255.00
1133	219.00	 36.00	109.00
1134	 74.00	  9.00	 70.00
1135	164.00	 55.00	 18.00
1136	153.00	153.00	  0.00
1137	164.00	164.00	 18.00
1138	 53.00	 55.00	104.00
1139	 18.00	237.00	 55.00
1140	219.00	 73.00	182.00
1141	 18.00	 18.00	 55.00
1142	105.00	111.00	186.00
1143	 57.00	  5.00	  1.00
1144	204.00	 51.00	 51.00
1145	 47.00	 11.00	 19.00
1146	  0.00	  0.00	182.00
1147	  0.00	 36.00	109.00
1148	219.00	 36.00	146.00
1149	 77.00	128.00	128.00
1150	255.00	 51.00	153.00
1151	179.00	128.00	 26.00
1152	110.00	147.00	139.00
1153	 55.00	200.00	 91.00
1154	182.00	146.00	255.00
1155	105.00	105.00	117.00
1156	139.00	146.00	137.00
1157	254.00	 99.00	194.00
1158	199.00	187.00	187.00
1159	 73.00	182.00	255.00
1160	255.00	255.00	255.00
1161	117.00	105.00	105.00
1162	150.00	143.00	149.00
1163	102.00	255.00	  0.00
1164	  2.00	 45.00	 61.00
1165	 73.00	219.00	219.00
1166	219.00	255.00	255.00
1167	  0.00	  0.00	  0.00
1168	 91.00	 91.00	 55.00
1169	115.00	115.00	115.00
1170	124.00	173.00	181.00
1171	109.00	  0.00	109.00
1172	255.00	219.00	255.00
1173	114.00	104.00	161.00
1174	109.00	219.00	109.00
1175	204.00	153.00	153.00
1176	109.00	 87.00	 57.00
1177	 73.00	 73.00	219.00
1178	160.00	161.00	130.00
1179	  0.00	  0.00	153.00
1180	182.00	219.00	255.00
1181	182.00	  0.00	 73.00
1182	237.00	 55.00	164.00
1183	146.00	109.00	182.00
1184	128.00	200.00	128.00
1185	 73.00	  0.00	 36.00
1186	200.00	 18.00	164.00
1187	 36.00	 73.00	146.00
1188	255.00	146.00	109.00
1189	128.00	164.00	 18.00
1190	145.00	133.00	133.00
1191	255.00	 73.00	 73.00
1192	 82.00	104.00	151.00
1193	255.00	165.00	 79.00
1194	 70.00	 70.00	 82.00
1195	164.00	237.00	 18.00
1196	196.00	161.00	120.00
1197	153.00	153.00	102.00
1198	182.00	255.00	255.00
1199	237.00	200.00	 91.00
1200	231.00	  6.00	189.00
1201	  0.00	  0.00	255.00
1202	128.00	128.00	 77.00
1203	 26.00	 26.00	128.00
1204	 18.00	164.00	200.00
1205	 18.00	 18.00	 18.00
1206	123.00	100.00	113.00
1207	191.00	132.00	145.00
1208	 91.00	200.00	128.00
1209	255.00	255.00	204.00
1210	 90.00	171.00	133.00
1211	 29.00	 72.00	 37.00
1212	109.00	255.00	  0.00
1213	160.00	160.00	160.00
1214	 95.00	 95.00	 95.00
1215	 91.00	237.00	 18.00
1216	182.00	219.00	 73.00
1217	 77.00	230.00	 26.00
1218	  0.00	146.00	 36.00
1219	 91.00	128.00	 91.00
1220	 45.00	 45.00	 45.00
1221	255.00	102.00	102.00
1222	 13.00	231.00	 36.00
1223	 93.00	 40.00	 87.00
1224	111.00	231.00	209.00
1225	 36.00	 36.00	255.00
1226	 50.00	 50.00	 50.00
1227	219.00	 73.00	 73.00
1228	196.00	196.00	208.00
1229	109.00	 36.00	  0.00
1230	 91.00	 91.00	 91.00
1231	230.00	232.00	253.00
1232	146.00	255.00	  0.00
1233	146.00	 36.00	219.00
1234	 55.00	237.00	 55.00
1235	 51.00	 51.00	204.00
1236	  0.00	  0.00	204.00
1237	 12.00	 39.00	118.00
1238	 36.00	219.00	219.00
1239	128.00	 26.00	 77.00
1240	128.00	230.00	230.00
1241	204.00	204.00	255.00
1242	245.00	196.00	194.00
1243	109.00	182.00	255.00
1244	249.00	 20.00	216.00
1245	 73.00	 73.00	182.00
1246	 77.00	 77.00	230.00
1247	128.00	 55.00	200.00
1248	 66.00	133.00	 41.00
1249	 89.00	158.00	246.00
1250	  0.00	 51.00	204.00
1251	 73.00	182.00	 73.00
1252	225.00	241.00	162.00
1253	109.00	  0.00	 36.00
1254	130.00	178.00	162.00
1255	 49.00	 83.00	  7.00
1256	  6.00	 32.00	  1.00
1257	 55.00	 18.00	200.00
1258	  0.00	  0.00	  0.00
1259	146.00	 73.00	146.00
1260	200.00	237.00	128.00
1261	 55.00	200.00	237.00
1262	245.00	140.00	194.00
1263	  0.00	219.00	255.00
1264	182.00	219.00	146.00
1265	237.00	128.00	 18.00
1266	 18.00	 18.00	164.00
1267	153.00	153.00	153.00
1268	 18.00	128.00	237.00
1269	102.00	255.00	 51.00
1270	 82.00	 86.00	148.00
1271	164.00	 91.00	128.00
1272	255.00	  0.00	146.00
1273	146.00	146.00	219.00
1274	138.00	 81.00	124.00
1275	  0.00	255.00	182.00
1276	164.00	 18.00	 55.00
1277	255.00	182.00	 73.00
1278	219.00	182.00	146.00
1279	 36.00	109.00	109.00
1280	102.00	 51.00	153.00
1281	 55.00	237.00	200.00
1282	 52.00	 88.00	119.00
1283	167.00	164.00	208.00
1284	255.00	219.00	219.00
1285	110.00	110.00	110.00
1286	 55.00	200.00	164.00
1287	164.00	128.00	 55.00
1288	 51.00	 51.00	153.00
1289	 62.00	 26.00	129.00
1290	202.00	 57.00	184.00
1291	171.00	202.00	136.00
1292	128.00	164.00	 55.00
1293	164.00	 91.00	164.00
1294	 61.00	121.00	 67.00
1295	255.00	204.00	 51.00
1296	191.00	191.00	191.00
1297	 73.00	109.00	109.00
1298	255.00	182.00	146.00
1299	219.00	146.00	219.00
1300	 55.00	 18.00	 18.00
1301	 32.00	 44.00	 32.00
1302	164.00	128.00	237.00
1303	164.00	 18.00	166.00
1304	182.00	 73.00	182.00
1305	146.00	219.00	219.00
1306	 26.00	  0.00	  0.00
1307	179.00	 77.00	230.00
1308	200.00	 55.00	237.00
1309	153.00	204.00	102.00
1310	255.00	182.00	  0.00
1311	  0.00	 51.00	  0.00
1312	219.00	182.00	182.00
1313	109.00	109.00	146.00
1314	  0.00	255.00	 36.00
1315	255.00	204.00	102.00
1316	 51.00	  0.00	204.00
1317	153.00	 51.00	  0.00
1318	166.00	166.00	205.00
1319	204.00	 51.00	204.00
1320	153.00	102.00	  0.00
1321	146.00	 36.00	 36.00
1322	 91.00	 55.00	 18.00
1323	 58.00	147.00	 98.00
1324	146.00	255.00	109.00
1325	255.00	 36.00	  0.00
1326	138.00	138.00	102.00
1327	241.00	 84.00	110.00
1328	 75.00	 75.00	 75.00
1329	182.00	125.00	254.00
1330	109.00	219.00	255.00
1331	 55.00	 91.00	 91.00
1332	 91.00	128.00	 18.00
1333	128.00	128.00	179.00
1334	195.00	230.00	176.00
1335	 19.00	227.00	251.00
1336	164.00	 55.00	128.00
1337	128.00	237.00	237.00
1338	139.00	200.00	173.00
1339	200.00	 91.00	164.00
1340	146.00	219.00	 36.00
1341	179.00	 77.00	 77.00
1342	 55.00	200.00	 55.00
1343	  0.00	182.00	182.00
1344	 13.00	 38.00	 36.00
1345	 18.00	128.00	128.00
1346	 26.00	230.00	128.00
1347	 36.00	219.00	 73.00
1348	112.00	181.00	  3.00
1349	180.00	152.00	229.00
1350	109.00	  0.00	  0.00
1351	 51.00	 51.00	255.00
1352	109.00	255.00	146.00
1353	128.00	 18.00	 91.00
1354	182.00	255.00	  0.00
1355	215.00	227.00	215.00
1356	 77.00	 60.00	106.00
1357	183.00	234.00	236.00
1358	224.00	120.00	247.00
1359	200.00	128.00	 18.00
1360	154.00	115.00	115.00
1361	 73.00	 36.00	255.00
1362	179.00	179.00	179.00
1363	153.00	255.00	102.00
1364	121.00	156.00	127.00
1365	 36.00	 36.00	182.00
1366	128.00	164.00	200.00
1367	142.00	142.00	154.00
1368	200.00	237.00	237.00
1369	128.00	128.00	 55.00
1370	 58.00	 43.00	 93.00
1371	230.00	230.00	 77.00
1372	195.00	195.00	195.00
1373	179.00	 77.00	 26.00
1374	200.00	 55.00	 18.00
1375	164.00	164.00	 91.00
1376	182.00	255.00	182.00
1377	211.00	215.00	246.00
1378	  0.00	255.00	204.00
1379	 13.00	 68.00	241.00
1380	219.00	146.00	  0.00
1381	135.00	135.00	135.00
1382	 28.00	178.00	 56.00
1383	 55.00	164.00	 18.00
1384	 76.00	 79.00	 94.00
1385	179.00	230.00	179.00
1386	 65.00	 65.00	 65.00
1387	 67.00	 54.00	 89.00
1388	165.00	165.00	165.00
1389	 77.00	 77.00	179.00
1390	177.00	213.00	162.00
1391	204.00	  0.00	255.00
1392	205.00	217.00	205.00
1393	 99.00	149.00	102.00
1394	 68.00	133.00	 99.00
1395	255.00	153.00	 51.00
1396	227.00	215.00	215.00
1397	 44.00	 36.00	 99.00
1398	154.00	142.00	142.00
1399	 18.00	164.00	 18.00
1400	109.00	 36.00	255.00
1401	164.00	164.00	200.00
1402	153.00	153.00	255.00
1403	 54.00	 28.00	 12.00
1404	105.00	105.00	105.00
1405	255.00	146.00	219.00
1406	255.00	255.00	146.00
1407	101.00	169.00	122.00
1408	 18.00	200.00	 55.00
1409	255.00	255.00	255.00
1410	 18.00	 91.00	128.00
1411	141.00	246.00	 73.00
1412	113.00	 72.00	 67.00
1413	147.00	214.00	221.00
1414	109.00	146.00	255.00
1415	198.00	178.00	118.00
1416	204.00	 51.00	102.00
1417	164.00	128.00	128.00
1418	 92.00	128.00	164.00
1419	 32.00	 32.00	 44.00
1420	 62.00	 59.00	 28.00
1421	128.00	 55.00	 55.00
1422	255.00	255.00	  0.00
1423	231.00	  5.00	 59.00
1424	128.00	 77.00	128.00
1425	105.00	 44.00	 77.00
1426	109.00	219.00	219.00
1427	109.00	146.00	 36.00
1428	 36.00	250.00	223.00
1429	 36.00	146.00	  0.00
1430	 27.00	 27.00	 27.00
1431	 10.00	162.00	163.00
1432	 36.00	 73.00	109.00
1433	 38.00	  5.00	 10.00
1434	176.00	170.00	170.00
1435	 73.00	182.00	146.00
1436	109.00	109.00	  0.00
1437	 67.00	117.00	 99.00
1438	128.00	 92.00	 77.00
1439	128.00	237.00	 18.00
1440	182.00	255.00	 36.00
1441	182.00	146.00	146.00
1442	209.00	 93.00	139.00
1443	102.00	  0.00	255.00
1444	170.00	 52.00	119.00
1445	194.00	198.00	243.00
1446	255.00	219.00	182.00
1447	163.00	151.00	151.00
1448	242.00	254.00	242.00
1449	 26.00	 26.00	 77.00
1450	 55.00	237.00	 91.00
1451	109.00	219.00	 36.00
1452	219.00	146.00	 73.00
1453	153.00	102.00	255.00
1454	 26.00	128.00	230.00
1455	 10.00	 10.00	 10.00
1456	163.00	179.00	220.00
1457	  0.00	219.00	146.00
1458	160.00	 97.00	115.00
1459	255.00	109.00	219.00
1460	126.00	124.00	142.00
1461	128.00	 91.00	128.00
1462	196.00	216.00	155.00
1463	137.00	134.00	155.00
1464	159.00	138.00	175.00
1465	140.00	 21.00	250.00
1466	146.00	 73.00	219.00
1467	109.00	208.00	146.00
1468	102.00	 51.00	 51.00
1469	 75.00	117.00	 80.00
1470	 12.00	 23.00	 19.00
1471	219.00	  0.00	 36.00
1472	255.00	153.00	153.00
1473	141.00	120.00	 98.00
1474	146.00	146.00	182.00
1475	  0.00	  0.00	219.00
1476	194.00	181.00	170.00
1477	  0.00	182.00	219.00
1478	255.00	 73.00	255.00
1479	 73.00	 36.00	109.00
1480	217.00	217.00	255.00
1481	109.00	146.00	109.00
1482	146.00	182.00	219.00
1483	  0.00	 36.00	 36.00
1484	219.00	182.00	 36.00
1485	204.00	153.00	204.00
1486	 89.00	 89.00	128.00
1487	 69.00	144.00	180.00
1488	233.00	233.00	245.00
1489	254.00	  5.00	 19.00
1490	 73.00	146.00	182.00
1491	 36.00	 36.00	 36.00
1492	164.00	200.00	 55.00
1493	230.00	 77.00	 26.00
1494	164.00	128.00	200.00
1495	245.00	183.00	203.00
1496	 36.00	219.00	146.00
1497	255.00	146.00	146.00
1498	128.00	 18.00	 18.00
1499	153.00	255.00	  0.00
1500	146.00	219.00	  0.00
1501	179.00	230.00	128.00
1502	109.00	219.00	  0.00
1503	 26.00	179.00	179.00
1504	255.00	255.00	219.00
1505	146.00	255.00	182.00
1506	121.00	 36.00	 64.00
1507	121.00	139.00	193.00
1508	219.00	  0.00	219.00
1509	254.00	184.00	185.00
1510	221.00	 88.00	 52.00
1511	164.00	128.00	164.00
1512	 14.00	 10.00	 63.00
1513	204.00	  0.00	102.00
1514	 59.00	125.00	 88.00
1515	245.00	245.00	245.00
1516	255.00	  0.00	 73.00
1517	 18.00	164.00	237.00
1518	182.00	255.00	219.00
1519	 51.00	 75.00	 47.00
1520	151.00	211.00	131.00
1521	146.00	 73.00	 73.00
1522	 64.00	 64.00	103.00
1523	 26.00	 77.00	 26.00
1524	255.00	255.00	255.00
1525	 53.00	 99.00	113.00
1526	 18.00	 55.00	 91.00
1527	204.00	153.00	102.00
1528	182.00	109.00	109.00
1529	128.00	 55.00	164.00
1530	118.00	122.00	 61.00
1531	229.00	184.00	198.00
1532	182.00	219.00	109.00
1533	  0.00	  0.00	 36.00
1534	208.00	 42.00	 77.00
1535	237.00	128.00	128.00
1536	 91.00	200.00	 91.00
1537	 98.00	138.00	 92.00
1538	  0.00	255.00	102.00
1539	 81.00	 67.00	 17.00
1540	136.00	163.00	161.00
1541	 77.00	128.00	 77.00
1542	182.00	109.00	182.00
1543	237.00	200.00	 55.00
1544	128.00	128.00	 26.00
1545	 70.00	 70.00	 70.00
1546	219.00	 73.00	109.00
1547	 88.00	138.00	106.00
1548	255.00	102.00	  0.00
1549	119.00	139.00	242.00
1550	200.00	164.00	 18.00
1551	205.00	195.00	192.00
1552	  0.00	  0.00	  0.00
1553	153.00	  0.00	 51.00
1554	 41.00	 62.00	 23.00
1555	251.00	254.00	120.00
1556	182.00	146.00	  0.00
1557	109.00	109.00	182.00
1558	 77.00	230.00	128.00
1559	129.00	188.00	147.00
1560	237.00	164.00	164.00
1561	128.00	 77.00	 26.00
1562	146.00	219.00	 73.00
1563	255.00	255.00	 51.00
1564	  0.00	153.00	  0.00
1565	219.00	146.00	 36.00
1566	 73.00	219.00	182.00
1567	 91.00	 91.00	 18.00
1568	255.00	219.00	 73.00
1569	204.00	204.00	204.00
1570	 51.00	153.00	153.00
1571	102.00	204.00	102.00
1572	 55.00	 55.00	 18.00
1573	 18.00	 55.00	128.00
1574	164.00	200.00	 91.00
1575	178.00	210.00	155.00
1576	146.00	103.00	162.00
1577	255.00	  0.00	  0.00
1578	115.00	115.00	154.00
1579	187.00	229.00	230.00
1580	219.00	109.00	  0.00
1581	146.00	146.00	 73.00
1582	102.00	102.00	 51.00
1583	143.00	192.00	247.00
1584	  0.00	 73.00	109.00
1585	221.00	154.00	211.00
1586	 18.00	164.00	 91.00
1587	  0.00	146.00	182.00
1588	146.00	  0.00	182.00
1589	 81.00	 20.00	 49.00
1590	128.00	 55.00	 91.00
1591	102.00	 51.00	255.00
1592	109.00	 73.00	109.00
1593	109.00	146.00	 81.00
1594	182.00	109.00	  0.00
1595	255.00	102.00	 51.00
1596	125.00	 79.00	 53.00
1597	153.00	  0.00	153.00
1598	  0.00	109.00	 73.00
1599	146.00	  0.00	219.00
1600	 26.00	  0.00	  0.00
1601	164.00	237.00	200.00
1602	 26.00	230.00	179.00
1603	 85.00	223.00	 28.00
1604	102.00	255.00	102.00
1605	185.00	185.00	185.00
1606	 36.00	146.00	189.00
1607	 51.00	226.00	211.00
1608	  0.00	102.00	102.00
1609	 36.00	146.00	109.00
1610	 87.00	 99.00	 87.00
1611	125.00	125.00	125.00
1612	179.00	230.00	 26.00
1613	179.00	 26.00	 26.00
1614	179.00	128.00	179.00
1615	180.00	242.00	212.00
1616	255.00	204.00	204.00
1617	114.00	126.00	114.00
1618	173.00	  8.00	233.00
1619	109.00	  0.00	219.00
1620	146.00	 73.00	 36.00
1621	 51.00	153.00	204.00
1622	219.00	  0.00	 73.00
1623	242.00	242.00	254.00
1624	 77.00	 26.00	 26.00
1625	  6.00	  2.00	233.00
1626	102.00	255.00	255.00
1627	128.00	164.00	 91.00
1628	200.00	 18.00	237.00
1629	142.00	151.00	194.00
1630	 18.00	 91.00	200.00
1631	237.00	237.00	128.00
1632	 91.00	 91.00	237.00
1633	230.00	179.00	179.00
1634	 18.00	200.00	200.00
1635	181.00	250.00	151.00
1636	128.00	179.00	 77.00
1637	 73.00	146.00	219.00
1638	 90.00	 64.00	 31.00
1639	177.00	179.00	 70.00
1640	 73.00	255.00	 73.00
1641	146.00	 73.00	182.00
1642	 18.00	 55.00	200.00
1643	219.00	255.00	  0.00
1644	  0.00	204.00	255.00
1645	126.00	114.00	114.00
1646	  0.00	255.00	  0.00
1647	190.00	217.00	197.00
1648	 82.00	 82.00	 82.00
1649	 55.00	164.00	128.00
1650	 12.00	 42.00	 17.00
1651	163.00	101.00	155.00
1652	 36.00	219.00	255.00
1653	136.00	234.00	116.00
1654	237.00	 18.00	164.00
1655	 51.00	204.00	102.00
1656	255.00	  0.00	204.00
1657	237.00	128.00	 55.00
1658	209.00	220.00	187.00
1659	182.00	219.00	219.00
1660	 73.00	 73.00	 73.00
1661	153.00	  0.00	  0.00
1662	191.00	170.00	150.00
1663	237.00	200.00	128.00
1664	 73.00	255.00	182.00
1665	158.00	150.00	197.00
1666	  9.00	  7.00	 66.00
1667	 91.00	 18.00	237.00
1668	230.00	179.00	 26.00
1669	 18.00	200.00	237.00
1670	128.00	179.00	230.00
1671	113.00	 48.00	108.00
1672	 51.00	102.00	  0.00
1673	 73.00	146.00	  0.00
1674	219.00	182.00	 73.00
1675	114.00	 73.00	 89.00
1676	254.00	238.00	195.00
1677	 91.00	164.00	 18.00
1678	237.00	 18.00	128.00
1679	249.00	153.00	228.00
1680	146.00	 98.00	102.00
1681	  0.00	219.00	219.00
1682	 56.00	 97.00	 42.00
1683	233.00	245.00	233.00
1684	230.00	128.00	230.00
1685	219.00	255.00	146.00
1686	255.00	120.00	 61.00
1687	160.00	146.00	101.00
1688	 26.00	128.00	179.00
1689	 59.00	 45.00	199.00
1690	 81.00	 46.00	 99.00
1691	 77.00	179.00	 26.00
1692	255.00	 73.00	219.00
1693	169.00	169.00	181.00
1694	 73.00	219.00	  0.00
1695	132.00	 93.00	 96.00
1696	233.00	168.00	206.00
1697	153.00	204.00	 51.00
1698	 36.00	182.00	 36.00
1699	236.00	202.00	213.00
1700	  7.00	157.00	  8.00
1701	237.00	237.00	 55.00
1702	164.00	200.00	128.00
1703	160.00	160.00	172.00
1704	182.00	 36.00	  0.00
1705	237.00	 91.00	 18.00
1706	 89.00	 28.00	 34.00
1707	  0.00	 51.00	153.00
1708	 36.00	146.00	219.00
1709	 15.00	222.00	204.00
1710	219.00	255.00	 73.00
1711	  0.00	219.00	 36.00
1712	 18.00	 55.00	 18.00
1713	 13.00	 70.00	165.00
1714	109.00	 36.00	146.00
1715	128.00	 55.00	237.00
1716	237.00	 18.00	237.00
1717	146.00	186.00	218.00
1718	204.00	  0.00	  0.00
1719	 73.00	109.00	255.00
1720	164.00	200.00	 18.00
1721	146.00	  0.00	 73.00
1722	 77.00	 26.00	 77.00
1723	117.00	 93.00	 98.00
1724	 91.00	 55.00	 91.00
1725	103.00	 26.00	173.00
1726	  0.00	182.00	255.00
1727	237.00	191.00	 72.00
1728	 96.00	 96.00	108.00
1729	109.00	 73.00	219.00
1730	102.00	102.00	153.00
1731	 36.00	 73.00	219.00
1732	228.00	 36.00	193.00
1733	 18.00	164.00	 55.00
1734	 73.00	 73.00	255.00
1735	211.00	195.00	233.00
1736	 52.00	 13.00	 13.00
1737	 91.00	 18.00	164.00
1738	 18.00	200.00	 91.00
1739	 18.00	200.00	128.00
1740	109.00	 73.00	146.00
1741	 36.00	  0.00	  0.00
1742	121.00	 64.00	 79.00
1743	 91.00	164.00	237.00
1744	230.00	230.00	179.00
1745	146.00	182.00	 36.00
1746	255.00	153.00	  0.00
1747	237.00	164.00	 55.00
1748	  3.00	117.00	189.00
1749	 51.00	  0.00	  0.00
1750	195.00	173.00	199.00
1751	  0.00	 51.00	102.00
1752	 73.00	146.00	 36.00
1753	109.00	255.00	 36.00
1754	200.00	 91.00	237.00
1755	200.00	200.00	237.00
1756	146.00	 73.00	255.00
1757	200.00	200.00	 55.00
1758	203.00	161.00	164.00
1759	202.00	156.00	221.00
1760	  5.00	235.00	 82.00
1761	182.00	182.00	255.00
1762	 91.00	 18.00	128.00
1763	 55.00	 18.00	 91.00
1764	146.00	255.00	146.00
1765	255.00	182.00	219.00
1766	146.00	120.00	 97.00
1767	255.00	 73.00	 36.00
1768	204.00	110.00	171.00
1769	179.00	230.00	230.00
1770	200.00	237.00	 91.00
1771	128.00	 77.00	230.00
1772	 32.00	  8.00	 42.00
1773	 55.00	200.00	128.00
1774	255.00	 73.00	109.00
1775	 36.00	 73.00	 36.00
1776	 91.00	200.00	 55.00
1777	 87.00	252.00	213.00
1778	 78.00	 90.00	 78.00
1779	237.00	 91.00	237.00
1780	182.00	182.00	109.00
1781	 36.00	182.00	 73.00
1782	212.00	202.00	158.00
1783	146.00	146.00	109.00
1784	200.00	200.00	164.00
1785	  0.00	146.00	146.00
1786	128.00	179.00	179.00
1787	230.00	 77.00	128.00
1788	230.00	201.00	252.00
1789	219.00	219.00	 73.00
1790	  0.00	 36.00	219.00
1791	  0.00	153.00	 51.00
1792	225.00	225.00	225.00
1793	172.00	107.00	103.00
1794	 13.00	251.00	149.00
1795	 36.00	219.00	109.00
1796	217.00	163.00	152.00
1797	102.00	  0.00	  0.00
1798	146.00	 36.00	  0.00
1799	164.00	164.00	237.00
1800	238.00	 57.00	155.00
1801	128.00	 91.00	 18.00
1802	 36.00	 36.00	219.00
1803	  0.00	219.00	  0.00
1804	164.00	136.00	  1.00
1805	153.00	255.00	255.00
1806	230.00	230.00	 26.00
1807	219.00	182.00	255.00
1808	164.00	237.00	164.00
1809	102.00	153.00	  0.00
1810	252.00	248.00	185.00
1811	164.00	 91.00	200.00
1812	169.00	181.00	169.00
1813	 61.00	 45.00	114.00
1814	 90.00	 30.00	 35.00
1815	109.00	255.00	219.00
1816	 36.00	219.00	182.00
1817	 55.00	128.00	 55.00
1818	  0.00	146.00	 73.00
1819	109.00	 73.00	  0.00
1820	237.00	 91.00	 55.00
1821	146.00	255.00	 36.00
1822	153.00	102.00	204.00
1823	102.00	153.00	255.00
1824	  0.00	182.00	 73.00
1825	247.00	212.00	216.00
1826	133.00	133.00	145.00
1827	 80.00	185.00	  2.00
1828	178.00	178.00	190.00
1829	 35.00	 23.00	 23.00
1830	255.00	255.00	255.00
1831	 51.00	255.00	 51.00
1832	103.00	  5.00	213.00
1833	207.00	173.00	214.00
1834	146.00	182.00	 73.00
1835	164.00	 55.00	237.00
1836	182.00	 73.00	146.00
1837	204.00	153.00	 51.00
1838	201.00	232.00	192.00
1839	200.00	209.00	181.00
1840	 73.00	255.00	255.00
1841	109.00	182.00	109.00
1842	102.00	 51.00	  0.00
1843	 26.00	 77.00	230.00
1844	180.00	126.00	108.00
1845	230.00	 77.00	179.00
1846	255.00	  0.00	255.00
1847	200.00	164.00	 91.00
1848	204.00	 51.00	255.00
1849	 17.00	  5.00	  5.00
1850	151.00	125.00	185.00
1851	146.00	109.00	 73.00
1852	 89.00	 99.00	 36.00
1853	  0.00	255.00	255.00
1854	146.00	182.00	146.00
1855	146.00	  0.00	109.00
1856	 77.00	179.00	128.00
1857	  0.00	109.00	146.00
1858	 55.00	 55.00	200.00
1859	179.00	128.00	128.00
1860	128.00	164.00	128.00
1861	 18.00	 18.00	237.00
1862	 77.00	 26.00	230.00
1863	230.00	128.00	 26.00
1864	146.00	182.00	  0.00
1865	  0.00	204.00	 51.00
1866	237.00	 55.00	128.00
1867	170.00	170.00	170.00
1868	225.00	146.00	162.00
1869	  0.00	  0.00	 26.00
1870	158.00	255.00	  2.00
1871	182.00	 73.00	 73.00
1872	175.00	175.00	175.00
1873	 18.00	 91.00	 55.00
1874	 18.00	 91.00	237.00
1875	146.00	109.00	219.00
1876	128.00	237.00	200.00
1877	200.00	 91.00	 91.00
1878	 18.00	 91.00	164.00
1879	105.00	117.00	105.00
1880	 47.00	 61.00	 66.00
1881	219.00	109.00	219.00
1882	230.00	179.00	128.00
1883	230.00	179.00	230.00
1884	 36.00	146.00	146.00
1885	255.00	 51.00	  0.00
1886	237.00	 91.00	128.00
1887	 73.00	255.00	219.00
1888	 73.00	109.00	182.00
1889	155.00	155.00	155.00
1890	 36.00	182.00	255.00
1891	190.00	190.00	190.00
1892	155.00	155.00	155.00
1893	 98.00	 56.00	247.00
1894	179.00	140.00	140.00
1895	  0.00	255.00	255.00
1896	255.00	255.00	  0.00
1897	255.00	  0.00	255.00
1898	180.00	255.00	255.00
1899	255.00	255.00	180.00
1900	255.00	180.00	255.00
1901	 50.00	 50.00	 50.00
1902	100.00	100.00	100.00
1903	150.00	150.00	150.00
1904	200.00	200.00	200.00
1905	  0.00	255.00	255.00
1906	255.00	255.00	  0.00
1907	255.00	  0.00	255.00
1908	180.00	255.00	255.00
1909	255.00	255.00	180.00
1910	255.00	180.00	255.00
1911	 50.00	 50.00	 50.00
1912	100.00	100.00	100.00
1913	150.00	150.00	150.00
1914	200.00	200.00	200.00
END_DATA
