NUMBER_OF_FIELDS 4
BEGIN_DATA_FORMAT
SampleID	RGB_R	RGB_G	RGB_B
END_DATA_FORMAT

NUMBER_OF_SETS	1914
BEGIN_DATA
1	200.00	200.00	200.00
2	150.00	150.00	150.00
3	100.00	100.00	100.00
4	 50.00	 50.00	 50.00
5	255.00	180.00	255.00
6	255.00	255.00	180.00
7	180.00	255.00	255.00
8	255.00	  0.00	255.00
9	255.00	255.00	  0.00
10	  0.00	255.00	255.00
11	200.00	200.00	200.00
12	150.00	150.00	150.00
13	100.00	100.00	100.00
14	 50.00	 50.00	 50.00
15	255.00	180.00	255.00
16	255.00	255.00	180.00
17	180.00	255.00	255.00
18	255.00	  0.00	255.00
19	255.00	255.00	  0.00
20	  0.00	255.00	255.00
21	200.00	200.00	200.00
22	150.00	150.00	150.00
23	100.00	100.00	100.00
24	 50.00	 50.00	 50.00
25	255.00	180.00	255.00
26	255.00	255.00	180.00
27	180.00	255.00	255.00
28	255.00	  0.00	255.00
29	255.00	255.00	  0.00
30	  0.00	255.00	255.00
31	200.00	200.00	200.00
32	150.00	150.00	150.00
33	100.00	100.00	100.00
34	 50.00	 50.00	 50.00
35	255.00	180.00	255.00
36	255.00	255.00	180.00
37	180.00	255.00	255.00
38	255.00	  0.00	255.00
39	 55.00	237.00	237.00
40	 36.00	  0.00	  0.00
41	179.00	 26.00	179.00
42	146.00	146.00	255.00
43	182.00	 73.00	  0.00
44	 51.00	255.00	255.00
45	 60.00	127.00	128.00
46	146.00	255.00	219.00
47	178.00	246.00	215.00
48	 96.00	108.00	 96.00
49	255.00	 51.00	255.00
50	237.00	 91.00	128.00
51	255.00	182.00	109.00
52	140.00	179.00	140.00
53	172.00	103.00	 99.00
54	 77.00	230.00	 26.00
55	153.00	 51.00	  0.00
56	146.00	 36.00	255.00
57	109.00	146.00	109.00
58	  7.00	 29.00	 20.00
59	104.00	105.00	143.00
60	255.00	153.00	 51.00
61	182.00	255.00	  0.00
62	200.00	 18.00	 18.00
63	182.00	 36.00	219.00
64	 64.00	 93.00	 54.00
65	 12.00	 39.00	138.00
66	102.00	255.00	 51.00
67	  0.00	109.00	  0.00
68	114.00	126.00	114.00
69	 51.00	204.00	 51.00
70	248.00	193.00	220.00
71	245.00	233.00	233.00
72	 46.00	 73.00	 44.00
73	 36.00	 36.00	219.00
74	153.00	153.00	255.00
75	204.00	102.00	204.00
76	182.00	109.00	182.00
77	  0.00	  0.00	  8.00
78	109.00	219.00	146.00
79	 36.00	  0.00	219.00
80	 91.00	 55.00	 91.00
81	 73.00	109.00	 36.00
82	146.00	146.00	 73.00
83	148.00	110.00	 80.00
84	 22.00	 17.00	162.00
85	 18.00	237.00	 18.00
86	200.00	 18.00	237.00
87	 31.00	  8.00	 69.00
88	153.00	153.00	  0.00
89	200.00	164.00	200.00
90	255.00	 73.00	109.00
91	  0.00	  0.00	 36.00
92	204.00	255.00	255.00
93	  0.00	153.00	255.00
94	 36.00	 73.00	146.00
95	 36.00	219.00	 73.00
96	164.00	 18.00	 55.00
97	 31.00	 15.00	 16.00
98	200.00	128.00	 18.00
99	146.00	182.00	146.00
100	153.00	  0.00	  0.00
101	248.00	177.00	247.00
102	 73.00	 73.00	255.00
103	132.00	130.00	 57.00
104	 45.00	113.00	 70.00
105	225.00	225.00	225.00
106	 51.00	153.00	 51.00
107	  0.00	219.00	 73.00
108	255.00	 73.00	219.00
109	 86.00	134.00	115.00
110	179.00	140.00	140.00
111	230.00	 26.00	230.00
112	 36.00	 36.00	  0.00
113	237.00	128.00	200.00
114	182.00	  0.00	255.00
115	 55.00	 40.00	  6.00
116	 73.00	 36.00	219.00
117	219.00	 36.00	255.00
118	 26.00	 14.00	 14.00
119	169.00	169.00	181.00
120	125.00	109.00	  0.00
121	128.00	128.00	 91.00
122	 36.00	219.00	182.00
123	255.00	219.00	255.00
124	 91.00	128.00	164.00
125	204.00	198.00	242.00
126	179.00	230.00	 26.00
127	237.00	164.00	128.00
128	 64.00	103.00	 64.00
129	 62.00	  1.00	 97.00
130	255.00	219.00	182.00
131	189.00	178.00	199.00
132	 18.00	 91.00	164.00
133	182.00	146.00	  0.00
134	 55.00	200.00	128.00
135	 91.00	200.00	164.00
136	219.00	 73.00	109.00
137	  0.00	153.00	 51.00
138	163.00	181.00	114.00
139	149.00	144.00	106.00
140	237.00	128.00	 91.00
141	146.00	255.00	109.00
142	237.00	164.00	 18.00
143	237.00	 55.00	 18.00
144	146.00	109.00	182.00
145	109.00	  0.00	182.00
146	 51.00	 51.00	102.00
147	179.00	181.00	204.00
148	102.00	  0.00	  0.00
149	  0.00	 51.00	153.00
150	 32.00	 32.00	 44.00
151	 26.00	179.00	179.00
152	182.00	 36.00	182.00
153	  0.00	  0.00	146.00
154	128.00	128.00	 18.00
155	145.00	190.00	125.00
156	 36.00	146.00	146.00
157	109.00	255.00	  0.00
158	 55.00	128.00	164.00
159	 55.00	128.00	128.00
160	 91.00	200.00	200.00
161	  0.00	 36.00	 36.00
162	233.00	195.00	213.00
163	 73.00	255.00	109.00
164	 55.00	 91.00	 91.00
165	195.00	 70.00	143.00
166	 36.00	255.00	 73.00
167	153.00	102.00	153.00
168	109.00	255.00	 73.00
169	208.00	196.00	196.00
170	187.00	 82.00	251.00
171	 36.00	 73.00	109.00
172	171.00	 99.00	169.00
173	 91.00	237.00	128.00
174	224.00	237.00	212.00
175	128.00	128.00	128.00
176	146.00	146.00	219.00
177	200.00	128.00	 55.00
178	109.00	  0.00	109.00
179	255.00	  0.00	  0.00
180	243.00	167.00	232.00
181	237.00	237.00	 18.00
182	164.00	 18.00	 18.00
183	109.00	219.00	  0.00
184	159.00	 77.00	128.00
185	 18.00	237.00	 55.00
186	 36.00	 73.00	182.00
187	255.00	109.00	219.00
188	116.00	187.00	239.00
189	 73.00	 36.00	 73.00
190	 51.00	 51.00	153.00
191	247.00	196.00	184.00
192	  0.00	  8.00	  0.00
193	182.00	182.00	146.00
194	255.00	255.00	255.00
195	200.00	128.00	164.00
196	 69.00	 69.00	 81.00
197	 74.00	233.00	223.00
198	162.00	174.00	194.00
199	 73.00	 36.00	182.00
200	204.00	204.00	 51.00
201	160.00	109.00	175.00
202	154.00	 37.00	173.00
203	109.00	 73.00	146.00
204	128.00	179.00	 26.00
205	255.00	255.00	 73.00
206	179.00	 26.00	 77.00
207	 18.00	138.00	 86.00
208	104.00	 29.00	 57.00
209	 77.00	230.00	230.00
210	 55.00	 90.00	116.00
211	  0.00	255.00	 51.00
212	255.00	146.00	  0.00
213	191.00	230.00	191.00
214	 26.00	 77.00	 77.00
215	146.00	211.00	183.00
216	 36.00	109.00	 73.00
217	181.00	208.00	236.00
218	241.00	251.00	 75.00
219	237.00	200.00	164.00
220	128.00	 91.00	 55.00
221	128.00	244.00	242.00
222	250.00	253.00	205.00
223	255.00	 36.00	219.00
224	109.00	  0.00	146.00
225	102.00	102.00	  0.00
226	 81.00	 32.00	217.00
227	230.00	 77.00	 26.00
228	 55.00	164.00	 18.00
229	191.00	191.00	230.00
230	 91.00	237.00	 18.00
231	  0.00	255.00	255.00
232	 30.00	 73.00	 56.00
233	109.00	146.00	 36.00
234	 72.00	 60.00	 60.00
235	 62.00	 42.00	 23.00
236	204.00	  0.00	  0.00
237	 73.00	219.00	219.00
238	219.00	109.00	 73.00
239	122.00	116.00	146.00
240	 14.00	 14.00	 26.00
241	 26.00	 26.00	230.00
242	102.00	204.00	102.00
243	237.00	200.00	200.00
244	163.00	220.00	166.00
245	 73.00	109.00	109.00
246	110.00	 80.00	145.00
247	  0.00	255.00	  0.00
248	 91.00	 91.00	164.00
249	181.00	169.00	169.00
250	146.00	154.00	130.00
251	 51.00	255.00	  0.00
252	205.00	217.00	205.00
253	 51.00	204.00	255.00
254	255.00	109.00	146.00
255	 18.00	237.00	237.00
256	146.00	255.00	 36.00
257	109.00	109.00	219.00
258	198.00	 16.00	244.00
259	203.00	238.00	 73.00
260	109.00	 36.00	 73.00
261	230.00	 26.00	128.00
262	226.00	 54.00	 80.00
263	 55.00	128.00	237.00
264	217.00	217.00	255.00
265	128.00	 55.00	 18.00
266	 90.00	 78.00	 78.00
267	 55.00	 18.00	237.00
268	195.00	253.00	253.00
269	200.00	237.00	 18.00
270	164.00	 91.00	128.00
271	153.00	255.00	255.00
272	235.00	 74.00	  7.00
273	128.00	128.00	 77.00
274	 73.00	 73.00	109.00
275	219.00	146.00	219.00
276	102.00	153.00	204.00
277	146.00	219.00	182.00
278	109.00	182.00	 73.00
279	 29.00	 93.00	252.00
280	205.00	205.00	217.00
281	 77.00	 26.00	179.00
282	154.00	219.00	206.00
283	230.00	230.00	230.00
284	230.00	128.00	 77.00
285	 77.00	 38.00	 38.00
286	125.00	125.00	125.00
287	178.00	178.00	190.00
288	 73.00	  0.00	255.00
289	 51.00	102.00	102.00
290	 94.00	161.00	 78.00
291	126.00	225.00	 64.00
292	185.00	185.00	185.00
293	153.00	255.00	102.00
294	  0.00	204.00	 51.00
295	128.00	 77.00	230.00
296	200.00	164.00	237.00
297	  0.00	  0.00	219.00
298	146.00	182.00	 73.00
299	  0.00	255.00	219.00
300	204.00	  0.00	153.00
301	245.00	 13.00	239.00
302	 26.00	128.00	179.00
303	182.00	255.00	146.00
304	109.00	178.00	180.00
305	109.00	219.00	255.00
306	153.00	 51.00	255.00
307	128.00	237.00	128.00
308	  2.00	 22.00	 66.00
309	146.00	182.00	 36.00
310	 36.00	 36.00	 36.00
311	 55.00	 91.00	128.00
312	206.00	225.00	153.00
313	  0.00	219.00	255.00
314	 60.00	 64.00	  5.00
315	153.00	102.00	 51.00
316	182.00	  0.00	219.00
317	219.00	255.00	146.00
318	  0.00	 51.00	255.00
319	  0.00	 73.00	255.00
320	255.00	146.00	146.00
321	213.00	179.00	 16.00
322	187.00	241.00	200.00
323	200.00	128.00	128.00
324	 18.00	237.00	164.00
325	 55.00	237.00	 55.00
326	153.00	204.00	102.00
327	102.00	153.00	153.00
328	255.00	204.00	204.00
329	 18.00	128.00	 55.00
330	128.00	 18.00	 55.00
331	109.00	109.00	 36.00
332	255.00	  0.00	182.00
333	 51.00	153.00	  0.00
334	 77.00	 77.00	 77.00
335	182.00	 73.00	219.00
336	179.00	179.00	 77.00
337	 42.00	 54.00	 42.00
338	113.00	 54.00	 99.00
339	179.00	 77.00	179.00
340	146.00	  0.00	 36.00
341	219.00	  0.00	146.00
342	  0.00	  0.00	 51.00
343	124.00	 81.00	100.00
344	204.00	  0.00	 51.00
345	 51.00	  0.00	  0.00
346	 84.00	 79.00	 69.00
347	237.00	 91.00	 55.00
348	229.00	  2.00	173.00
349	 26.00	128.00	128.00
350	209.00	231.00	174.00
351	219.00	219.00	255.00
352	 70.00	 70.00	 70.00
353	179.00	230.00	 77.00
354	 51.00	 51.00	 63.00
355	219.00	  0.00	 36.00
356	128.00	230.00	128.00
357	  1.00	  8.00	 24.00
358	177.00	254.00	239.00
359	 51.00	255.00	102.00
360	105.00	 73.00	119.00
361	128.00	128.00	128.00
362	 35.00	 23.00	 23.00
363	 69.00	106.00	 17.00
364	  0.00	146.00	182.00
365	219.00	 73.00	255.00
366	122.00	 89.00	132.00
367	 18.00	 81.00	 81.00
368	128.00	237.00	200.00
369	182.00	255.00	255.00
370	255.00	153.00	102.00
371	 18.00	237.00	128.00
372	144.00	176.00	108.00
373	 77.00	128.00	 26.00
374	 77.00	179.00	 77.00
375	  0.00	 73.00	 36.00
376	146.00	219.00	219.00
377	166.00	252.00	173.00
378	 60.00	 47.00	 74.00
379	219.00	146.00	 73.00
380	 55.00	128.00	 18.00
381	255.00	146.00	219.00
382	245.00	245.00	245.00
383	171.00	100.00	133.00
384	255.00	  0.00	102.00
385	155.00	155.00	220.00
386	200.00	 55.00	200.00
387	163.00	 16.00	 45.00
388	 91.00	154.00	224.00
389	219.00	182.00	 73.00
390	184.00	224.00	148.00
391	194.00	 57.00	 20.00
392	182.00	146.00	 36.00
393	 18.00	164.00	237.00
394	128.00	 26.00	230.00
395	146.00	 73.00	146.00
396	 38.00	 38.00	 77.00
397	182.00	 73.00	146.00
398	204.00	255.00	  0.00
399	128.00	200.00	 55.00
400	 18.00	 55.00	 55.00
401	 73.00	109.00	  0.00
402	119.00	128.00	 68.00
403	200.00	 55.00	237.00
404	115.00	154.00	115.00
405	200.00	128.00	 91.00
406	 36.00	182.00	182.00
407	109.00	 36.00	 36.00
408	  0.00	102.00	204.00
409	 17.00	  5.00	  5.00
410	 76.00	198.00	234.00
411	  0.00	 73.00	146.00
412	255.00	153.00	204.00
413	255.00	 36.00	182.00
414	  0.00	182.00	182.00
415	182.00	 73.00	 73.00
416	146.00	  0.00	255.00
417	  0.00	146.00	109.00
418	 73.00	182.00	255.00
419	255.00	255.00	109.00
420	 36.00	 73.00	 73.00
421	 16.00	 28.00	 35.00
422	  0.00	182.00	 73.00
423	182.00	 36.00	 36.00
424	118.00	154.00	163.00
425	 26.00	230.00	 77.00
426	219.00	146.00	182.00
427	 75.00	 90.00	 86.00
428	169.00	199.00	216.00
429	153.00	 51.00	 51.00
430	  0.00	153.00	102.00
431	146.00	255.00	 73.00
432	220.00	163.00	136.00
433	210.00	215.00	249.00
434	155.00	135.00	148.00
435	118.00	170.00	107.00
436	164.00	 18.00	164.00
437	127.00	146.00	135.00
438	 18.00	 18.00	 91.00
439	180.00	219.00	253.00
440	 36.00	109.00	  0.00
441	240.00	112.00	 32.00
442	 10.00	 10.00	 10.00
443	128.00	 26.00	 26.00
444	204.00	102.00	255.00
445	255.00	  0.00	219.00
446	146.00	 73.00	182.00
447	 91.00	164.00	128.00
448	 77.00	128.00	128.00
449	155.00	155.00	155.00
450	242.00	254.00	242.00
451	 18.00	128.00	164.00
452	190.00	142.00	185.00
453	  0.00	102.00	255.00
454	153.00	  0.00	255.00
455	 83.00	148.00	159.00
456	219.00	 36.00	  0.00
457	219.00	109.00	182.00
458	164.00	164.00	 55.00
459	 66.00	 70.00	119.00
460	 35.00	 86.00	 62.00
461	109.00	255.00	146.00
462	109.00	 73.00	  0.00
463	 13.00	  9.00	  4.00
464	191.00	166.00	204.00
465	 36.00	219.00	255.00
466	183.00	 74.00	 89.00
467	126.00	114.00	114.00
468	 73.00	  0.00	146.00
469	138.00	 85.00	 17.00
470	146.00	  0.00	182.00
471	146.00	109.00	 73.00
472	100.00	 93.00	162.00
473	179.00	179.00	179.00
474	  0.00	204.00	153.00
475	 77.00	 77.00	 26.00
476	128.00	237.00	 91.00
477	 81.00	 71.00	106.00
478	137.00	137.00	137.00
479	 10.00	239.00	143.00
480	200.00	 55.00	164.00
481	255.00	 51.00	102.00
482	  0.00	204.00	255.00
483	146.00	 36.00	109.00
484	 85.00	 90.00	157.00
485	157.00	110.00	160.00
486	255.00	  2.00	211.00
487	 55.00	 18.00	164.00
488	  0.00	  0.00	204.00
489	 55.00	128.00	 91.00
490	121.00	186.00	193.00
491	 18.00	164.00	164.00
492	 18.00	 55.00	128.00
493	105.00	105.00	105.00
494	186.00	139.00	138.00
495	204.00	153.00	255.00
496	200.00	 91.00	237.00
497	109.00	219.00	109.00
498	 55.00	 91.00	 55.00
499	233.00	245.00	233.00
500	 36.00	181.00	 68.00
501	237.00	 18.00	128.00
502	 26.00	179.00	230.00
503	160.00	100.00	 90.00
504	 12.00	 46.00	 60.00
505	182.00	  0.00	 73.00
506	255.00	  0.00	255.00
507	100.00	142.00	 91.00
508	128.00	179.00	230.00
509	165.00	165.00	165.00
510	 61.00	 82.00	 96.00
511	 65.00	 65.00	 65.00
512	103.00	 64.00	 64.00
513	207.00	228.00	214.00
514	 91.00	 91.00	 55.00
515	 41.00	 32.00	255.00
516	135.00	135.00	135.00
517	255.00	  0.00	146.00
518	229.00	141.00	 61.00
519	 51.00	255.00	204.00
520	 24.00	  1.00	 29.00
521	219.00	146.00	 36.00
522	200.00	 91.00	128.00
523	200.00	237.00	 55.00
524	230.00	179.00	 77.00
525	195.00	195.00	195.00
526	  0.00	  0.00	 73.00
527	 87.00	 70.00	 35.00
528	164.00	 55.00	 91.00
529	237.00	200.00	 18.00
530	246.00	246.00	246.00
531	164.00	 91.00	237.00
532	 36.00	219.00	 36.00
533	228.00	200.00	191.00
534	204.00	255.00	102.00
535	 13.00	 52.00	 13.00
536	 73.00	219.00	109.00
537	  0.00	 73.00	182.00
538	237.00	 55.00	 55.00
539	143.00	 81.00	172.00
540	 60.00	 12.00	 17.00
541	233.00	195.00	249.00
542	 55.00	 18.00	200.00
543	219.00	109.00	146.00
544	128.00	200.00	128.00
545	146.00	146.00	  0.00
546	102.00	 51.00	255.00
547	109.00	146.00	146.00
548	192.00	  2.00	160.00
549	162.00	173.00	251.00
550	 73.00	 73.00	219.00
551	128.00	 77.00	179.00
552	 55.00	 55.00	164.00
553	217.00	206.00	236.00
554	 36.00	 73.00	 36.00
555	 91.00	128.00	 91.00
556	230.00	179.00	128.00
557	182.00	 73.00	182.00
558	237.00	 18.00	200.00
559	 92.00	198.00	  5.00
560	164.00	200.00	 18.00
561	164.00	237.00	164.00
562	  0.00	102.00	153.00
563	171.00	 89.00	  3.00
564	179.00	230.00	230.00
565	128.00	 55.00	 55.00
566	 91.00	 18.00	128.00
567	146.00	109.00	109.00
568	  0.00	153.00	  0.00
569	 75.00	 75.00	 75.00
570	 12.00	155.00	184.00
571	110.00	 97.00	 75.00
572	255.00	182.00	146.00
573	182.00	109.00	255.00
574	 68.00	253.00	193.00
575	 91.00	237.00	 55.00
576	146.00	182.00	182.00
577	204.00	102.00	  0.00
578	255.00	 51.00	204.00
579	  0.00	109.00	182.00
580	204.00	 51.00	  0.00
581	102.00	  0.00	204.00
582	 77.00	 26.00	 77.00
583	 36.00	109.00	182.00
584	146.00	  0.00	  0.00
585	255.00	 73.00	 36.00
586	 51.00	 51.00	  0.00
587	 18.00	 55.00	200.00
588	204.00	204.00	102.00
589	237.00	 18.00	 18.00
590	230.00	230.00	 26.00
591	206.00	175.00	241.00
592	182.00	109.00	 73.00
593	182.00	255.00	 36.00
594	213.00	 90.00	 53.00
595	200.00	 91.00	 18.00
596	124.00	124.00	136.00
597	 55.00	200.00	 55.00
598	255.00	 36.00	 73.00
599	 18.00	 91.00	 91.00
600	 73.00	255.00	255.00
601	237.00	237.00	164.00
602	 77.00	 26.00	 26.00
603	203.00	134.00	195.00
604	200.00	 18.00	200.00
605	164.00	 91.00	 91.00
606	 72.00	139.00	107.00
607	131.00	191.00	169.00
608	 53.00	212.00	 50.00
609	102.00	 51.00	153.00
610	200.00	 55.00	 91.00
611	 91.00	128.00	200.00
612	110.00	110.00	110.00
613	 18.00	128.00	200.00
614	 54.00	 21.00	 61.00
615	 39.00	 96.00	160.00
616	 91.00	164.00	237.00
617	153.00	 51.00	153.00
618	 36.00	255.00	255.00
619	255.00	 73.00	  0.00
620	 18.00	 91.00	 18.00
621	164.00	200.00	 91.00
622	 36.00	146.00	 36.00
623	 86.00	 37.00	 28.00
624	182.00	 36.00	 73.00
625	255.00	182.00	  0.00
626	200.00	 18.00	164.00
627	 52.00	151.00	194.00
628	153.00	255.00	 51.00
629	 55.00	 91.00	 18.00
630	204.00	153.00	153.00
631	 18.00	200.00	200.00
632	 14.00	 26.00	 14.00
633	219.00	109.00	  0.00
634	 36.00	109.00	109.00
635	 93.00	167.00	124.00
636	 91.00	164.00	 18.00
637	237.00	164.00	164.00
638	146.00	255.00	  0.00
639	190.00	190.00	190.00
640	 55.00	200.00	237.00
641	 54.00	 23.00	 44.00
642	 49.00	196.00	  0.00
643	113.00	153.00	104.00
644	109.00	146.00	182.00
645	 16.00	216.00	210.00
646	109.00	 36.00	219.00
647	 51.00	 51.00	204.00
648	 39.00	 16.00	201.00
649	181.00	 53.00	120.00
650	128.00	237.00	237.00
651	128.00	230.00	 26.00
652	 73.00	255.00	 36.00
653	155.00	151.00	107.00
654	146.00	 73.00	109.00
655	121.00	101.00	150.00
656	255.00	204.00	255.00
657	230.00	128.00	 26.00
658	179.00	128.00	128.00
659	 73.00	109.00	 73.00
660	 68.00	250.00	  3.00
661	 51.00	  0.00	204.00
662	102.00	 51.00	204.00
663	 91.00	164.00	 91.00
664	146.00	219.00	 73.00
665	182.00	109.00	146.00
666	174.00	243.00	242.00
667	128.00	 18.00	128.00
668	109.00	182.00	146.00
669	175.00	175.00	175.00
670	219.00	219.00	219.00
671	 50.00	 50.00	 50.00
672	 36.00	219.00	109.00
673	134.00	224.00	128.00
674	 29.00	 65.00	 11.00
675	227.00	217.00	 23.00
676	 26.00	128.00	230.00
677	 45.00	 45.00	 45.00
678	128.00	 55.00	128.00
679	 36.00	  0.00	182.00
680	179.00	 77.00	 77.00
681	219.00	 73.00	219.00
682	128.00	164.00	 55.00
683	 95.00	 95.00	 95.00
684	160.00	160.00	160.00
685	146.00	109.00	146.00
686	 81.00	 37.00	 81.00
687	 32.00	149.00	  3.00
688	 77.00	 77.00	230.00
689	128.00	128.00	164.00
690	 78.00	104.00	 47.00
691	235.00	222.00	212.00
692	 18.00	200.00	 55.00
693	 55.00	 91.00	237.00
694	 77.00	128.00	179.00
695	179.00	230.00	128.00
696	  0.00	182.00	109.00
697	127.00	 25.00	185.00
698	 64.00	 64.00	 64.00
699	219.00	146.00	109.00
700	204.00	153.00	102.00
701	217.00	201.00	 52.00
702	200.00	164.00	 55.00
703	101.00	109.00	117.00
704	 14.00	 69.00	123.00
705	177.00	165.00	242.00
706	255.00	219.00	219.00
707	224.00	236.00	224.00
708	164.00	 91.00	 55.00
709	 18.00	 55.00	 18.00
710	 36.00	255.00	  0.00
711	200.00	200.00	200.00
712	 73.00	146.00	182.00
713	164.00	128.00	164.00
714	182.00	  0.00	 36.00
715	237.00	237.00	200.00
716	182.00	146.00	219.00
717	219.00	109.00	109.00
718	 51.00	  0.00	153.00
719	153.00	134.00	164.00
720	 73.00	255.00	 73.00
721	108.00	134.00	 77.00
722	255.00	153.00	153.00
723	146.00	 73.00	255.00
724	 95.00	111.00	 54.00
725	 18.00	128.00	237.00
726	109.00	146.00	255.00
727	108.00	 52.00	 57.00
728	115.00	115.00	115.00
729	128.00	 18.00	 91.00
730	  0.00	146.00	146.00
731	255.00	146.00	109.00
732	109.00	109.00	 73.00
733	163.00	237.00	226.00
734	153.00	255.00	  0.00
735	164.00	166.00	178.00
736	196.00	208.00	196.00
737	255.00	255.00	255.00
738	109.00	 73.00	109.00
739	170.00	170.00	170.00
740	238.00	114.00	235.00
741	223.00	208.00	211.00
742	209.00	209.00	209.00
743	219.00	 36.00	109.00
744	 91.00	128.00	128.00
745	 67.00	 61.00	 31.00
746	230.00	230.00	 77.00
747	 26.00	 77.00	230.00
748	128.00	230.00	179.00
749	219.00	219.00	  0.00
750	  0.00	182.00	255.00
751	  0.00	182.00	 36.00
752	215.00	189.00	214.00
753	255.00	 51.00	 51.00
754	105.00	147.00	171.00
755	 47.00	220.00	196.00
756	 18.00	200.00	 91.00
757	219.00	255.00	 36.00
758	 55.00	164.00	 91.00
759	 80.00	 91.00	 38.00
760	200.00	 91.00	 55.00
761	204.00	153.00	  0.00
762	164.00	237.00	 55.00
763	 27.00	 95.00	 47.00
764	219.00	182.00	255.00
765	182.00	 73.00	109.00
766	223.00	219.00	191.00
767	 60.00	 60.00	 60.00
768	  0.00	219.00	 36.00
769	146.00	255.00	255.00
770	204.00	205.00	148.00
771	231.00	162.00	169.00
772	255.00	255.00	182.00
773	 29.00	217.00	115.00
774	102.00	102.00	153.00
775	128.00	 26.00	179.00
776	255.00	255.00	 51.00
777	173.00	173.00	173.00
778	 26.00	 60.00	 89.00
779	182.00	182.00	182.00
780	  0.00	109.00	109.00
781	 36.00	 73.00	219.00
782	 91.00	 55.00	128.00
783	255.00	204.00	153.00
784	128.00	 91.00	200.00
785	204.00	153.00	204.00
786	 51.00	204.00	153.00
787	141.00	153.00	209.00
788	143.00	208.00	215.00
789	  0.00	255.00	 36.00
790	219.00	109.00	 36.00
791	 59.00	 42.00	 57.00
792	133.00	145.00	133.00
793	128.00	 55.00	200.00
794	186.00	232.00	173.00
795	  0.00	219.00	219.00
796	169.00	181.00	169.00
797	 36.00	146.00	219.00
798	242.00	242.00	254.00
799	 91.00	164.00	200.00
800	 18.00	128.00	 91.00
801	  0.00	 73.00	219.00
802	254.00	242.00	242.00
803	219.00	 73.00	146.00
804	182.00	255.00	 73.00
805	 37.00	176.00	148.00
806	128.00	164.00	164.00
807	 91.00	128.00	 18.00
808	146.00	 73.00	219.00
809	255.00	255.00	153.00
810	182.00	 73.00	 36.00
811	237.00	128.00	237.00
812	219.00	255.00	  0.00
813	143.00	252.00	200.00
814	164.00	164.00	 18.00
815	182.00	  0.00	109.00
816	255.00	217.00	217.00
817	109.00	 36.00	182.00
818	182.00	182.00	255.00
819	219.00	255.00	182.00
820	207.00	163.00	218.00
821	 16.00	199.00	139.00
822	128.00	200.00	237.00
823	 18.00	 18.00	164.00
824	 73.00	182.00	 73.00
825	  0.00	102.00	  0.00
826	153.00	 51.00	102.00
827	128.00	237.00	 55.00
828	 91.00	164.00	164.00
829	182.00	146.00	146.00
830	164.00	 55.00	200.00
831	200.00	200.00	200.00
832	 69.00	 81.00	 69.00
833	 51.00	153.00	153.00
834	 51.00	102.00	204.00
835	246.00	251.00	115.00
836	109.00	 36.00	146.00
837	200.00	 18.00	128.00
838	219.00	  0.00	 73.00
839	230.00	128.00	230.00
840	153.00	204.00	204.00
841	141.00	137.00	172.00
842	255.00	199.00	 29.00
843	230.00	215.00	236.00
844	205.00	166.00	166.00
845	153.00	204.00	255.00
846	 94.00	 23.00	166.00
847	 36.00	182.00	219.00
848	 51.00	153.00	255.00
849	200.00	 55.00	 18.00
850	162.00	154.00	191.00
851	184.00	159.00	  1.00
852	 73.00	109.00	146.00
853	 36.00	  0.00	146.00
854	243.00	173.00	 59.00
855	179.00	128.00	230.00
856	 18.00	 18.00	200.00
857	237.00	 55.00	 91.00
858	124.00	188.00	 47.00
859	250.00	255.00	159.00
860	 33.00	248.00	 30.00
861	165.00	175.00	230.00
862	 73.00	255.00	146.00
863	219.00	255.00	255.00
864	219.00	 36.00	182.00
865	228.00	228.00	228.00
866	255.00	255.00	146.00
867	200.00	200.00	 55.00
868	 51.00	153.00	102.00
869	164.00	200.00	164.00
870	182.00	186.00	149.00
871	123.00	 99.00	 55.00
872	102.00	  0.00	255.00
873	 63.00	 51.00	 51.00
874	102.00	  0.00	 51.00
875	 26.00	 26.00	128.00
876	255.00	 51.00	  0.00
877	102.00	204.00	 51.00
878	 36.00	182.00	  0.00
879	 84.00	 31.00	103.00
880	179.00	 77.00	 26.00
881	 73.00	 73.00	 36.00
882	153.00	255.00	153.00
883	 55.00	 18.00	 18.00
884	164.00	128.00	 55.00
885	 91.00	200.00	128.00
886	146.00	 36.00	 36.00
887	 18.00	 55.00	 91.00
888	182.00	 73.00	255.00
889	219.00	182.00	182.00
890	128.00	 18.00	200.00
891	173.00	194.00	230.00
892	  0.00	 51.00	204.00
893	177.00	222.00	193.00
894	204.00	153.00	 51.00
895	 91.00	128.00	237.00
896	237.00	200.00	237.00
897	  9.00	 30.00	 47.00
898	146.00	  0.00	146.00
899	109.00	182.00	 36.00
900	 73.00	 36.00	 36.00
901	183.00	241.00	117.00
902	 55.00	 55.00	 91.00
903	 73.00	219.00	 73.00
904	164.00	200.00	200.00
905	 51.00	153.00	204.00
906	  0.00	 51.00	  0.00
907	128.00	164.00	237.00
908	128.00	200.00	164.00
909	179.00	179.00	128.00
910	  3.00	 13.00	 78.00
911	102.00	  0.00	102.00
912	182.00	182.00	 36.00
913	175.00	130.00	  9.00
914	  0.00	146.00	 36.00
915	182.00	219.00	182.00
916	255.00	255.00	255.00
917	164.00	128.00	200.00
918	200.00	237.00	237.00
919	230.00	 77.00	 77.00
920	219.00	  0.00	255.00
921	251.00	197.00	130.00
922	  0.00	 73.00	109.00
923	144.00	108.00	152.00
924	255.00	255.00	219.00
925	255.00	204.00	102.00
926	 44.00	 32.00	 32.00
927	102.00	255.00	102.00
928	185.00	185.00	224.00
929	205.00	205.00	205.00
930	 55.00	237.00	 18.00
931	182.00	219.00	219.00
932	237.00	128.00	164.00
933	103.00	163.00	 93.00
934	255.00	  0.00	204.00
935	 55.00	164.00	237.00
936	 51.00	102.00	 51.00
937	 91.00	237.00	237.00
938	150.00	150.00	150.00
939	230.00	191.00	191.00
940	146.00	109.00	 36.00
941	255.00	182.00	219.00
942	 73.00	  0.00	109.00
943	164.00	237.00	200.00
944	  0.00	 36.00	 73.00
945	128.00	164.00	 91.00
946	163.00	173.00	146.00
947	 26.00	230.00	179.00
948	237.00	 91.00	164.00
949	 26.00	 26.00	179.00
950	 73.00	109.00	219.00
951	182.00	219.00	255.00
952	200.00	128.00	237.00
953	102.00	  0.00	153.00
954	202.00	 46.00	232.00
955	219.00	219.00	146.00
956	  0.00	  0.00	153.00
957	156.00	188.00	199.00
958	200.00	200.00	200.00
959	150.00	150.00	150.00
960	100.00	100.00	100.00
961	 50.00	 50.00	 50.00
962	255.00	180.00	255.00
963	255.00	255.00	180.00
964	180.00	255.00	255.00
965	255.00	  0.00	255.00
966	255.00	255.00	  0.00
967	  0.00	255.00	255.00
968	200.00	200.00	200.00
969	150.00	150.00	150.00
970	100.00	100.00	100.00
971	 50.00	 50.00	 50.00
972	255.00	180.00	255.00
973	255.00	255.00	180.00
974	180.00	255.00	255.00
975	255.00	  0.00	255.00
976	255.00	255.00	  0.00
977	  0.00	255.00	255.00
978	200.00	200.00	200.00
979	150.00	150.00	150.00
980	100.00	100.00	100.00
981	 50.00	 50.00	 50.00
982	255.00	180.00	255.00
983	255.00	255.00	180.00
984	180.00	255.00	255.00
985	255.00	  0.00	255.00
986	255.00	255.00	  0.00
987	  0.00	255.00	255.00
988	200.00	200.00	200.00
989	150.00	150.00	150.00
990	100.00	100.00	100.00
991	 50.00	 50.00	 50.00
992	255.00	180.00	255.00
993	255.00	255.00	180.00
994	180.00	255.00	255.00
995	255.00	  0.00	255.00
996	200.00	 18.00	 55.00
997	255.00	146.00	 36.00
998	219.00	  0.00	182.00
999	144.00	 88.00	144.00
1000	209.00	254.00	246.00
1001	 36.00	109.00	146.00
1002	 73.00	219.00	146.00
1003	 26.00	179.00	 26.00
1004	  0.00	255.00	255.00
1005	 54.00	 42.00	 42.00
1006	 73.00	255.00	  0.00
1007	 25.00	 25.00	 25.00
1008	128.00	237.00	164.00
1009	 85.00	 61.00	255.00
1010	 91.00	200.00	 91.00
1011	 33.00	 66.00	 51.00
1012	162.00	208.00	122.00
1013	179.00	128.00	 26.00
1014	235.00	235.00	235.00
1015	 73.00	146.00	 73.00
1016	  0.00	 36.00	146.00
1017	179.00	 77.00	128.00
1018	 51.00	  0.00	255.00
1019	 55.00	128.00	 55.00
1020	182.00	182.00	109.00
1021	 28.00	196.00	184.00
1022	182.00	  0.00	182.00
1023	 55.00	 91.00	164.00
1024	146.00	 36.00	  0.00
1025	179.00	128.00	179.00
1026	165.00	134.00	207.00
1027	 19.00	255.00	222.00
1028	 62.00	 68.00	 51.00
1029	 73.00	219.00	  0.00
1030	190.00	128.00	 57.00
1031	102.00	102.00	 51.00
1032	 91.00	 55.00	200.00
1033	 73.00	146.00	 36.00
1034	137.00	140.00	197.00
1035	  0.00	 36.00	182.00
1036	 91.00	237.00	 91.00
1037	 91.00	200.00	 55.00
1038	255.00	109.00	 36.00
1039	182.00	 36.00	146.00
1040	 73.00	219.00	182.00
1041	 23.00	 23.00	 35.00
1042	 55.00	237.00	164.00
1043	107.00	 66.00	133.00
1044	128.00	128.00	 55.00
1045	224.00	224.00	236.00
1046	 55.00	 55.00	 55.00
1047	237.00	237.00	 91.00
1048	 51.00	204.00	204.00
1049	148.00	118.00	185.00
1050	 93.00	  1.00	  3.00
1051	230.00	179.00	179.00
1052	205.00	111.00	 18.00
1053	237.00	 55.00	237.00
1054	140.00	 44.00	 53.00
1055	  0.00	219.00	182.00
1056	109.00	219.00	219.00
1057	197.00	215.00	215.00
1058	255.00	255.00	204.00
1059	 90.00	 90.00	 90.00
1060	133.00	133.00	145.00
1061	109.00	182.00	109.00
1062	 55.00	 62.00	178.00
1063	 91.00	 18.00	 18.00
1064	118.00	167.00	191.00
1065	 18.00	 18.00	237.00
1066	 18.00	164.00	200.00
1067	146.00	 73.00	 73.00
1068	255.00	219.00	109.00
1069	 74.00	202.00	184.00
1070	255.00	109.00	109.00
1071	 36.00	109.00	219.00
1072	 27.00	 27.00	 27.00
1073	255.00	109.00	  0.00
1074	 36.00	255.00	 36.00
1075	 77.00	179.00	128.00
1076	100.00	110.00	111.00
1077	  0.00	255.00	109.00
1078	204.00	102.00	102.00
1079	 36.00	146.00	255.00
1080	102.00	204.00	204.00
1081	190.00	178.00	178.00
1082	153.00	102.00	204.00
1083	109.00	182.00	  0.00
1084	151.00	120.00	 99.00
1085	102.00	 51.00	 51.00
1086	237.00	 18.00	237.00
1087	 26.00	 26.00	 77.00
1088	251.00	124.00	 77.00
1089	219.00	146.00	146.00
1090	255.00	204.00	  0.00
1091	255.00	219.00	 36.00
1092	 80.00	 80.00	 80.00
1093	 55.00	128.00	200.00
1094	  0.00	  0.00	255.00
1095	 84.00	135.00	 79.00
1096	 51.00	102.00	255.00
1097	128.00	 77.00	 26.00
1098	146.00	182.00	219.00
1099	106.00	250.00	 46.00
1100	128.00	 91.00	237.00
1101	128.00	 18.00	237.00
1102	255.00	 36.00	  0.00
1103	128.00	 91.00	128.00
1104	 89.00	128.00	 89.00
1105	 26.00	128.00	 26.00
1106	 36.00	  0.00	109.00
1107	128.00	 91.00	 18.00
1108	163.00	151.00	151.00
1109	171.00	169.00	127.00
1110	128.00	179.00	 77.00
1111	 80.00	 86.00	121.00
1112	219.00	 36.00	 73.00
1113	153.00	  0.00	 51.00
1114	128.00	128.00	200.00
1115	 91.00	237.00	164.00
1116	 18.00	 18.00	 18.00
1117	230.00	 77.00	230.00
1118	 73.00	255.00	219.00
1119	200.00	200.00	 91.00
1120	164.00	 55.00	 55.00
1121	144.00	  9.00	119.00
1122	203.00	132.00	171.00
1123	 55.00	 55.00	200.00
1124	  0.00	 51.00	102.00
1125	 51.00	204.00	  0.00
1126	100.00	100.00	100.00
1127	200.00	164.00	 18.00
1128	 55.00	200.00	200.00
1129	 77.00	230.00	128.00
1130	128.00	 77.00	 77.00
1131	164.00	164.00	200.00
1132	102.00	102.00	204.00
1133	237.00	161.00	210.00
1134	128.00	200.00	 91.00
1135	172.00	160.00	160.00
1136	 60.00	 60.00	 72.00
1137	 73.00	  0.00	219.00
1138	 91.00	128.00	 55.00
1139	219.00	219.00	 36.00
1140	 36.00	255.00	146.00
1141	  0.00	219.00	  0.00
1142	 91.00	200.00	237.00
1143	  0.00	109.00	219.00
1144	142.00	142.00	154.00
1145	136.00	124.00	124.00
1146	 35.00	 41.00	 23.00
1147	 55.00	 18.00	 55.00
1148	220.00	220.00	220.00
1149	 36.00	182.00	109.00
1150	153.00	153.00	204.00
1151	204.00	204.00	204.00
1152	200.00	220.00	196.00
1153	255.00	 50.00	192.00
1154	227.00	215.00	215.00
1155	128.00	 55.00	164.00
1156	153.00	  0.00	153.00
1157	200.00	 91.00	 91.00
1158	  0.00	  0.00	255.00
1159	102.00	204.00	153.00
1160	 78.00	 78.00	 90.00
1161	  0.00	102.00	102.00
1162	 78.00	 90.00	 78.00
1163	255.00	 36.00	109.00
1164	 36.00	 36.00	 73.00
1165	204.00	 51.00	204.00
1166	179.00	 77.00	230.00
1167	 91.00	 55.00	 55.00
1168	215.00	215.00	215.00
1169	 73.00	255.00	182.00
1170	128.00	 91.00	 91.00
1171	109.00	182.00	182.00
1172	219.00	 73.00	 36.00
1173	128.00	140.00	 95.00
1174	 18.00	200.00	 18.00
1175	 25.00	 25.00	 91.00
1176	187.00	199.00	187.00
1177	 51.00	 63.00	 51.00
1178	166.00	166.00	205.00
1179	181.00	157.00	126.00
1180	  4.00	 55.00	 76.00
1181	109.00	255.00	182.00
1182	 36.00	255.00	182.00
1183	  0.00	255.00	102.00
1184	 55.00	237.00	 91.00
1185	109.00	219.00	 36.00
1186	164.00	 91.00	 18.00
1187	182.00	109.00	 36.00
1188	 51.00	102.00	  0.00
1189	 73.00	219.00	 36.00
1190	 73.00	109.00	182.00
1191	114.00	114.00	126.00
1192	  0.00	255.00	  0.00
1193	182.00	255.00	182.00
1194	219.00	146.00	255.00
1195	236.00	224.00	224.00
1196	160.00	172.00	160.00
1197	181.00	239.00	190.00
1198	183.00	115.00	148.00
1199	237.00	128.00	 18.00
1200	200.00	 91.00	164.00
1201	 55.00	164.00	200.00
1202	146.00	255.00	182.00
1203	219.00	255.00	109.00
1204	182.00	146.00	109.00
1205	146.00	219.00	146.00
1206	109.00	255.00	219.00
1207	182.00	219.00	 73.00
1208	 32.00	 44.00	 32.00
1209	 91.00	 18.00	 91.00
1210	255.00	255.00	255.00
1211	 85.00	 96.00	131.00
1212	200.00	 91.00	200.00
1213	126.00	205.00	 16.00
1214	151.00	163.00	151.00
1215	 82.00	 82.00	 82.00
1216	 73.00	146.00	255.00
1217	216.00	222.00	176.00
1218	 36.00	182.00	 73.00
1219	255.00	255.00	  0.00
1220	  0.00	204.00	204.00
1221	 32.00	  6.00	 11.00
1222	  0.00	109.00	146.00
1223	 42.00	 42.00	 54.00
1224	  0.00	  0.00	  0.00
1225	 36.00	182.00	255.00
1226	102.00	153.00	255.00
1227	187.00	207.00	252.00
1228	237.00	128.00	128.00
1229	 35.00	 35.00	 35.00
1230	132.00	199.00	180.00
1231	 73.00	  0.00	 36.00
1232	141.00	 29.00	227.00
1233	 77.00	 77.00	128.00
1234	255.00	153.00	255.00
1235	 51.00	255.00	 51.00
1236	109.00	182.00	255.00
1237	179.00	179.00	 26.00
1238	  0.00	 36.00	219.00
1239	182.00	182.00	 73.00
1240	 18.00	164.00	 91.00
1241	200.00	237.00	 91.00
1242	219.00	219.00	 73.00
1243	113.00	 98.00	 98.00
1244	200.00	 55.00	128.00
1245	215.00	227.00	215.00
1246	191.00	191.00	191.00
1247	184.00	 56.00	170.00
1248	 55.00	 18.00	 91.00
1249	237.00	 91.00	 18.00
1250	 51.00	  0.00	 51.00
1251	195.00	195.00	 78.00
1252	 77.00	179.00	230.00
1253	255.00	182.00	255.00
1254	204.00	  0.00	102.00
1255	109.00	109.00	255.00
1256	 55.00	164.00	128.00
1257	  0.00	100.00	 86.00
1258	153.00	204.00	153.00
1259	170.00	144.00	162.00
1260	 91.00	 55.00	164.00
1261	182.00	109.00	219.00
1262	 53.00	 42.00	 41.00
1263	 26.00	179.00	 77.00
1264	 20.00	102.00	 55.00
1265	 25.00	 27.00	 68.00
1266	255.00	102.00	102.00
1267	153.00	153.00	153.00
1268	204.00	 51.00	102.00
1269	219.00	  0.00	219.00
1270	 77.00	 26.00	230.00
1271	 36.00	 36.00	255.00
1272	 77.00	 26.00	128.00
1273	 18.00	200.00	128.00
1274	237.00	 18.00	 91.00
1275	244.00	234.00	255.00
1276	  8.00	  0.00	  0.00
1277	128.00	200.00	200.00
1278	 36.00	255.00	109.00
1279	230.00	 77.00	179.00
1280	  0.00	255.00	182.00
1281	  0.00	255.00	 73.00
1282	120.00	122.00	168.00
1283	153.00	102.00	102.00
1284	 73.00	146.00	109.00
1285	  3.00	 43.00	242.00
1286	128.00	 18.00	 18.00
1287	 55.00	 55.00	128.00
1288	 67.00	238.00	147.00
1289	179.00	 26.00	230.00
1290	  0.00	102.00	 51.00
1291	 73.00	182.00	146.00
1292	164.00	164.00	128.00
1293	153.00	204.00	  0.00
1294	164.00	164.00	 91.00
1295	 73.00	182.00	  0.00
1296	 36.00	109.00	 36.00
1297	109.00	255.00	 36.00
1298	231.00	205.00	168.00
1299	164.00	 18.00	200.00
1300	 51.00	 71.00	 65.00
1301	  0.00	 73.00	  0.00
1302	164.00	 18.00	 91.00
1303	  5.00	  5.00	 17.00
1304	 18.00	 55.00	237.00
1305	128.00	179.00	128.00
1306	 26.00	230.00	128.00
1307	 94.00	 87.00	144.00
1308	  0.00	255.00	204.00
1309	157.00	150.00	167.00
1310	146.00	146.00	182.00
1311	204.00	255.00	153.00
1312	237.00	200.00	128.00
1313	204.00	 51.00	153.00
1314	124.00	 80.00	116.00
1315	156.00	158.00	154.00
1316	202.00	146.00	140.00
1317	 18.00	237.00	200.00
1318	 86.00	 93.00	 49.00
1319	154.00	142.00	142.00
1320	146.00	255.00	146.00
1321	219.00	 68.00	251.00
1322	187.00	187.00	199.00
1323	164.00	200.00	 55.00
1324	200.00	215.00	169.00
1325	255.00	219.00	 73.00
1326	128.00	237.00	 18.00
1327	 51.00	  0.00	102.00
1328	180.00	180.00	180.00
1329	109.00	255.00	255.00
1330	 18.00	 91.00	 55.00
1331	 73.00	 73.00	146.00
1332	 34.00	253.00	250.00
1333	 73.00	 73.00	182.00
1334	  0.00	182.00	  0.00
1335	 36.00	219.00	146.00
1336	171.00	236.00	162.00
1337	115.00	  4.00	231.00
1338	242.00	 67.00	112.00
1339	237.00	164.00	200.00
1340	200.00	200.00	 18.00
1341	  0.00	182.00	219.00
1342	255.00	233.00	193.00
1343	  0.00	 26.00	  0.00
1344	 91.00	 91.00	 91.00
1345	200.00	 18.00	 91.00
1346	200.00	200.00	237.00
1347	108.00	 96.00	 96.00
1348	 40.00	 77.00	 88.00
1349	118.00	 50.00	 84.00
1350	128.00	128.00	230.00
1351	146.00	109.00	  0.00
1352	204.00	  0.00	255.00
1353	 85.00	 85.00	 85.00
1354	164.00	128.00	 91.00
1355	210.00	210.00	210.00
1356	219.00	236.00	190.00
1357	 36.00	146.00	  0.00
1358	204.00	255.00	 51.00
1359	153.00	102.00	  0.00
1360	 73.00	109.00	255.00
1361	156.00	114.00	124.00
1362	255.00	146.00	255.00
1363	200.00	237.00	164.00
1364	  0.00	  0.00	 26.00
1365	 94.00	107.00	163.00
1366	130.00	130.00	130.00
1367	153.00	153.00	102.00
1368	182.00	109.00	  0.00
1369	 91.00	 91.00	200.00
1370	158.00	156.00	 37.00
1371	182.00	219.00	  0.00
1372	 11.00	241.00	 99.00
1373	 46.00	 46.00	 46.00
1374	219.00	182.00	109.00
1375	200.00	 55.00	 55.00
1376	 40.00	 40.00	 40.00
1377	 98.00	 88.00	 51.00
1378	 91.00	 18.00	237.00
1379	255.00	 73.00	182.00
1380	230.00	128.00	128.00
1381	 77.00	230.00	179.00
1382	188.00	 60.00	 59.00
1383	250.00	250.00	250.00
1384	111.00	 79.00	 44.00
1385	 75.00	  1.00	 51.00
1386	240.00	240.00	240.00
1387	255.00	  0.00	 73.00
1388	253.00	 14.00	 19.00
1389	133.00	 36.00	130.00
1390	128.00	179.00	179.00
1391	 73.00	  0.00	182.00
1392	 36.00	 36.00	146.00
1393	 73.00	  0.00	  0.00
1394	237.00	 18.00	 55.00
1395	 60.00	 72.00	 60.00
1396	 18.00	200.00	237.00
1397	110.00	149.00	194.00
1398	109.00	109.00	182.00
1399	146.00	109.00	255.00
1400	  0.00	  0.00	102.00
1401	128.00	164.00	 18.00
1402	237.00	 55.00	164.00
1403	 36.00	146.00	109.00
1404	128.00	230.00	 77.00
1405	161.00	149.00	130.00
1406	109.00	109.00	  0.00
1407	199.00	187.00	187.00
1408	 10.00	  5.00	225.00
1409	 26.00	203.00	237.00
1410	 18.00	 91.00	237.00
1411	 73.00	 36.00	146.00
1412	 15.00	 15.00	 15.00
1413	 36.00	255.00	219.00
1414	 86.00	101.00	104.00
1415	174.00	231.00	211.00
1416	182.00	219.00	 36.00
1417	219.00	182.00	 36.00
1418	164.00	237.00	 91.00
1419	 87.00	 99.00	 87.00
1420	255.00	102.00	204.00
1421	146.00	  0.00	219.00
1422	222.00	252.00	 41.00
1423	154.00	115.00	115.00
1424	  0.00	153.00	204.00
1425	102.00	204.00	255.00
1426	204.00	  0.00	204.00
1427	 77.00	230.00	 77.00
1428	128.00	164.00	200.00
1429	200.00	164.00	 91.00
1430	 26.00	 77.00	 26.00
1431	204.00	102.00	153.00
1432	157.00	251.00	 24.00
1433	 91.00	237.00	200.00
1434	164.00	237.00	128.00
1435	182.00	182.00	219.00
1436	182.00	146.00	 73.00
1437	164.00	128.00	 18.00
1438	  3.00	220.00	173.00
1439	255.00	146.00	 73.00
1440	102.00	102.00	102.00
1441	179.00	230.00	179.00
1442	237.00	200.00	 55.00
1443	128.00	 55.00	237.00
1444	204.00	255.00	204.00
1445	202.00	249.00	223.00
1446	  6.00	170.00	 97.00
1447	164.00	 55.00	164.00
1448	255.00	 36.00	255.00
1449	146.00	146.00	146.00
1450	230.00	128.00	179.00
1451	255.00	102.00	 51.00
1452	255.00	255.00	 36.00
1453	128.00	164.00	128.00
1454	 36.00	  0.00	 73.00
1455	255.00	255.00	102.00
1456	 91.00	 55.00	 18.00
1457	117.00	184.00	116.00
1458	128.00	 89.00	 89.00
1459	220.00	 43.00	159.00
1460	175.00	204.00	143.00
1461	146.00	109.00	219.00
1462	164.00	200.00	128.00
1463	196.00	196.00	208.00
1464	139.00	 70.00	115.00
1465	164.00	164.00	237.00
1466	215.00	215.00	227.00
1467	182.00	182.00	  0.00
1468	230.00	 77.00	128.00
1469	134.00	117.00	114.00
1470	255.00	  0.00	 36.00
1471	124.00	136.00	124.00
1472	237.00	234.00	236.00
1473	109.00	219.00	 73.00
1474	255.00	102.00	153.00
1475	204.00	204.00	255.00
1476	 30.00	116.00	 11.00
1477	 77.00	179.00	179.00
1478	128.00	 77.00	128.00
1479	164.00	128.00	128.00
1480	 13.00	 13.00	 52.00
1481	146.00	 36.00	219.00
1482	219.00	 73.00	 73.00
1483	 22.00	255.00	 61.00
1484	 26.00	 26.00	 26.00
1485	106.00	 61.00	 42.00
1486	 97.00	 54.00	 74.00
1487	146.00	219.00	 36.00
1488	  0.00	  0.00	  0.00
1489	219.00	219.00	182.00
1490	 36.00	 36.00	182.00
1491	179.00	179.00	230.00
1492	128.00	 26.00	 77.00
1493	182.00	146.00	255.00
1494	 91.00	164.00	 55.00
1495	109.00	146.00	  0.00
1496	111.00	241.00	111.00
1497	159.00	 33.00	255.00
1498	164.00	200.00	237.00
1499	  0.00	 51.00	 51.00
1500	156.00	171.00	 79.00
1501	 23.00	 35.00	 23.00
1502	 80.00	 63.00	 82.00
1503	 14.00	 76.00	176.00
1504	153.00	  0.00	204.00
1505	237.00	164.00	 91.00
1506	146.00	  0.00	109.00
1507	242.00	127.00	147.00
1508	255.00	  0.00	  0.00
1509	255.00	255.00	255.00
1510	 76.00	108.00	 78.00
1511	217.00	255.00	217.00
1512	 70.00	101.00	117.00
1513	153.00	153.00	 51.00
1514	153.00	204.00	 51.00
1515	 70.00	 34.00	 63.00
1516	 20.00	 20.00	 20.00
1517	109.00	 73.00	255.00
1518	109.00	  0.00	 73.00
1519	151.00	151.00	163.00
1520	237.00	164.00	237.00
1521	219.00	182.00	  0.00
1522	170.00	  6.00	182.00
1523	182.00	  0.00	146.00
1524	255.00	  0.00	153.00
1525	 47.00	 60.00	 55.00
1526	146.00	  0.00	 73.00
1527	172.00	205.00	183.00
1528	 18.00	164.00	 55.00
1529	255.00	 73.00	 73.00
1530	 73.00	182.00	182.00
1531	128.00	 26.00	128.00
1532	200.00	128.00	200.00
1533	102.00	255.00	  0.00
1534	115.00	115.00	154.00
1535	  0.00	182.00	146.00
1536	248.00	252.00	 13.00
1537	200.00	237.00	128.00
1538	 55.00	 55.00	237.00
1539	114.00	182.00	163.00
1540	  0.00	  0.00	  0.00
1541	 55.00	200.00	 18.00
1542	255.00	  0.00	109.00
1543	146.00	219.00	  0.00
1544	  0.00	146.00	219.00
1545	 66.00	119.00	103.00
1546	108.00	131.00	103.00
1547	 89.00	 89.00	128.00
1548	 77.00	 77.00	179.00
1549	178.00	190.00	178.00
1550	153.00	254.00	 77.00
1551	 91.00	 18.00	200.00
1552	230.00	 26.00	179.00
1553	 55.00	200.00	164.00
1554	216.00	177.00	228.00
1555	204.00	 51.00	255.00
1556	166.00	205.00	166.00
1557	237.00	237.00	 55.00
1558	 26.00	 77.00	179.00
1559	249.00	201.00	185.00
1560	161.00	208.00	168.00
1561	204.00	204.00	  0.00
1562	219.00	  0.00	  0.00
1563	 73.00	182.00	219.00
1564	 36.00	146.00	182.00
1565	109.00	 36.00	255.00
1566	 49.00	  0.00	 59.00
1567	237.00	 18.00	164.00
1568	219.00	255.00	219.00
1569	164.00	 18.00	237.00
1570	102.00	102.00	255.00
1571	200.00	237.00	200.00
1572	102.00	255.00	153.00
1573	  0.00	  0.00	  0.00
1574	 91.00	 18.00	 55.00
1575	 36.00	219.00	  0.00
1576	164.00	237.00	237.00
1577	 52.00	 13.00	 13.00
1578	 26.00	179.00	128.00
1579	 20.00	177.00	 18.00
1580	182.00	219.00	146.00
1581	255.00	219.00	  0.00
1582	 63.00	  1.00	 31.00
1583	219.00	255.00	 73.00
1584	160.00	 97.00	231.00
1585	 36.00	182.00	 36.00
1586	 18.00	 18.00	128.00
1587	219.00	 36.00	 36.00
1588	200.00	199.00	122.00
1589	146.00	 36.00	182.00
1590	102.00	153.00	102.00
1591	 87.00	 87.00	 99.00
1592	255.00	182.00	182.00
1593	179.00	 26.00	128.00
1594	200.00	200.00	128.00
1595	230.00	179.00	230.00
1596	  0.00	204.00	  0.00
1597	255.00	 36.00	146.00
1598	125.00	 49.00	 81.00
1599	 55.00	164.00	164.00
1600	 58.00	  1.00	134.00
1601	185.00	119.00	241.00
1602	100.00	250.00	201.00
1603	 94.00	214.00	156.00
1604	177.00	148.00	131.00
1605	102.00	 51.00	102.00
1606	128.00	200.00	 18.00
1607	109.00	 36.00	  0.00
1608	109.00	 73.00	 73.00
1609	120.00	129.00	185.00
1610	164.00	128.00	237.00
1611	168.00	 34.00	  3.00
1612	  0.00	146.00	 73.00
1613	 18.00	 91.00	128.00
1614	128.00	128.00	 26.00
1615	204.00	204.00	153.00
1616	 51.00	 51.00	255.00
1617	237.00	 91.00	 91.00
1618	  0.00	219.00	146.00
1619	120.00	120.00	120.00
1620	  0.00	109.00	 73.00
1621	204.00	 51.00	 51.00
1622	117.00	105.00	105.00
1623	251.00	204.00	229.00
1624	241.00	 10.00	123.00
1625	 73.00	182.00	109.00
1626	237.00	237.00	128.00
1627	 27.00	147.00	255.00
1628	 36.00	 36.00	109.00
1629	 20.00	223.00	  9.00
1630	109.00	 73.00	 36.00
1631	  0.00	146.00	  0.00
1632	102.00	255.00	255.00
1633	164.00	 55.00	128.00
1634	153.00	102.00	255.00
1635	188.00	 22.00	206.00
1636	  0.00	 36.00	  0.00
1637	230.00	230.00	179.00
1638	179.00	 26.00	 26.00
1639	 18.00	128.00	 18.00
1640	 18.00	 18.00	 55.00
1641	  9.00	 68.00	217.00
1642	237.00	 91.00	200.00
1643	255.00	102.00	  0.00
1644	146.00	146.00	109.00
1645	128.00	 91.00	164.00
1646	255.00	  0.00	 51.00
1647	128.00	128.00	179.00
1648	108.00	117.00	 83.00
1649	 99.00	 87.00	 87.00
1650	237.00	164.00	 55.00
1651	186.00	182.00	131.00
1652	164.00	 91.00	200.00
1653	  0.00	255.00	146.00
1654	 73.00	 36.00	109.00
1655	 91.00	200.00	 18.00
1656	 36.00	 90.00	 92.00
1657	220.00	154.00	155.00
1658	140.00	140.00	140.00
1659	160.00	160.00	172.00
1660	 18.00	164.00	 18.00
1661	 77.00	128.00	 77.00
1662	109.00	255.00	109.00
1663	109.00	146.00	 73.00
1664	 18.00	237.00	 91.00
1665	102.00	204.00	  0.00
1666	182.00	109.00	109.00
1667	 89.00	150.00	  1.00
1668	109.00	  0.00	 36.00
1669	237.00	200.00	 91.00
1670	 51.00	204.00	102.00
1671	  0.00	146.00	255.00
1672	145.00	133.00	133.00
1673	105.00	117.00	105.00
1674	145.00	156.00	 92.00
1675	255.00	109.00	255.00
1676	219.00	109.00	255.00
1677	  0.00	  0.00	  0.00
1678	  0.00	 36.00	109.00
1679	247.00	126.00	109.00
1680	215.00	 78.00	218.00
1681	 36.00	 73.00	255.00
1682	238.00	220.00	249.00
1683	 51.00	102.00	153.00
1684	140.00	140.00	179.00
1685	109.00	 73.00	182.00
1686	255.00	255.00	  0.00
1687	255.00	 36.00	 36.00
1688	 55.00	 18.00	128.00
1689	130.00	 75.00	231.00
1690	 65.00	129.00	121.00
1691	 73.00	 36.00	255.00
1692	200.00	200.00	164.00
1693	 96.00	 16.00	255.00
1694	118.00	118.00	118.00
1695	188.00	 31.00	 89.00
1696	 23.00	 54.00	 50.00
1697	  3.00	117.00	227.00
1698	 55.00	164.00	 55.00
1699	 18.00	 55.00	164.00
1700	 55.00	 55.00	 55.00
1701	 77.00	128.00	230.00
1702	217.00	205.00	205.00
1703	 73.00	 36.00	  0.00
1704	217.00	214.00	159.00
1705	 91.00	 18.00	164.00
1706	255.00	 73.00	146.00
1707	230.00	 26.00	 77.00
1708	241.00	237.00	189.00
1709	100.00	100.00	100.00
1710	 91.00	 91.00	128.00
1711	145.00	145.00	145.00
1712	 26.00	230.00	230.00
1713	 58.00	137.00	 69.00
1714	109.00	 36.00	109.00
1715	209.00	169.00	187.00
1716	 91.00	 91.00	 18.00
1717	102.00	 51.00	  0.00
1718	 50.00	 65.00	 17.00
1719	 96.00	 96.00	108.00
1720	  4.00	  1.00	131.00
1721	 55.00	237.00	128.00
1722	154.00	181.00	162.00
1723	146.00	219.00	255.00
1724	 86.00	141.00	142.00
1725	 64.00	 64.00	103.00
1726	219.00	146.00	  0.00
1727	146.00	182.00	109.00
1728	182.00	146.00	182.00
1729	105.00	105.00	117.00
1730	 26.00	128.00	 77.00
1731	184.00	223.00	 42.00
1732	109.00	146.00	219.00
1733	 26.00	 77.00	128.00
1734	 55.00	 55.00	 18.00
1735	255.00	 51.00	153.00
1736	146.00	182.00	255.00
1737	164.00	 18.00	128.00
1738	 18.00	123.00	177.00
1739	  0.00	109.00	 36.00
1740	 36.00	109.00	255.00
1741	252.00	150.00	237.00
1742	164.00	 91.00	164.00
1743	146.00	 73.00	  0.00
1744	109.00	  0.00	219.00
1745	204.00	102.00	 51.00
1746	242.00	 60.00	225.00
1747	 48.00	 32.00	153.00
1748	 93.00	 85.00	  1.00
1749	239.00	245.00	214.00
1750	182.00	 36.00	109.00
1751	219.00	114.00	200.00
1752	  0.00	255.00	153.00
1753	119.00	113.00	231.00
1754	 37.00	 16.00	 56.00
1755	  0.00	109.00	255.00
1756	102.00	153.00	  0.00
1757	  0.00	255.00	168.00
1758	 38.00	 77.00	 38.00
1759	 51.00	255.00	153.00
1760	146.00	 36.00	 73.00
1761	237.00	 91.00	237.00
1762	155.00	155.00	155.00
1763	255.00	146.00	182.00
1764	  0.00	 36.00	255.00
1765	213.00	238.00	244.00
1766	171.00	 80.00	 39.00
1767	111.00	201.00	199.00
1768	 26.00	133.00	 42.00
1769	182.00	255.00	109.00
1770	  0.00	 73.00	 73.00
1771	 84.00	 48.00	185.00
1772	 51.00	 51.00	 51.00
1773	219.00	219.00	109.00
1774	146.00	 36.00	146.00
1775	 18.00	 91.00	200.00
1776	  0.00	153.00	153.00
1777	230.00	179.00	 26.00
1778	219.00	 36.00	219.00
1779	128.00	230.00	230.00
1780	164.00	237.00	 18.00
1781	182.00	219.00	109.00
1782	128.00	128.00	237.00
1783	128.00	 55.00	 91.00
1784	 55.00	 91.00	200.00
1785	 73.00	146.00	219.00
1786	230.00	230.00	128.00
1787	109.00	219.00	182.00
1788	 77.00	179.00	 26.00
1789	 18.00	200.00	164.00
1790	 81.00	 69.00	 69.00
1791	130.00	 99.00	 83.00
1792	237.00	 55.00	128.00
1793	109.00	182.00	219.00
1794	 55.00	237.00	200.00
1795	169.00	192.00	246.00
1796	226.00	166.00	173.00
1797	 18.00	164.00	128.00
1798	219.00	182.00	146.00
1799	182.00	 36.00	255.00
1800	  5.00	  5.00	  5.00
1801	 76.00	138.00	129.00
1802	118.00	182.00	 83.00
1803	  0.00	  0.00	182.00
1804	109.00	 73.00	219.00
1805	 73.00	182.00	 36.00
1806	 36.00	  0.00	255.00
1807	200.00	164.00	164.00
1808	  0.00	219.00	109.00
1809	255.00	  0.00	255.00
1810	 18.00	128.00	128.00
1811	 62.00	246.00	 79.00
1812	 86.00	142.00	 35.00
1813	 36.00	 73.00	  0.00
1814	164.00	164.00	164.00
1815	109.00	  0.00	  0.00
1816	242.00	213.00	 67.00
1817	 10.00	 60.00	 18.00
1818	219.00	  0.00	109.00
1819	255.00	219.00	146.00
1820	 73.00	  0.00	 73.00
1821	255.00	 73.00	255.00
1822	255.00	204.00	 51.00
1823	179.00	128.00	 77.00
1824	  0.00	  0.00	109.00
1825	182.00	255.00	219.00
1826	250.00	  3.00	 71.00
1827	219.00	 36.00	146.00
1828	109.00	  0.00	255.00
1829	 36.00	146.00	 73.00
1830	109.00	109.00	146.00
1831	147.00	 19.00	 75.00
1832	 85.00	148.00	 89.00
1833	  9.00	  9.00	  9.00
1834	 62.00	 50.00	116.00
1835	128.00	 18.00	164.00
1836	255.00	109.00	 73.00
1837	255.00	102.00	255.00
1838	255.00	153.00	  0.00
1839	146.00	146.00	 36.00
1840	248.00	 94.00	163.00
1841	128.00	172.00	166.00
1842	 73.00	 73.00	 73.00
1843	146.00	182.00	  0.00
1844	237.00	 55.00	200.00
1845	156.00	141.00	239.00
1846	102.00	153.00	 51.00
1847	162.00	150.00	114.00
1848	  6.00	101.00	146.00
1849	  5.00	 17.00	  5.00
1850	153.00	 51.00	204.00
1851	 73.00	146.00	146.00
1852	153.00	255.00	204.00
1853	 75.00	 64.00	 89.00
1854	230.00	230.00	230.00
1855	223.00	 40.00	 40.00
1856	189.00	152.00	101.00
1857	 30.00	 30.00	 30.00
1858	 91.00	 91.00	237.00
1859	 36.00	219.00	219.00
1860	114.00	 69.00	 81.00
1861	 36.00	182.00	146.00
1862	174.00	128.00	143.00
1863	 73.00	219.00	255.00
1864	 91.00	 55.00	237.00
1865	 88.00	 39.00	 28.00
1866	219.00	109.00	219.00
1867	153.00	  0.00	102.00
1868	 73.00	146.00	  0.00
1869	 36.00	  0.00	 36.00
1870	 26.00	230.00	 26.00
1871	255.00	109.00	182.00
1872	 55.00	200.00	 91.00
1873	230.00	 26.00	 26.00
1874	 73.00	 73.00	  0.00
1875	157.00	212.00	151.00
1876	233.00	233.00	245.00
1877	109.00	109.00	109.00
1878	134.00	170.00	145.00
1879	179.00	210.00	212.00
1880	124.00	 63.00	134.00
1881	182.00	 36.00	  0.00
1882	219.00	 73.00	182.00
1883	182.00	  0.00	  0.00
1884	255.00	182.00	 73.00
1885	 26.00	  0.00	  0.00
1886	 23.00	 79.00	 18.00
1887	252.00	 57.00	153.00
1888	219.00	 73.00	  0.00
1889	146.00	 73.00	 36.00
1890	142.00	154.00	142.00
1891	164.00	 55.00	 18.00
1892	237.00	128.00	 55.00
1893	239.00	236.00	171.00
1894	146.00	219.00	109.00
1895	200.00	164.00	128.00
1896	237.00	237.00	237.00
1897	219.00	182.00	219.00
1898	153.00	190.00	218.00
1899	255.00	182.00	 36.00
1900	  0.00	204.00	102.00
1901	206.00	183.00	144.00
1902	183.00	132.00	161.00
1903	164.00	 55.00	237.00
1904	102.00	255.00	204.00
1905	  3.00	  0.00	  0.00
1906	115.00	  1.00	189.00
1907	  0.00	244.00	  1.00
1908	 57.00	 53.00	 55.00
1909	111.00	112.00	116.00
1910	120.00	 54.00	  0.00
1911	 48.00	 48.00	  0.00
1912	110.00	100.00	 53.00
1913	  3.00	114.00	 97.00
1914	236.00	114.00	  0.00
END_DATA
