CGATS.17
NUMBER_OF_FIELDS 7
BEGIN_DATA_FORMAT
SAMPLE_ID RGB_R RGB_G RGB_B LAB_L LAB_A LAB_B
END_DATA_FORMAT
NUMBER_OF_SETS 1914
BEGIN_DATA
1	200.00	200.00	200.00	 76.58	 -1.01	  0.79
2	150.00	150.00	150.00	 60.48	 -0.34	  2.97
3	100.00	100.00	100.00	 41.56	  2.17	  0.48
4	 50.00	 50.00	 50.00	 20.99	  4.33	 -2.10
5	255.00	180.00	255.00	 81.98	 23.05	-12.56
6	255.00	255.00	180.00	 93.17	 -6.66	 27.45
7	180.00	255.00	255.00	 84.88	-16.04	-16.45
8	255.00	  0.00	255.00	 51.53	 81.19	 -7.48
9	255.00	255.00	  0.00	 89.31	 -6.58	109.48
10	  0.00	255.00	255.00	 58.55	-44.17	-53.86
11	200.00	200.00	200.00	 76.96	 -1.04	  0.65
12	150.00	150.00	150.00	 60.09	 -0.02	  2.73
13	100.00	100.00	100.00	 41.80	  2.52	  0.80
14	 50.00	 50.00	 50.00	 20.64	  4.10	 -2.15
15	255.00	180.00	255.00	 82.18	 22.64	-12.44
16	255.00	255.00	180.00	 93.27	 -7.16	 26.76
17	180.00	255.00	255.00	 84.67	-16.49	-16.48
18	255.00	  0.00	255.00	 51.78	 81.27	 -8.09
19	255.00	255.00	  0.00	 89.30	 -6.62	109.41
20	  0.00	255.00	255.00	 58.67	-44.50	-53.65
21	179.00	140.00	140.00	 63.66	  8.03	 12.80
22	 98.00	 56.00	247.00	 42.69	 40.21	-54.10
23	155.00	155.00	155.00	 62.01	 -0.30	  2.60
24	190.00	190.00	190.00	 73.46	 -0.55	  1.07
25	 36.00	182.00	255.00	 50.55	-22.59	-59.93
26	155.00	155.00	155.00	 62.00	 -0.00	  2.47
27	 73.00	109.00	182.00	 46.90	  3.54	-34.73
28	 73.00	255.00	219.00	 68.47	-46.16	-25.39
29	237.00	 91.00	128.00	 65.42	 37.19	 26.57
30	255.00	 51.00	  0.00	 61.59	 57.95	 82.62
31	 36.00	146.00	146.00	 40.68	-28.99	-29.08
32	230.00	179.00	230.00	 78.83	 15.26	 -6.57
33	230.00	179.00	128.00	 77.58	  7.60	 34.53
34	219.00	109.00	219.00	 68.68	 33.82	-11.38
35	 47.00	 61.00	 66.00	 23.39	  1.66	 -7.30
36	105.00	117.00	105.00	 45.80	 -2.47	  1.73
37	 18.00	 91.00	164.00	 28.36	 -2.29	-48.13
38	200.00	 91.00	 91.00	 58.43	 27.99	 30.94
39	128.00	237.00	200.00	 72.88	-30.97	-10.24
40	146.00	109.00	219.00	 59.10	 21.23	-28.67
41	 18.00	 91.00	237.00	 33.58	 14.45	-73.17
42	 18.00	 91.00	 55.00	 21.79	-21.71	 -5.51
43	175.00	175.00	175.00	 68.90	 -0.47	  2.21
44	182.00	 73.00	 73.00	 51.72	 30.32	 31.38
45	158.00	255.00	  2.00	 73.85	-33.71	 82.48
46	  0.00	  0.00	 26.00	  5.05	  8.94	 -8.71
47	225.00	146.00	162.00	 73.39	 18.20	 15.44
48	170.00	170.00	170.00	 67.24	 -0.31	  2.22
49	237.00	 55.00	128.00	 60.65	 50.67	 24.07
50	  0.00	204.00	 51.00	 33.84	-72.24	  6.62
51	146.00	182.00	  0.00	 59.46	-13.47	 69.10
52	230.00	128.00	 26.00	 68.70	 20.98	 73.37
53	 77.00	 26.00	230.00	 35.24	 49.67	-54.04
54	 18.00	 18.00	237.00	 25.90	 50.46	-70.51
55	128.00	164.00	128.00	 58.64	-13.14	  6.86
56	179.00	128.00	128.00	 61.36	 11.60	 15.93
57	 55.00	 55.00	200.00	 34.90	 27.96	-53.14
58	  0.00	109.00	146.00	 23.75	-15.61	-42.34
59	 77.00	179.00	128.00	 53.80	-32.43	 -4.17
60	146.00	  0.00	109.00	 33.94	 57.03	  2.84
61	146.00	182.00	146.00	 64.96	-13.09	  7.31
62	  0.00	255.00	255.00	 58.68	-44.36	-53.22
63	 89.00	 99.00	 36.00	 38.44	 -4.34	 23.84
64	146.00	109.00	 73.00	 51.51	  6.68	 25.94
65	151.00	125.00	185.00	 59.58	 12.34	-13.03
66	 17.00	  5.00	  5.00	  5.53	  6.46	  2.29
67	204.00	 51.00	255.00	 55.05	 59.28	-30.32
68	200.00	164.00	 91.00	 70.00	  2.24	 41.15
69	255.00	  0.00	255.00	 51.47	 80.32	 -7.56
70	230.00	 77.00	179.00	 63.58	 44.69	  4.12
71	180.00	126.00	108.00	 60.85	 11.00	 23.32
72	 26.00	 77.00	230.00	 33.84	 20.35	-71.23
73	102.00	 51.00	  0.00	 30.91	 17.70	 36.02
74	109.00	182.00	109.00	 58.82	-27.04	 12.33
75	 73.00	255.00	255.00	 71.43	-38.61	-36.68
76	200.00	209.00	181.00	 77.58	 -5.78	  9.47
77	201.00	232.00	192.00	 81.32	-12.03	  7.67
78	204.00	153.00	 51.00	 67.91	  6.11	 57.70
79	182.00	 73.00	146.00	 54.45	 34.11	  3.77
80	164.00	 55.00	237.00	 51.31	 48.48	-34.32
81	146.00	182.00	 73.00	 62.18	-18.84	 36.80
82	207.00	173.00	214.00	 75.36	 10.18	 -6.13
83	103.00	  5.00	213.00	 33.94	 57.12	-37.12
84	 51.00	255.00	 51.00	 55.37	-74.39	 33.53
85	255.00	255.00	255.00	 94.33	 -1.27	 -2.12
86	 35.00	 23.00	 23.00	 11.12	 10.43	  1.64
87	178.00	178.00	190.00	 71.16	  0.43	 -2.48
88	 80.00	185.00	  2.00	 48.84	-35.55	 50.96
89	133.00	133.00	145.00	 55.08	  1.61	 -2.90
90	247.00	212.00	216.00	 85.99	  6.35	  6.04
91	  0.00	182.00	 73.00	 29.80	-59.76	 -5.47
92	102.00	153.00	255.00	 59.07	  3.06	-45.95
93	153.00	102.00	204.00	 57.65	 22.88	-21.82
94	146.00	255.00	 36.00	 72.24	-45.16	 65.76
95	237.00	 91.00	 55.00	 64.99	 35.54	 55.87
96	109.00	 73.00	  0.00	 35.84	 11.29	 41.49
97	  0.00	146.00	 73.00	 24.42	-46.36	 -9.87
98	 55.00	128.00	 55.00	 36.51	-24.03	 10.30
99	 36.00	219.00	182.00	 54.50	-49.89	-30.32
100	109.00	255.00	219.00	 73.67	-38.78	-18.13
101	 90.00	 30.00	 35.00	 25.14	 23.75	 12.55
102	 61.00	 45.00	114.00	 27.74	 19.82	-21.84
103	169.00	181.00	169.00	 69.13	 -4.88	  3.92
104	164.00	 91.00	200.00	 56.80	 29.37	-19.02
105	252.00	248.00	185.00	 91.43	 -5.70	 24.99
106	102.00	153.00	  0.00	 46.45	-17.98	 51.88
107	164.00	237.00	164.00	 76.81	-26.31	 11.57
108	219.00	182.00	255.00	 78.16	 14.21	-19.52
109	230.00	230.00	 26.00	 82.27	 -9.84	 88.03
110	153.00	255.00	255.00	 81.22	-21.89	-22.03
111	164.00	136.00	  1.00	 55.48	  4.68	 67.11
112	  0.00	219.00	  0.00	 41.35	-76.86	 31.87
113	 36.00	 36.00	219.00	 30.34	 41.11	-66.77
114	128.00	 91.00	 18.00	 43.31	  8.70	 42.61
115	238.00	 57.00	155.00	 61.03	 51.74	 13.29
116	164.00	164.00	237.00	 68.85	  7.07	-24.61
117	146.00	 36.00	  0.00	 37.56	 34.70	 46.37
118	102.00	  0.00	  0.00	 21.41	 35.82	 24.25
119	217.00	163.00	152.00	 74.36	  9.55	 20.24
120	 36.00	219.00	109.00	 50.62	-64.27	 -3.93
121	 13.00	251.00	149.00	 49.61	-70.52	-19.63
122	172.00	107.00	103.00	 56.49	 15.90	 20.65
123	225.00	225.00	225.00	 84.34	 -0.16	 -0.63
124	  0.00	153.00	 51.00	 26.28	-53.54	 -0.24
125	  0.00	 36.00	219.00	 21.40	 34.76	-73.92
126	219.00	219.00	 73.00	 80.12	-10.75	 59.39
127	230.00	201.00	252.00	 81.57	 10.52	-14.53
128	230.00	 77.00	128.00	 62.50	 41.13	 23.49
129	128.00	179.00	179.00	 63.40	-13.49	 -8.77
130	  0.00	146.00	146.00	 28.56	-30.02	-37.18
131	200.00	200.00	164.00	 76.56	 -4.83	 15.52
132	146.00	146.00	109.00	 57.62	 -3.64	 17.17
133	212.00	202.00	158.00	 78.38	 -2.55	 21.50
134	 36.00	182.00	 73.00	 43.79	-53.46	  4.53
135	182.00	182.00	109.00	 69.47	 -7.30	 31.26
136	237.00	 91.00	237.00	 67.89	 45.92	-15.74
137	 78.00	 90.00	 78.00	 34.77	 -1.38	  0.59
138	 87.00	252.00	213.00	 70.44	-43.63	-20.10
139	 91.00	200.00	 55.00	 56.90	-42.62	 32.13
140	 36.00	 73.00	 36.00	 21.91	 -9.00	  4.61
141	255.00	 73.00	109.00	 65.24	 48.81	 36.79
142	 55.00	200.00	128.00	 52.70	-48.04	 -9.05
143	 32.00	  8.00	 42.00	 11.04	 19.90	 -6.10
144	128.00	 77.00	230.00	 51.38	 32.32	-39.77
145	200.00	237.00	 91.00	 79.58	-21.85	 49.57
146	179.00	230.00	230.00	 78.66	-13.02	-11.88
147	204.00	110.00	171.00	 64.98	 27.05	  4.07
148	255.00	 73.00	 36.00	 65.17	 47.37	 68.72
149	146.00	120.00	 97.00	 53.94	  4.01	 17.96
150	255.00	182.00	219.00	 81.97	 19.07	  2.32
151	146.00	255.00	146.00	 75.60	-40.70	 16.58
152	 55.00	 18.00	 91.00	 21.17	 27.68	-15.78
153	 91.00	 18.00	128.00	 30.03	 39.43	-17.46
154	182.00	182.00	255.00	 72.87	  6.62	-26.53
155	  5.00	235.00	 82.00	 40.24	-78.94	  0.78
156	202.00	156.00	221.00	 73.48	 15.12	-11.78
157	203.00	161.00	164.00	 72.58	  8.15	 11.64
158	200.00	200.00	 55.00	 74.03	-10.60	 61.74
159	146.00	 73.00	255.00	 51.14	 42.07	-44.14
160	200.00	200.00	237.00	 77.80	  2.32	-13.77
161	200.00	 91.00	237.00	 62.28	 38.74	-23.70
162	109.00	255.00	 36.00	 65.40	-57.68	 55.94
163	 73.00	146.00	 36.00	 42.64	-26.88	 26.53
164	  0.00	 51.00	102.00	 12.64	  1.37	-34.50
165	195.00	173.00	199.00	 72.46	  6.39	 -3.28
166	 51.00	  0.00	  0.00	 10.48	 21.19	 10.76
167	  3.00	117.00	189.00	 30.06	 -9.91	-55.09
168	237.00	164.00	 55.00	 75.04	 11.32	 64.24
169	255.00	153.00	  0.00	 75.75	 22.46	 96.42
170	146.00	182.00	 36.00	 61.88	-19.74	 54.11
171	230.00	230.00	179.00	 84.93	 -5.92	 20.25
172	 91.00	164.00	237.00	 59.41	 -7.26	-39.98
173	121.00	 64.00	 79.00	 40.13	 18.81	  9.20
174	 36.00	  0.00	  0.00	  7.66	 16.05	  7.14
175	109.00	 73.00	146.00	 43.52	 20.68	-16.59
176	 18.00	200.00	128.00	 42.63	-55.32	-20.50
177	 18.00	200.00	 91.00	 41.39	-62.66	 -5.49
178	 91.00	 18.00	164.00	 32.40	 44.99	-27.84
179	 52.00	 13.00	 13.00	 13.49	 17.79	  8.66
180	211.00	195.00	233.00	 78.31	  6.10	-10.81
181	 73.00	 73.00	255.00	 42.28	 32.26	-61.92
182	 18.00	164.00	 55.00	 34.34	-52.01	  4.33
183	228.00	 36.00	193.00	 55.04	 63.75	 -3.84
184	 36.00	 73.00	219.00	 35.42	 21.03	-65.20
185	102.00	102.00	153.00	 46.82	  7.88	-18.00
186	109.00	 73.00	219.00	 47.87	 29.02	-41.34
187	 96.00	 96.00	108.00	 41.73	  4.57	 -4.57
188	237.00	191.00	 72.00	 78.80	  2.98	 60.06
189	  0.00	182.00	255.00	 42.94	-20.35	-68.77
190	103.00	 26.00	173.00	 36.10	 44.80	-28.81
191	 91.00	 55.00	 91.00	 33.40	 17.99	 -4.88
192	117.00	 93.00	 98.00	 43.98	  8.64	  4.91
193	 77.00	 26.00	 77.00	 24.78	 26.24	 -5.61
194	146.00	  0.00	 73.00	 34.23	 54.12	 13.28
195	164.00	200.00	 18.00	 66.85	-18.40	 70.77
196	 73.00	109.00	255.00	 47.01	 16.66	-59.21
197	204.00	  0.00	  0.00	 43.92	 63.33	 50.95
198	146.00	186.00	218.00	 69.82	 -6.06	-20.02
199	237.00	 18.00	237.00	 53.00	 74.42	-13.75
200	128.00	 55.00	237.00	 47.00	 42.99	-42.81
201	109.00	 36.00	146.00	 37.30	 38.00	-19.40
202	 13.00	 70.00	165.00	 24.92	  7.54	-52.64
203	 18.00	 55.00	 18.00	 15.04	-10.28	  6.17
204	  0.00	219.00	 36.00	 37.92	-81.33	 15.89
205	219.00	255.00	 73.00	 84.94	-23.12	 65.07
206	 15.00	222.00	204.00	 51.02	-48.08	-42.60
207	 36.00	146.00	219.00	 45.91	-14.50	-55.13
208	  0.00	 51.00	153.00	 17.09	 11.81	-51.32
209	 89.00	 28.00	 34.00	 25.08	 24.10	 12.67
210	237.00	 91.00	 18.00	 65.15	 35.80	 74.78
211	182.00	 36.00	  0.00	 44.77	 44.31	 58.23
212	160.00	160.00	172.00	 64.93	  0.82	 -2.00
213	164.00	200.00	128.00	 70.68	-16.83	 22.25
214	237.00	237.00	 55.00	 85.27	-10.06	 76.62
215	  7.00	157.00	  8.00	 30.50	-54.81	 21.90
216	236.00	202.00	213.00	 82.66	  6.91	  3.96
217	 36.00	182.00	 36.00	 42.30	-54.05	 21.82
218	153.00	204.00	 51.00	 66.50	-25.35	 51.38
219	233.00	168.00	206.00	 77.33	 16.26	  2.94
220	132.00	 93.00	 96.00	 46.63	 11.34	  9.90
221	 73.00	219.00	  0.00	 53.46	-49.09	 53.95
222	169.00	169.00	181.00	 68.38	  0.67	 -2.19
223	255.00	 73.00	219.00	 65.54	 56.55	 -7.21
224	 77.00	179.00	 26.00	 49.02	-38.02	 39.69
225	 81.00	 46.00	 99.00	 30.36	 21.02	-10.75
226	 59.00	 45.00	199.00	 33.68	 33.62	-51.81
227	 26.00	128.00	179.00	 37.71	-15.16	-47.05
228	160.00	146.00	101.00	 60.36	 -1.08	 24.35
229	255.00	120.00	 61.00	 72.28	 31.69	 62.41
230	219.00	255.00	146.00	 86.85	-19.74	 34.83
231	230.00	128.00	230.00	 72.44	 31.49	-11.86
232	233.00	245.00	233.00	 90.15	 -3.89	  1.15
233	 56.00	 97.00	 42.00	 30.15	-11.18	 10.49
234	  0.00	219.00	219.00	 47.46	-44.92	-52.42
235	146.00	 98.00	102.00	 50.88	 13.10	 12.67
236	249.00	153.00	228.00	 77.48	 27.73	 -5.23
237	237.00	 18.00	128.00	 52.69	 67.14	 23.44
238	 91.00	164.00	 18.00	 48.08	-28.28	 45.22
239	254.00	238.00	195.00	 90.26	 -1.01	 20.11
240	114.00	 73.00	 89.00	 40.68	 14.74	  4.46
241	219.00	182.00	 73.00	 75.57	  0.54	 55.34
242	 73.00	146.00	  0.00	 40.40	-25.25	 43.09
243	 51.00	102.00	  0.00	 29.00	-16.17	 30.28
244	113.00	 48.00	108.00	 36.63	 28.08	 -5.03
245	128.00	179.00	230.00	 66.64	 -6.37	-28.25
246	 18.00	200.00	237.00	 49.13	-34.58	-57.04
247	230.00	179.00	 26.00	 75.19	  4.88	 80.08
248	 91.00	 18.00	237.00	 35.85	 54.80	-48.95
249	  9.00	  7.00	 66.00	  9.48	 18.45	-20.31
250	158.00	150.00	197.00	 64.17	  6.56	-13.64
251	 73.00	255.00	182.00	 66.37	-53.71	-11.82
252	237.00	200.00	128.00	 80.74	  2.65	 39.01
253	191.00	170.00	150.00	 70.01	  1.21	 15.21
254	153.00	  0.00	  0.00	 33.26	 49.62	 35.94
255	 73.00	 73.00	 73.00	 30.28	  3.17	 -1.20
256	182.00	219.00	219.00	 77.26	 -9.80	 -8.52
257	209.00	220.00	187.00	 80.57	 -6.79	 10.81
258	237.00	128.00	 55.00	 70.17	 22.49	 60.09
259	255.00	  0.00	204.00	 49.89	 80.36	  6.31
260	 51.00	204.00	102.00	 52.07	-54.01	  0.66
261	237.00	 18.00	164.00	 53.43	 68.41	 10.16
262	136.00	234.00	116.00	 71.18	-39.28	 24.62
263	 36.00	219.00	255.00	 60.01	-38.27	-50.89
264	163.00	101.00	155.00	 55.62	 20.10	 -1.61
265	 12.00	 42.00	 17.00	 10.66	 -8.85	  2.78
266	 55.00	164.00	128.00	 48.03	-33.98	-13.00
267	 82.00	 82.00	 82.00	 34.15	  2.86	 -1.14
268	190.00	217.00	197.00	 77.98	 -9.28	  1.74
269	  0.00	255.00	  0.00	 50.72	-81.88	 38.34
270	126.00	114.00	114.00	 48.72	  3.85	  4.26
271	  0.00	204.00	255.00	 46.66	-29.25	-65.68
272	219.00	255.00	  0.00	 83.71	-15.67	100.07
273	 18.00	 55.00	200.00	 26.88	 23.76	-64.94
274	146.00	 73.00	182.00	 49.94	 31.14	-18.09
275	 73.00	255.00	 73.00	 60.11	-69.39	 28.93
276	177.00	179.00	 70.00	 67.11	 -9.24	 46.37
277	 90.00	 64.00	 31.00	 32.07	  8.78	 19.33
278	 73.00	146.00	219.00	 52.99	 -5.03	-42.40
279	128.00	179.00	 77.00	 59.10	-23.57	 29.50
280	181.00	250.00	151.00	 80.23	-27.86	 22.41
281	 18.00	200.00	200.00	 47.31	-42.04	-44.18
282	230.00	179.00	179.00	 78.16	 10.68	 13.65
283	 91.00	 91.00	237.00	 48.92	 22.20	-49.23
284	237.00	237.00	128.00	 86.28	 -9.04	 45.53
285	 18.00	 91.00	200.00	 31.49	  5.77	-60.79
286	142.00	151.00	194.00	 62.44	  2.15	-16.04
287	200.00	 18.00	237.00	 49.11	 69.46	-21.36
288	128.00	164.00	 91.00	 57.33	-16.43	 21.18
289	102.00	255.00	255.00	 74.90	-33.02	-31.55
290	  6.00	  2.00	233.00	 22.61	 54.28	-69.82
291	 77.00	 26.00	 26.00	 22.20	 20.71	 11.93
292	242.00	242.00	254.00	 91.26	  0.69	 -5.77
293	219.00	  0.00	 73.00	 46.46	 69.78	 35.90
294	 51.00	153.00	204.00	 49.04	-16.59	-44.16
295	146.00	 73.00	 36.00	 44.66	 19.42	 35.86
296	109.00	  0.00	219.00	 33.77	 60.28	-36.09
297	173.00	  8.00	233.00	 43.69	 67.21	-24.80
298	114.00	126.00	114.00	 49.73	 -2.99	  2.84
299	255.00	204.00	204.00	 85.03	 10.57	 10.37
300	180.00	242.00	212.00	 80.66	-18.21	 -3.03
301	179.00	128.00	179.00	 63.49	 16.34	 -3.04
302	179.00	 26.00	 26.00	 43.53	 48.14	 43.62
303	179.00	230.00	 26.00	 74.17	-25.51	 74.20
304	125.00	125.00	125.00	 50.99	  0.95	  1.89
305	 87.00	 99.00	 87.00	 38.49	 -1.89	  1.01
306	 36.00	146.00	109.00	 39.14	-34.57	-15.63
307	  0.00	102.00	102.00	 19.10	-21.11	-28.23
308	 51.00	226.00	211.00	 61.10	-43.96	-34.30
309	 36.00	146.00	189.00	 43.15	-19.55	-45.54
310	185.00	185.00	185.00	 72.25	 -0.46	  1.76
311	102.00	255.00	102.00	 66.41	-59.91	 23.95
312	 85.00	223.00	 28.00	 57.57	-52.15	 47.57
313	 26.00	230.00	179.00	 53.35	-55.01	-29.55
314	164.00	237.00	200.00	 77.83	-21.79	 -2.80
315	 26.00	  0.00	  0.00	  5.87	 11.24	  5.02
316	146.00	  0.00	219.00	 38.21	 64.34	-25.41
317	  0.00	109.00	 73.00	 19.39	-31.57	-15.28
318	153.00	  0.00	153.00	 36.87	 61.58	 -5.73
319	125.00	 79.00	 53.00	 43.11	 12.33	 23.21
320	255.00	102.00	 51.00	 70.05	 36.72	 65.01
321	182.00	109.00	  0.00	 56.16	 18.40	 69.92
322	109.00	146.00	 81.00	 51.50	-15.05	 17.83
323	109.00	 73.00	109.00	 41.29	 15.95	 -3.54
324	102.00	 51.00	255.00	 41.46	 45.15	-55.20
325	128.00	 55.00	 91.00	 40.34	 25.99	  6.23
326	 81.00	 20.00	 49.00	 22.50	 27.99	  4.60
327	146.00	  0.00	182.00	 36.43	 62.14	-14.26
328	  0.00	146.00	182.00	 32.25	-22.88	-50.00
329	 18.00	164.00	 91.00	 35.80	-47.96	-10.27
330	221.00	154.00	211.00	 74.40	 18.90	 -4.04
331	  0.00	 73.00	109.00	 15.70	 -7.13	-33.90
332	143.00	192.00	247.00	 69.02	 -5.19	-30.02
333	102.00	102.00	 51.00	 43.16	 -2.39	 21.72
334	146.00	146.00	 73.00	 57.33	 -5.63	 31.70
335	219.00	109.00	  0.00	 63.50	 28.54	 80.69
336	187.00	229.00	230.00	 79.20	-10.84	-10.51
337	115.00	115.00	154.00	 51.81	  4.65	-12.31
338	255.00	  0.00	  0.00	 51.71	 77.51	 69.04
339	146.00	103.00	162.00	 54.53	 16.86	 -8.72
340	178.00	210.00	155.00	 74.98	-14.07	 15.60
341	164.00	200.00	 91.00	 69.28	-19.79	 37.31
342	 18.00	 55.00	128.00	 20.96	  8.41	-38.81
343	 55.00	 55.00	 18.00	 22.02	  2.24	 16.01
344	102.00	204.00	102.00	 60.98	-38.45	 16.26
345	 51.00	153.00	153.00	 44.65	-26.17	-25.20
346	204.00	204.00	204.00	 77.96	 -1.04	  0.18
347	255.00	219.00	 73.00	 85.85	 -0.01	 69.94
348	 91.00	 91.00	 18.00	 36.44	 -0.46	 31.48
349	 73.00	219.00	182.00	 61.87	-40.07	-18.62
350	219.00	146.00	 36.00	 68.92	 12.11	 66.90
351	  0.00	153.00	  0.00	 30.58	-56.28	 23.32
352	255.00	255.00	 51.00	 91.17	-11.17	 81.70
353	146.00	219.00	 73.00	 68.65	-32.47	 40.95
354	128.00	 77.00	 26.00	 41.56	 13.60	 36.02
355	237.00	164.00	164.00	 77.34	 15.23	 19.45
356	129.00	188.00	147.00	 63.91	-19.42	  3.50
357	 77.00	230.00	128.00	 61.42	-52.41	  4.82
358	109.00	109.00	182.00	 51.96	 10.27	-24.76
359	182.00	146.00	  0.00	 60.71	  6.44	 73.87
360	251.00	254.00	120.00	 91.75	-10.53	 52.19
361	 41.00	 62.00	 23.00	 20.94	 -4.19	 10.75
362	153.00	  0.00	 51.00	 34.89	 54.21	 20.81
363	  0.00	  0.00	  0.00	  1.70	 -1.54	  1.03
364	205.00	195.00	192.00	 76.28	  0.97	  4.62
365	200.00	164.00	 18.00	 67.24	  3.05	 74.29
366	119.00	139.00	242.00	 58.80	  7.86	-39.88
367	255.00	102.00	  0.00	 68.99	 39.79	 89.60
368	 88.00	138.00	106.00	 48.85	-15.39	 -0.27
369	219.00	 73.00	109.00	 59.18	 39.85	 27.02
370	 70.00	 70.00	 70.00	 29.05	  3.29	 -1.09
371	128.00	128.00	 26.00	 50.00	 -5.11	 45.34
372	237.00	200.00	 55.00	 79.50	  0.37	 70.47
373	182.00	109.00	182.00	 61.85	 23.71	 -5.17
374	 77.00	128.00	 77.00	 43.01	-15.81	  7.65
375	136.00	163.00	161.00	 61.11	 -7.28	 -2.17
376	 81.00	 67.00	 17.00	 30.28	  4.60	 25.02
377	  0.00	255.00	102.00	 40.42	-81.01	 -4.65
378	 98.00	138.00	 92.00	 49.79	-13.59	  8.18
379	 91.00	200.00	 91.00	 58.04	-40.60	 17.09
380	237.00	128.00	128.00	 71.32	 24.55	 29.61
381	208.00	 42.00	 77.00	 51.75	 49.41	 34.58
382	  0.00	  0.00	 36.00	  5.91	 12.37	-12.62
383	182.00	219.00	109.00	 75.45	-20.72	 36.26
384	229.00	184.00	198.00	 78.49	  9.77	  6.37
385	118.00	122.00	 61.00	 48.83	 -5.42	 25.19
386	128.00	 55.00	164.00	 44.26	 34.36	-18.55
387	182.00	109.00	109.00	 58.45	 18.12	 21.59
388	204.00	153.00	102.00	 68.94	  7.68	 36.44
389	 18.00	 55.00	 91.00	 18.20	  1.11	-25.32
390	 53.00	 99.00	113.00	 34.83	 -6.68	-18.41
391	255.00	255.00	255.00	 94.69	 -1.86	 -2.13
392	 26.00	 77.00	 26.00	 21.52	-14.50	  7.40
393	 64.00	 64.00	103.00	 30.89	 10.16	-15.35
394	146.00	 73.00	 73.00	 46.30	 20.87	 20.32
395	151.00	211.00	131.00	 70.64	-24.22	 18.45
396	 51.00	 75.00	 47.00	 25.05	 -4.97	  3.01
397	182.00	255.00	219.00	 83.39	-21.58	 -2.86
398	 18.00	164.00	237.00	 44.31	-20.02	-63.38
399	255.00	  0.00	 73.00	 50.48	 77.72	 43.49
400	245.00	245.00	245.00	 92.15	 -0.74	 -1.96
401	 59.00	125.00	 88.00	 39.40	-18.37	 -3.50
402	204.00	  0.00	102.00	 43.98	 67.79	 21.20
403	 14.00	 10.00	 63.00	 11.14	 17.24	-18.48
404	164.00	128.00	164.00	 61.40	 11.06	 -1.69
405	221.00	 88.00	 52.00	 61.74	 32.97	 51.73
406	254.00	184.00	185.00	 82.40	 14.87	 16.51
407	219.00	  0.00	219.00	 46.61	 75.10	 -7.20
408	121.00	139.00	193.00	 57.72	  1.98	-21.88
409	121.00	 36.00	 64.00	 34.07	 31.72	 12.92
410	146.00	255.00	182.00	 77.24	-35.01	  3.97
411	255.00	255.00	219.00	 93.90	 -4.69	 12.24
412	 26.00	179.00	179.00	 44.60	-37.59	-38.99
413	109.00	219.00	  0.00	 59.45	-38.42	 64.30
414	179.00	230.00	128.00	 76.75	-23.72	 28.42
415	146.00	219.00	  0.00	 66.09	-26.77	 75.54
416	153.00	255.00	  0.00	 72.62	-35.11	 81.53
417	128.00	 18.00	 18.00	 31.23	 37.66	 29.72
418	255.00	146.00	146.00	 76.60	 25.03	 29.20
419	 36.00	219.00	146.00	 52.73	-56.50	-17.80
420	245.00	183.00	203.00	 81.07	 14.47	  7.86
421	164.00	128.00	200.00	 62.59	 15.69	-15.25
422	230.00	 77.00	 26.00	 61.86	 39.24	 66.35
423	164.00	200.00	 55.00	 68.13	-20.40	 52.65
424	 36.00	 36.00	 36.00	 13.67	  5.97	 -2.01
425	 73.00	146.00	182.00	 51.36	-12.21	-29.39
426	254.00	  5.00	 19.00	 52.77	 75.38	 61.89
427	233.00	233.00	245.00	 87.80	  0.71	 -5.49
428	 69.00	144.00	180.00	 49.86	-12.91	-30.30
429	 89.00	 89.00	128.00	 40.78	  7.60	-14.19
430	204.00	153.00	204.00	 71.74	 14.65	 -5.12
431	219.00	182.00	 36.00	 74.40	  0.75	 73.51
432	  0.00	 36.00	 36.00	  6.89	 -7.70	-12.18
433	146.00	182.00	219.00	 68.58	 -4.49	-20.93
434	109.00	146.00	109.00	 52.95	-12.88	  5.72
435	217.00	217.00	255.00	 81.83	  3.58	-16.10
436	 73.00	 36.00	109.00	 27.73	 25.88	-17.47
437	255.00	 73.00	255.00	 65.60	 59.85	-20.46
438	  0.00	182.00	219.00	 40.38	-28.79	-58.15
439	194.00	181.00	170.00	 72.70	  0.72	  9.07
440	  0.00	  0.00	219.00	 19.86	 52.78	-68.09
441	146.00	146.00	182.00	 61.62	  4.08	-10.84
442	141.00	120.00	 98.00	 52.91	  3.26	 15.74
443	255.00	153.00	153.00	 78.15	 22.80	 26.97
444	219.00	  0.00	 36.00	 46.47	 68.75	 44.02
445	 12.00	 23.00	 19.00	  7.00	  0.26	 -2.08
446	 75.00	117.00	 80.00	 40.75	-10.82	  3.39
447	102.00	 51.00	 51.00	 32.58	 17.86	 13.05
448	109.00	208.00	146.00	 64.45	-32.45	  2.75
449	146.00	 73.00	219.00	 52.66	 35.33	-31.14
450	140.00	 21.00	250.00	 41.89	 61.77	-39.59
451	159.00	138.00	175.00	 62.67	  8.04	 -5.75
452	137.00	134.00	155.00	 56.89	  3.54	 -6.24
453	196.00	216.00	155.00	 77.83	-11.78	 19.81
454	128.00	 91.00	128.00	 47.17	 14.88	 -2.90
455	126.00	124.00	142.00	 52.76	  2.67	 -4.36
456	255.00	109.00	219.00	 72.28	 42.06	 -5.54
457	160.00	 97.00	115.00	 52.98	 17.30	 12.22
458	  0.00	219.00	146.00	 39.71	-60.27	-27.01
459	163.00	179.00	220.00	 71.16	  0.42	-17.28
460	 10.00	 10.00	 10.00	  5.43	  3.32	  0.23
461	 26.00	128.00	230.00	 41.24	 -4.04	-64.17
462	153.00	102.00	255.00	 57.23	 31.27	-40.21
463	219.00	146.00	 73.00	 70.01	 13.38	 50.17
464	109.00	219.00	 36.00	 61.00	-44.02	 49.52
465	 55.00	237.00	 91.00	 56.03	-67.51	 12.73
466	 26.00	 26.00	 77.00	 15.61	 15.55	-20.49
467	242.00	254.00	242.00	 93.09	 -4.03	  0.02
468	163.00	151.00	151.00	 62.75	  1.59	  5.28
469	255.00	219.00	182.00	 87.80	  4.25	 23.27
470	194.00	198.00	243.00	 77.06	  1.91	-17.49
471	170.00	 52.00	119.00	 47.86	 38.52	  8.80
472	102.00	  0.00	255.00	 36.57	 64.64	-44.30
473	209.00	 93.00	139.00	 62.00	 31.72	 15.47
474	182.00	146.00	146.00	 65.25	  7.43	 11.65
475	182.00	255.00	 36.00	 78.51	-34.11	 73.09
476	128.00	237.00	 18.00	 66.10	-42.54	 66.12
477	128.00	 92.00	 77.00	 46.13	  9.51	 16.05
478	 67.00	117.00	 99.00	 40.52	-12.43	 -6.96
479	109.00	109.00	  0.00	 41.96	 -0.69	 48.51
480	 73.00	182.00	146.00	 54.01	-32.73	-11.38
481	176.00	170.00	170.00	 67.95	  0.75	  3.87
482	 38.00	  5.00	 10.00	  9.15	 16.37	  5.08
483	 36.00	 73.00	109.00	 26.29	  0.16	-25.34
484	 10.00	162.00	163.00	 36.06	-33.66	-39.64
485	 27.00	 27.00	 27.00	 10.49	  6.25	 -1.64
486	 36.00	146.00	  0.00	 33.41	-37.58	 32.58
487	 36.00	250.00	223.00	 62.68	-50.52	-35.50
488	109.00	146.00	 36.00	 49.67	-16.71	 37.39
489	109.00	219.00	219.00	 69.71	-26.45	-21.42
490	105.00	 44.00	 77.00	 32.99	 24.82	  3.11
491	128.00	 77.00	128.00	 45.72	 20.16	 -4.56
492	231.00	  5.00	 59.00	 48.45	 69.17	 42.73
493	255.00	255.00	  0.00	 89.48	 -6.26	109.58
494	128.00	 55.00	 55.00	 39.18	 23.21	 19.80
495	 62.00	 59.00	 28.00	 24.32	  2.49	 12.91
496	 32.00	 32.00	 44.00	 13.33	  7.87	 -5.87
497	 92.00	128.00	164.00	 51.21	 -3.70	-19.59
498	164.00	128.00	128.00	 58.82	  8.17	 11.29
499	204.00	 51.00	102.00	 52.43	 45.60	 24.06
500	198.00	178.00	118.00	 72.03	 -1.84	 31.40
501	109.00	146.00	255.00	 58.63	  6.97	-45.40
502	147.00	214.00	221.00	 73.41	-15.63	-16.91
503	113.00	 72.00	 67.00	 39.46	 12.93	 12.72
504	141.00	246.00	 73.00	 71.42	-44.74	 44.97
505	 18.00	 91.00	128.00	 25.27	 -8.18	-35.64
506	255.00	255.00	255.00	 94.89	 -1.18	 -2.28
507	 18.00	200.00	 55.00	 40.24	-66.80	  8.79
508	101.00	169.00	122.00	 55.93	-22.78	  3.54
509	255.00	255.00	146.00	 92.55	 -9.47	 41.25
510	255.00	146.00	219.00	 77.15	 30.72	 -1.35
511	105.00	105.00	105.00	 43.46	  1.79	  0.62
512	 54.00	 28.00	 12.00	 16.89	 11.40	 12.59
513	153.00	153.00	255.00	 65.14	 11.47	-35.17
514	164.00	164.00	200.00	 67.65	  3.03	-11.23
515	109.00	 36.00	255.00	 40.30	 52.78	-52.27
516	 18.00	164.00	 18.00	 33.83	-52.82	 21.81
517	154.00	142.00	142.00	 59.50	  2.45	  5.41
518	 44.00	 36.00	 99.00	 22.67	 18.65	-22.27
519	227.00	215.00	215.00	 83.06	  1.50	  2.81
520	255.00	153.00	 51.00	 76.84	 19.88	 70.05
521	 68.00	133.00	 99.00	 43.82	-19.06	 -4.37
522	 99.00	149.00	102.00	 52.22	-17.58	  6.78
523	205.00	217.00	205.00	 79.50	 -5.22	  2.19
524	204.00	  0.00	255.00	 48.18	 74.99	-19.26
525	177.00	213.00	162.00	 75.62	-14.64	 13.07
526	 77.00	 77.00	179.00	 43.07	 16.89	-36.89
527	165.00	165.00	165.00	 65.83	 -0.79	  2.86
528	 67.00	 54.00	 89.00	 29.02	 12.94	-10.67
529	 65.00	 65.00	 65.00	 27.44	  3.68	 -1.35
530	179.00	230.00	179.00	 78.11	-18.06	  8.19
531	 76.00	 79.00	 94.00	 34.23	  4.61	 -7.23
532	 55.00	164.00	 18.00	 40.89	-38.79	 33.61
533	 28.00	178.00	 56.00	 39.55	-55.39	  8.46
534	135.00	135.00	135.00	 54.23	  0.36	  2.66
535	219.00	146.00	  0.00	 68.43	 16.07	 85.40
536	 13.00	 68.00	241.00	 28.89	 26.26	-76.99
537	  0.00	255.00	204.00	 52.31	-56.74	-38.69
538	211.00	215.00	246.00	 81.60	  1.34	-13.25
539	182.00	255.00	182.00	 82.79	-25.44	 10.58
540	164.00	164.00	 91.00	 63.36	 -6.48	 32.01
541	200.00	 55.00	 18.00	 51.34	 41.00	 58.76
542	179.00	 77.00	 26.00	 51.75	 27.36	 52.38
543	195.00	195.00	195.00	 75.33	 -0.95	  1.24
544	230.00	230.00	 77.00	 82.70	 -9.76	 63.31
545	 58.00	 43.00	 93.00	 26.17	 17.12	-15.28
546	128.00	128.00	 55.00	 51.35	 -4.81	 31.73
547	200.00	237.00	237.00	 82.89	 -9.34	 -9.44
548	142.00	142.00	154.00	 58.63	  1.29	 -2.53
549	128.00	164.00	200.00	 62.42	 -5.53	-19.12
550	 36.00	 36.00	182.00	 25.76	 32.23	-54.55
551	121.00	156.00	127.00	 56.33	-12.17	  4.23
552	153.00	255.00	102.00	 75.22	-43.24	 35.99
553	179.00	179.00	179.00	 70.40	 -0.81	  1.98
554	 73.00	 36.00	255.00	 35.63	 49.31	-61.98
555	154.00	115.00	115.00	 54.71	  9.50	 12.11
556	200.00	128.00	 18.00	 62.86	 14.72	 69.95
557	224.00	120.00	247.00	 70.13	 35.77	-20.37
558	183.00	234.00	236.00	 79.86	-12.58	-12.66
559	 77.00	 60.00	106.00	 32.87	 14.81	-13.40
560	215.00	227.00	215.00	 82.69	 -3.80	  1.18
561	182.00	255.00	  0.00	 78.01	-25.72	 90.21
562	128.00	 18.00	 91.00	 33.78	 43.46	  3.45
563	109.00	255.00	146.00	 70.34	-50.90	  9.08
564	 51.00	 51.00	255.00	 35.22	 41.13	-68.91
565	109.00	  0.00	  0.00	 22.75	 37.93	 26.14
566	180.00	152.00	229.00	 70.24	 14.03	-20.01
567	112.00	181.00	  3.00	 54.19	-25.41	 59.07
568	 36.00	219.00	 73.00	 49.78	-68.06	 11.35
569	 26.00	230.00	128.00	 49.85	-66.35	-13.19
570	 18.00	128.00	128.00	 31.45	-26.30	-29.88
571	 13.00	 38.00	 36.00	  9.76	 -3.57	 -7.95
572	  0.00	182.00	182.00	 37.00	-37.41	-45.17
573	 55.00	200.00	 55.00	 50.50	-55.02	 21.59
574	179.00	 77.00	 77.00	 51.56	 27.55	 29.24
575	146.00	219.00	 36.00	 66.52	-32.33	 58.99
576	200.00	 91.00	164.00	 60.79	 32.30	  3.39
577	139.00	200.00	173.00	 68.50	-18.95	 -2.20
578	128.00	237.00	237.00	 74.42	-25.68	-23.19
579	164.00	 55.00	128.00	 47.18	 37.03	  4.01
580	 19.00	227.00	251.00	 57.34	-41.87	-53.21
581	195.00	230.00	176.00	 80.17	-14.25	 12.45
582	128.00	128.00	179.00	 56.43	  6.13	-16.33
583	 91.00	128.00	 18.00	 41.46	-14.42	 38.17
584	 55.00	 91.00	 91.00	 32.89	 -5.52	-10.53
585	109.00	219.00	255.00	 69.84	-21.08	-35.73
586	182.00	125.00	254.00	 65.31	 27.41	-30.87
587	 75.00	 75.00	 75.00	 31.81	  3.48	 -1.53
588	241.00	 84.00	110.00	 65.38	 40.07	 34.81
589	138.00	138.00	102.00	 55.54	 -2.75	 16.48
590	255.00	 36.00	  0.00	 58.97	 63.52	 79.62
591	146.00	255.00	109.00	 73.80	-45.30	 31.68
592	 58.00	147.00	 98.00	 43.37	-28.64	 -4.11
593	 91.00	 55.00	 18.00	 30.14	 12.31	 25.05
594	146.00	 36.00	 36.00	 37.76	 35.32	 30.62
595	153.00	102.00	  0.00	 49.46	 13.24	 59.99
596	204.00	 51.00	204.00	 55.20	 55.49	-12.98
597	166.00	166.00	205.00	 68.18	  3.50	-12.32
598	153.00	 51.00	  0.00	 41.58	 31.35	 51.85
599	 51.00	  0.00	204.00	 25.05	 51.97	-48.02
600	255.00	204.00	102.00	 84.78	  4.78	 54.37
601	  0.00	255.00	 36.00	 42.96	-90.66	 24.98
602	109.00	109.00	146.00	 48.60	  5.49	-11.89
603	219.00	182.00	182.00	 76.97	  7.28	  9.97
604	  0.00	 51.00	  0.00	 13.56	-20.02	  8.93
605	255.00	182.00	  0.00	 80.06	 14.53	100.18
606	153.00	204.00	102.00	 68.01	-23.42	 29.54
607	200.00	 55.00	237.00	 55.37	 55.17	-26.17
608	179.00	 77.00	230.00	 57.50	 40.83	-26.79
609	 26.00	  0.00	  0.00	  5.89	 11.48	  4.47
610	146.00	219.00	219.00	 74.12	-18.48	-15.25
611	182.00	 73.00	182.00	 54.85	 38.36	 -8.80
612	164.00	 18.00	166.00	 41.65	 56.83	 -8.99
613	164.00	128.00	237.00	 64.30	 19.75	-28.91
614	 32.00	 44.00	 32.00	 14.56	  0.74	  0.99
615	 55.00	 18.00	 18.00	 15.72	 16.59	  8.24
616	219.00	146.00	219.00	 73.32	 21.87	 -7.93
617	255.00	182.00	146.00	 81.72	 13.81	 32.71
618	 73.00	109.00	109.00	 40.60	 -6.45	 -9.59
619	191.00	191.00	191.00	 73.48	 -0.76	  0.90
620	255.00	204.00	 51.00	 84.54	  2.95	 78.62
621	 61.00	121.00	 67.00	 37.40	-17.76	  5.16
622	164.00	 91.00	164.00	 55.33	 25.25	 -4.62
623	128.00	164.00	 55.00	 56.70	-18.32	 37.59
624	171.00	202.00	136.00	 72.08	-14.84	 21.07
625	202.00	 57.00	184.00	 55.59	 49.22	 -5.94
626	 62.00	 26.00	129.00	 26.31	 31.55	-26.76
627	 51.00	 51.00	153.00	 29.60	 21.21	-38.62
628	164.00	128.00	 55.00	 57.18	  3.86	 41.49
629	 55.00	200.00	164.00	 54.77	-41.22	-21.59
630	110.00	110.00	110.00	 45.45	  1.83	  0.62
631	255.00	219.00	219.00	 88.54	  6.99	  7.15
632	167.00	164.00	208.00	 68.69	  4.51	-13.67
633	 52.00	 88.00	119.00	 33.14	 -1.62	-22.17
634	 55.00	237.00	200.00	 62.81	-47.19	-26.94
635	102.00	 51.00	153.00	 39.29	 30.72	-22.83
636	 36.00	109.00	109.00	 32.01	-15.44	-21.70
637	219.00	182.00	146.00	 76.26	  4.51	 24.61
638	255.00	182.00	 73.00	 81.45	 10.50	 63.69
639	164.00	 18.00	 55.00	 39.92	 49.24	 25.41
640	  0.00	255.00	182.00	 49.63	-62.08	-32.40
641	138.00	 81.00	124.00	 47.36	 19.85	  0.29
642	146.00	146.00	219.00	 64.15	  7.92	-24.92
643	255.00	  0.00	146.00	 49.26	 78.68	 23.01
644	164.00	 91.00	128.00	 53.46	 21.69	  7.47
645	 82.00	 86.00	148.00	 41.33	  9.77	-23.17
646	102.00	255.00	 51.00	 64.36	-61.77	 47.52
647	 18.00	128.00	237.00	 39.04	 -2.89	-67.58
648	153.00	153.00	153.00	 60.92	  0.43	  2.73
649	 18.00	 18.00	164.00	 19.99	 35.20	-50.48
650	237.00	128.00	 18.00	 69.65	 23.50	 79.65
651	182.00	219.00	146.00	 76.40	-17.47	 21.38
652	  0.00	219.00	255.00	 49.80	-35.66	-63.19
653	245.00	140.00	194.00	 75.13	 27.09	  6.62
654	 55.00	200.00	237.00	 57.86	-31.03	-46.67
655	200.00	237.00	128.00	 80.60	-20.35	 33.97
656	146.00	 73.00	146.00	 48.69	 27.46	 -5.97
657	  0.00	  0.00	  0.00	  1.48	 -1.46	  1.07
658	 55.00	 18.00	200.00	 28.83	 45.19	-49.96
659	  6.00	 32.00	  1.00	  9.98	 -8.79	  6.59
660	 49.00	 83.00	  7.00	 26.15	 -9.30	 23.21
661	130.00	178.00	162.00	 63.17	-14.67	 -2.48
662	109.00	  0.00	 36.00	 25.01	 42.51	 14.05
663	225.00	241.00	162.00	 85.40	-11.23	 26.71
664	 73.00	182.00	 73.00	 51.87	-40.64	 17.05
665	  0.00	 51.00	204.00	 21.19	 23.00	-68.45
666	 89.00	158.00	246.00	 58.01	 -3.34	-44.48
667	 66.00	133.00	 41.00	 39.39	-23.31	 20.05
668	128.00	 55.00	200.00	 46.42	 38.79	-31.23
669	 77.00	 77.00	230.00	 44.50	 25.33	-52.76
670	 73.00	 73.00	182.00	 41.41	 18.78	-39.85
671	249.00	 20.00	216.00	 53.92	 74.53	 -4.54
672	109.00	182.00	255.00	 63.89	 -7.25	-40.59
673	245.00	196.00	194.00	 82.75	  9.97	 12.20
674	204.00	204.00	255.00	 78.53	  3.60	-20.29
675	128.00	230.00	230.00	 72.96	-25.21	-21.81
676	128.00	 26.00	 77.00	 34.97	 38.99	  8.58
677	 36.00	219.00	219.00	 56.68	-43.87	-42.26
678	 12.00	 39.00	118.00	 16.24	 13.41	-38.44
679	  0.00	  0.00	204.00	 18.15	 49.82	-64.87
680	 51.00	 51.00	204.00	 34.00	 30.55	-55.76
681	 55.00	237.00	 55.00	 55.07	-67.68	 28.42
682	146.00	 36.00	219.00	 45.73	 51.26	-31.24
683	146.00	255.00	  0.00	 71.60	-36.76	 79.94
684	230.00	232.00	253.00	 87.04	  1.51	-10.15
685	 91.00	 91.00	 91.00	 38.30	  3.02	 -0.50
686	109.00	 36.00	  0.00	 29.95	 25.00	 35.50
687	196.00	196.00	208.00	 76.25	 -0.07	 -4.29
688	219.00	 73.00	 73.00	 59.08	 38.79	 41.09
689	 50.00	 50.00	 50.00	 20.64	  4.59	 -2.34
690	 36.00	 36.00	255.00	 30.74	 48.15	-71.97
691	111.00	231.00	209.00	 71.05	-31.88	-17.07
692	 93.00	 40.00	 87.00	 30.74	 24.99	 -4.05
693	 13.00	231.00	 36.00	 44.17	-79.65	 23.04
694	255.00	102.00	102.00	 69.82	 38.44	 41.85
695	 45.00	 45.00	 45.00	 17.96	  5.29	 -1.77
696	 91.00	128.00	 91.00	 46.60	-11.74	  4.95
697	  0.00	146.00	 36.00	 25.64	-52.99	  4.64
698	 77.00	230.00	 26.00	 56.45	-56.45	 47.83
699	182.00	219.00	 73.00	 74.31	-22.77	 51.18
700	 91.00	237.00	 18.00	 59.42	-52.96	 56.57
701	 95.00	 95.00	 95.00	 39.43	  2.60	 -0.20
702	160.00	160.00	160.00	 63.82	 -0.13	  2.74
703	109.00	255.00	  0.00	 65.82	-48.31	 70.52
704	 29.00	 72.00	 37.00	 21.08	-10.96	  2.69
705	 90.00	171.00	133.00	 55.19	-25.37	 -3.33
706	255.00	255.00	204.00	 93.84	 -5.65	 18.30
707	 91.00	200.00	128.00	 59.24	-36.30	  2.82
708	191.00	132.00	145.00	 64.69	 14.19	 13.06
709	123.00	100.00	113.00	 46.27	  8.59	  1.51
710	 18.00	 18.00	 18.00	  7.61	  5.47	 -0.96
711	 18.00	164.00	200.00	 42.21	-28.59	-50.31
712	 26.00	 26.00	128.00	 19.42	 25.35	-37.33
713	128.00	128.00	 77.00	 51.44	 -3.45	 22.60
714	  0.00	  0.00	255.00	 28.69	 60.32	-71.09
715	231.00	  6.00	189.00	 48.41	 73.55	  1.36
716	237.00	200.00	 91.00	 79.93	  0.68	 54.70
717	182.00	255.00	255.00	 84.99	-15.97	-16.20
718	153.00	153.00	102.00	 60.40	 -4.71	 23.52
719	196.00	161.00	120.00	 69.62	  3.55	 27.53
720	164.00	237.00	 18.00	 73.11	-31.05	 76.05
721	 70.00	 70.00	 82.00	 31.43	  5.17	 -5.68
722	255.00	165.00	 79.00	 78.79	 16.03	 58.40
723	 82.00	104.00	151.00	 44.39	  2.65	-22.06
724	255.00	 73.00	 73.00	 65.36	 47.11	 50.20
725	145.00	133.00	133.00	 55.81	  2.68	  5.45
726	128.00	164.00	 18.00	 55.49	-17.08	 57.02
727	255.00	146.00	109.00	 76.56	 23.62	 44.71
728	 36.00	 73.00	146.00	 29.73	  5.76	-39.45
729	200.00	 18.00	164.00	 47.00	 63.53	 -0.01
730	 73.00	  0.00	 36.00	 17.02	 32.06	  4.82
731	128.00	200.00	128.00	 65.14	-26.74	 12.79
732	146.00	109.00	182.00	 56.35	 16.92	-14.95
733	237.00	 55.00	164.00	 60.79	 53.51	 10.26
734	182.00	  0.00	 73.00	 40.37	 62.28	 22.93
735	182.00	219.00	255.00	 78.32	 -5.53	-23.01
736	  0.00	  0.00	153.00	 14.45	 38.05	-49.76
737	160.00	161.00	130.00	 63.50	 -3.75	 14.90
738	 73.00	 73.00	219.00	 43.28	 24.81	-51.89
739	109.00	 87.00	 57.00	 40.49	  5.84	 17.72
740	204.00	153.00	153.00	 71.10	 10.03	 15.10
741	109.00	219.00	109.00	 64.44	-41.23	 18.26
742	114.00	104.00	161.00	 50.38	 10.80	-16.66
743	255.00	219.00	255.00	 88.58	 10.28	 -6.77
744	109.00	  0.00	109.00	 28.08	 49.02	 -6.02
745	124.00	173.00	181.00	 61.83	-11.97	-11.54
746	115.00	115.00	115.00	 47.65	  1.10	  1.24
747	 91.00	 91.00	 55.00	 38.16	 -0.16	 14.74
748	  0.00	  0.00	  0.00	  1.31	 -1.32	  1.08
749	219.00	255.00	255.00	 90.10	 -8.16	 -9.27
750	 73.00	219.00	219.00	 63.83	-35.10	-31.27
751	  2.00	 45.00	 61.00	  9.64	 -5.82	-19.40
752	102.00	255.00	  0.00	 64.59	-49.92	 68.65
753	150.00	143.00	149.00	 59.04	  2.27	  1.74
754	117.00	105.00	105.00	 45.99	  4.67	  3.89
755	255.00	255.00	255.00	 94.70	 -1.18	 -1.81
756	 73.00	182.00	255.00	 59.35	-14.12	-47.58
757	199.00	187.00	187.00	 74.17	  2.11	  3.91
758	254.00	 99.00	194.00	 70.01	 44.36	  3.68
759	139.00	146.00	137.00	 57.30	 -2.46	  4.78
760	105.00	105.00	117.00	 45.52	  3.26	 -3.78
761	182.00	146.00	255.00	 68.39	 19.26	-29.79
762	 55.00	200.00	 91.00	 51.83	-53.10	  6.31
763	110.00	147.00	139.00	 54.30	-10.63	 -3.32
764	179.00	128.00	 26.00	 59.28	  8.41	 60.33
765	255.00	 51.00	153.00	 61.69	 60.51	 17.47
766	 77.00	128.00	128.00	 45.92	-11.49	-12.29
767	219.00	 36.00	146.00	 53.60	 57.47	 11.91
768	  0.00	 36.00	109.00	 11.97	 10.94	-38.60
769	  0.00	  0.00	182.00	 16.61	 44.34	-58.51
770	 47.00	 11.00	 19.00	 12.79	 17.94	  4.86
771	204.00	 51.00	 51.00	 52.23	 43.93	 43.86
772	 57.00	  5.00	  1.00	 12.63	 21.43	 13.47
773	105.00	111.00	186.00	 51.77	  8.81	-27.14
774	 18.00	 18.00	 55.00	 11.27	 13.22	-14.35
775	219.00	 73.00	182.00	 60.86	 44.47	  0.29
776	 18.00	237.00	 55.00	 46.49	-81.29	 16.27
777	 53.00	 55.00	104.00	 27.12	 11.91	-19.49
778	164.00	164.00	 18.00	 61.50	 -7.27	 65.84
779	153.00	153.00	  0.00	 56.10	 -3.07	 67.52
780	164.00	 55.00	 18.00	 45.20	 31.64	 48.77
781	 74.00	  9.00	 70.00	 21.42	 32.95	 -3.72
782	219.00	 36.00	109.00	 53.06	 56.00	 24.83
783	146.00	182.00	255.00	 68.62	 -0.84	-33.43
784	 83.00	 54.00	 57.00	 28.65	 12.62	  4.59
785	 60.00	 60.00	 60.00	 24.46	  3.98	 -1.99
786	  0.00	 36.00	182.00	 18.15	 25.84	-62.30
787	146.00	109.00	109.00	 52.00	  9.63	 11.09
788	 93.00	106.00	 56.00	 41.20	 -5.41	 17.27
789	151.00	215.00	179.00	 72.45	-20.49	 -0.40
790	255.00	109.00	 36.00	 70.58	 34.18	 71.98
791	239.00	 91.00	168.00	 67.38	 40.04	 10.96
792	 51.00	102.00	153.00	 38.05	 -2.75	-32.76
793	 26.00	179.00	128.00	 42.68	-46.65	-21.07
794	204.00	255.00	 51.00	 81.64	-28.08	 71.47
795	 69.00	 69.00	 81.00	 31.15	  5.63	 -6.09
796	200.00	179.00	135.00	 73.20	 -0.07	 24.89
797	182.00	 36.00	 36.00	 44.93	 45.54	 42.36
798	205.00	166.00	166.00	 73.31	  6.72	 12.16
799	  0.00	219.00	 73.00	 35.86	-75.11	 -0.86
800	 55.00	128.00	 91.00	 39.15	-20.82	 -6.00
801	204.00	204.00	153.00	 77.11	 -5.68	 21.37
802	 91.00	164.00	164.00	 55.56	-19.12	-14.25
803	153.00	153.00	204.00	 64.04	  4.76	-17.19
804	  0.00	204.00	153.00	 37.70	-52.43	-31.50
805	117.00	 58.00	116.00	 40.07	 24.99	 -5.47
806	143.00	195.00	  5.00	 62.12	-20.23	 69.61
807	  0.00	 73.00	182.00	 21.94	  8.56	-58.78
808	182.00	219.00	182.00	 76.97	-13.01	  6.13
809	 91.00	 91.00	 75.00	 37.37	  1.55	  5.51
810	 54.00	 42.00	 42.00	 19.68	  8.11	  1.18
811	 91.00	128.00	164.00	 51.39	 -3.83	-19.57
812	 75.00	127.00	116.00	 45.13	-12.46	 -9.20
813	  0.00	 73.00	 73.00	 12.77	-15.61	-21.42
814	 90.00	 78.00	 78.00	 34.72	  6.63	  2.14
815	 36.00	  0.00	 73.00	 14.27	 29.48	-14.13
816	151.00	163.00	151.00	 62.29	 -4.44	  4.58
817	 55.00	237.00	164.00	 60.14	-54.81	-14.67
818	255.00	219.00	109.00	 86.56	  0.20	 53.76
819	115.00	154.00	115.00	 54.73	-13.51	  6.33
820	  0.00	  0.00	  0.00	  2.20	 -1.48	  1.05
821	182.00	219.00	  0.00	 72.67	-14.80	 85.45
822	182.00	 73.00	219.00	 56.90	 42.08	-22.20
823	162.00	 11.00	121.00	 39.26	 56.02	  3.93
824	 91.00	237.00	128.00	 65.23	-50.95	  9.34
825	 55.00	164.00	237.00	 52.53	-14.27	-51.41
826	109.00	219.00	 73.00	 62.63	-44.32	 32.13
827	204.00	255.00	153.00	 84.83	-23.31	 27.63
828	146.00	182.00	182.00	 66.40	 -9.44	 -5.45
829	200.00	200.00	200.00	 76.62	 -1.57	  0.79
830	219.00	 73.00	146.00	 60.75	 42.03	 12.61
831	149.00	  1.00	  6.00	 32.81	 48.59	 33.95
832	128.00	200.00	237.00	 69.00	-12.07	-27.77
833	146.00	109.00	255.00	 58.20	 26.23	-41.39
834	230.00	179.00	 77.00	 76.69	  5.43	 55.19
835	 73.00	182.00	 36.00	 48.52	-41.01	 33.58
836	182.00	 36.00	109.00	 46.69	 48.26	 14.17
837	219.00	109.00	 36.00	 64.13	 24.83	 62.10
838	157.00	115.00	164.00	 57.92	 14.65	 -4.80
839	139.00	 25.00	106.00	 37.20	 43.51	  2.32
840	128.00	 18.00	200.00	 39.51	 54.53	-28.80
841	255.00	146.00	  0.00	 75.22	 24.80	 95.30
842	 73.00	  0.00	219.00	 30.24	 57.18	-46.17
843	140.00	 68.00	143.00	 47.21	 28.08	 -6.62
844	102.00	 51.00	102.00	 34.60	 23.93	 -5.95
845	128.00	 55.00	 18.00	 37.29	 22.06	 36.90
846	 55.00	237.00	128.00	 57.87	-61.63	 -0.82
847	182.00	  0.00	  0.00	 39.49	 58.06	 45.19
848	128.00	128.00	164.00	 55.94	  4.00	-11.10
849	200.00	200.00	200.00	 76.63	 -0.82	  0.85
850	237.00	237.00	 18.00	 84.17	 -8.79	 95.16
851	  0.00	153.00	153.00	 30.08	-31.17	-38.92
852	  0.00	102.00	204.00	 26.92	  1.21	-62.20
853	165.00	 75.00	252.00	 54.11	 43.28	-38.02
854	 73.00	182.00	  0.00	 47.15	-36.53	 49.12
855	164.00	 91.00	 91.00	 52.22	 19.21	 21.26
856	182.00	109.00	219.00	 63.56	 28.12	-19.72
857	179.00	 26.00	179.00	 45.81	 57.58	-10.40
858	102.00	204.00	204.00	 65.86	-24.87	-20.50
859	 75.00	 51.00	  7.00	 26.01	  9.06	 24.89
860	 36.00	248.00	 50.00	 51.84	-77.52	 28.62
861	 87.00	105.00	 92.00	 40.07	 -3.81	 -0.93
862	190.00	178.00	178.00	 71.77	  1.67	  4.60
863	102.00	204.00	255.00	 67.69	-16.90	-37.84
864	 58.00	208.00	155.00	 56.10	-44.70	-16.16
865	 36.00	 36.00	 73.00	 18.07	 11.51	-15.20
866	  0.00	153.00	255.00	 38.14	 -7.54	-72.75
867	164.00	 91.00	237.00	 57.86	 33.75	-32.21
868	163.00	185.00	200.00	 71.21	 -3.68	 -8.60
869	 24.00	 77.00	  9.00	 20.88	-17.08	 14.64
870	 36.00	255.00	  0.00	 54.60	-70.80	 50.29
871	  0.00	146.00	  0.00	 29.71	-53.58	 22.21
872	 16.00	 88.00	 36.00	 20.74	-22.60	  2.13
873	128.00	 26.00	179.00	 39.89	 49.61	-23.59
874	255.00	146.00	 36.00	 75.81	 22.26	 77.41
875	200.00	128.00	 55.00	 63.71	 13.37	 50.57
876	137.00	 68.00	218.00	 51.01	 35.94	-34.10
877	 63.00	181.00	200.00	 54.85	-26.86	-33.80
878	221.00	 57.00	103.00	 56.84	 46.55	 28.93
879	250.00	188.00	243.00	 82.80	 18.31	 -6.62
880	 73.00	109.00	  0.00	 34.11	-10.44	 37.78
881	219.00	109.00	109.00	 65.30	 25.95	 31.04
882	182.00	182.00	 36.00	 66.95	 -9.47	 63.36
883	124.00	124.00	136.00	 51.91	  1.98	 -2.73
884	255.00	109.00	  0.00	 69.57	 37.72	 90.58
885	200.00	 18.00	 18.00	 45.79	 55.71	 50.61
886	  0.00	153.00	102.00	 26.85	-42.83	-19.79
887	164.00	 18.00	128.00	 41.27	 53.89	  2.40
888	188.00	151.00	168.00	 67.87	  9.09	  4.93
889	216.00	247.00	174.00	 85.28	-14.53	 20.69
890	 51.00	  0.00	255.00	 31.73	 62.32	-57.05
891	237.00	164.00	237.00	 77.80	 23.27	 -9.69
892	 51.00	  0.00	 51.00	 14.51	 29.59	 -3.82
893	255.00	  0.00	102.00	 49.75	 77.66	 36.06
894	204.00	 51.00	  0.00	 52.23	 43.71	 68.12
895	 51.00	204.00	 51.00	 50.04	-58.17	 22.88
896	 36.00	  0.00	146.00	 19.16	 40.64	-35.82
897	153.00	118.00	131.00	 55.49	  9.50	  6.15
898	 77.00	179.00	230.00	 59.01	-16.33	-39.12
899	 36.00	182.00	182.00	 48.50	-37.72	-37.52
900	102.00	255.00	153.00	 69.19	-52.20	  5.34
901	 18.00	 55.00	237.00	 29.35	 31.49	-75.49
902	128.00	200.00	 18.00	 60.85	-29.84	 60.82
903	 91.00	 18.00	 91.00	 26.93	 35.21	 -6.18
904	109.00	146.00	182.00	 56.75	 -4.55	-19.50
905	255.00	146.00	182.00	 77.97	 26.73	 14.39
906	146.00	219.00	109.00	 70.03	-30.75	 26.64
907	219.00	 36.00	 36.00	 52.68	 52.64	 53.07
908	 91.00	 91.00	164.00	 45.39	 11.82	-26.15
909	 63.00	 20.00	 67.00	 20.88	 24.63	 -6.11
910	186.00	195.00	250.00	 75.11	  2.29	-22.82
911	176.00	191.00	218.00	 74.10	 -1.80	-12.08
912	153.00	153.00	 51.00	 58.95	 -7.35	 44.39
913	 55.00	200.00	200.00	 56.48	-37.53	-33.10
914	237.00	 18.00	200.00	 52.26	 71.65	 -2.84
915	187.00	199.00	187.00	 74.82	 -5.00	  2.42
916	109.00	146.00	  0.00	 45.86	-12.75	 52.50
917	109.00	  0.00	182.00	 31.36	 56.12	-24.74
918	 36.00	146.00	182.00	 42.62	-20.79	-43.37
919	  9.00	193.00	  5.00	 38.12	-66.56	 29.00
920	 18.00	128.00	 55.00	 28.55	-37.39	 -0.74
921	 73.00	 36.00	219.00	 36.08	 43.45	-53.34
922	164.00	 18.00	164.00	 41.79	 56.49	 -7.89
923	  0.00	153.00	204.00	 34.82	-19.33	-57.17
924	 32.00	  1.00	131.00	 18.43	 38.00	-33.31
925	 91.00	237.00	200.00	 68.75	-38.81	-17.90
926	128.00	 18.00	128.00	 35.30	 46.55	 -7.16
927	128.00	 77.00	 77.00	 43.93	 15.09	 14.47
928	120.00	 34.00	146.00	 38.35	 40.62	-15.31
929	 51.00	  0.00	102.00	 18.84	 37.33	-18.58
930	182.00	  0.00	182.00	 40.75	 67.60	 -6.57
931	 56.00	127.00	121.00	 41.14	-17.45	-17.30
932	255.00	217.00	217.00	 87.55	  7.60	  7.56
933	182.00	 73.00	 36.00	 51.26	 29.62	 47.69
934	160.00	172.00	160.00	 65.69	 -4.30	  4.50
935	128.00	200.00	164.00	 66.33	-22.86	 -1.39
936	200.00	 55.00	200.00	 55.40	 52.51	-12.12
937	128.00	230.00	 26.00	 65.24	-41.19	 61.23
938	182.00	146.00	109.00	 63.84	  4.20	 26.59
939	 98.00	246.00	 63.00	 63.31	-59.00	 38.24
940	 89.00	128.00	 89.00	 45.63	-11.69	  5.35
941	 88.00	  5.00	155.00	 28.18	 48.00	-24.09
942	255.00	109.00	 73.00	 70.79	 35.14	 55.61
943	204.00	204.00	102.00	 76.46	 -9.17	 42.58
944	237.00	128.00	237.00	 72.74	 34.19	-13.89
945	 51.00	255.00	102.00	 56.86	-74.01	 10.75
946	 88.00	 92.00	 57.00	 37.53	 -0.90	 12.98
947	205.00	205.00	205.00	 77.80	 -0.91	 -0.07
948	 55.00	 18.00	237.00	 31.87	 51.95	-60.21
949	196.00	208.00	196.00	 77.68	 -4.84	  2.50
950	200.00	200.00	128.00	 75.93	 -7.00	 30.85
951	176.00	234.00	164.00	 78.28	-22.17	 14.28
952	204.00	  0.00	204.00	 44.24	 72.46	 -6.48
953	 18.00	237.00	200.00	 54.56	-53.12	-37.29
954	  0.00	102.00	 51.00	 17.86	-33.60	 -6.87
955	 91.00	 55.00	200.00	 41.42	 33.17	-41.95
956	150.00	150.00	150.00	 60.35	 -0.46	  2.53
957	230.00	128.00	179.00	 71.78	 26.50	  8.23
958	200.00	200.00	200.00	 77.14	 -1.08	  0.54
959	150.00	150.00	150.00	 60.12	 -0.37	  2.92
960	100.00	100.00	100.00	 42.07	  2.82	  0.39
961	 50.00	 50.00	 50.00	 20.76	  4.41	 -1.88
962	255.00	180.00	255.00	 82.45	 22.91	-12.73
963	255.00	255.00	180.00	 93.38	 -7.03	 27.28
964	180.00	255.00	255.00	 85.05	-16.34	-16.40
965	255.00	  0.00	255.00	 51.64	 80.64	 -8.10
966	255.00	255.00	  0.00	 89.56	 -6.29	109.60
967	  0.00	255.00	255.00	 58.38	-44.34	-53.65
968	200.00	200.00	200.00	 76.52	 -1.10	  0.36
969	150.00	150.00	150.00	 60.40	  0.13	  2.62
970	100.00	100.00	100.00	 41.69	  2.30	  0.76
971	 50.00	 50.00	 50.00	 20.98	  4.38	 -2.62
972	255.00	180.00	255.00	 82.31	 22.92	-12.45
973	255.00	255.00	180.00	 93.53	 -7.26	 26.93
974	180.00	255.00	255.00	 85.10	-16.59	-16.41
975	255.00	  0.00	255.00	 51.81	 80.83	 -7.76
976	255.00	255.00	  0.00	 89.15	 -6.13	109.60
977	  0.00	255.00	255.00	 58.51	-44.52	-53.60
978	109.00	219.00	182.00	 67.82	-31.10	 -9.61
979	255.00	 36.00	 73.00	 58.84	 62.24	 47.52
980	 36.00	109.00	255.00	 39.22	 10.16	-70.29
981	164.00	 55.00	164.00	 49.45	 40.96	 -8.25
982	 13.00	 52.00	 13.00	 13.52	-11.85	  6.42
983	 91.00	237.00	 55.00	 60.75	-56.56	 39.12
984	171.00	248.00	 29.00	 75.53	-34.79	 74.16
985	255.00	153.00	255.00	 78.70	 31.04	-15.06
986	200.00	164.00	128.00	 71.13	  4.29	 25.58
987	255.00	  0.00	153.00	 50.01	 78.79	 20.98
988	 36.00	255.00	 73.00	 53.52	-81.06	 19.21
989	182.00	 73.00	109.00	 53.04	 31.93	 17.93
990	164.00	200.00	200.00	 73.55	 -9.77	 -6.40
991	 51.00	  0.00	153.00	 21.47	 44.19	-33.17
992	177.00	206.00	 85.00	 71.86	-18.53	 43.22
993	219.00	 73.00	  0.00	 59.07	 40.02	 76.17
994	204.00	 95.00	212.00	 63.92	 35.25	-13.28
995	 50.00	 87.00	 87.00	 30.54	 -5.65	-10.16
996	164.00	 91.00	 18.00	 50.44	 19.14	 55.59
997	219.00	255.00	182.00	 87.95	-16.57	 20.73
998	182.00	146.00	 36.00	 62.06	  2.59	 58.46
999	174.00	231.00	223.00	 78.05	-15.23	-10.10
1000	186.00	 47.00	242.00	 52.42	 56.75	-30.37
1001	  0.00	255.00	  0.00	 50.07	-82.58	 38.22
1002	 73.00	 73.00	  0.00	 27.99	  1.12	 30.20
1003	255.00	102.00	153.00	 70.02	 41.62	 21.62
1004	  0.00	109.00	109.00	 20.68	-22.56	-29.45
1005	237.00	164.00	128.00	 76.71	 12.99	 34.08
1006	 73.00	 73.00	146.00	 37.50	 13.46	-26.93
1007	 25.00	 25.00	 25.00	  9.65	  6.24	 -1.28
1008	128.00	 55.00	128.00	 41.51	 30.04	 -6.37
1009	249.00	 43.00	 31.00	 59.27	 56.61	 66.23
1010	 91.00	 18.00	 55.00	 24.76	 31.94	  5.19
1011	185.00	 33.00	  0.00	 45.13	 46.42	 58.54
1012	164.00	219.00	 20.00	 69.36	-25.01	 71.87
1013	 77.00	230.00	230.00	 67.15	-34.94	-30.15
1014	235.00	235.00	235.00	 88.72	 -0.08	 -0.52
1015	 36.00	255.00	219.00	 62.58	-52.51	-33.38
1016	 77.00	 38.00	 38.00	 24.10	 16.19	  7.83
1017	 77.00	230.00	 77.00	 58.97	-58.05	 23.07
1018	  0.00	  0.00	255.00	 28.50	 60.01	-70.99
1019	 18.00	200.00	 18.00	 41.07	-66.31	 27.02
1020	182.00	  0.00	255.00	 44.71	 73.00	-24.51
1021	193.00	  8.00	120.00	 43.68	 63.58	 13.27
1022	146.00	146.00	 36.00	 56.63	 -6.64	 47.90
1023	 18.00	164.00	128.00	 37.96	-43.02	-23.82
1024	109.00	146.00	146.00	 54.76	 -9.85	 -5.70
1025	128.00	 26.00	128.00	 36.91	 43.12	 -7.68
1026	 18.00	 81.00	 50.00	 20.53	-18.03	 -4.01
1027	 46.00	  5.00	255.00	 30.82	 60.66	-60.53
1028	 18.00	  9.00	  4.00	  6.68	  5.61	  3.48
1029	 73.00	 36.00	146.00	 31.23	 31.57	-29.17
1030	247.00	193.00	 29.00	 80.50	  5.37	 84.09
1031	 51.00	102.00	 51.00	 30.77	-13.62	  6.53
1032	 55.00	128.00	164.00	 42.75	-11.36	-31.87
1033	 36.00	255.00	182.00	 59.75	-60.67	-22.20
1034	240.00	234.00	182.00	 86.49	 -4.89	 22.80
1035	 38.00	 77.00	 38.00	 23.35	 -9.64	  4.60
1036	 91.00	 55.00	 55.00	 30.49	 14.12	  8.09
1037	 91.00	 18.00	 18.00	 23.46	 27.36	 18.96
1038	219.00	219.00	182.00	 82.14	 -4.50	 15.16
1039	178.00	190.00	178.00	 72.56	 -4.95	  3.66
1040	 73.00	 73.00	 36.00	 29.10	  0.57	 14.15
1041	237.00	128.00	200.00	 72.66	 29.53	  2.29
1042	 55.00	 55.00	128.00	 29.45	 15.27	-28.15
1043	129.00	147.00	135.00	 56.22	 -4.92	  2.71
1044	 91.00	200.00	 18.00	 54.60	-41.24	 51.03
1045	133.00	145.00	133.00	 56.14	 -3.84	  4.23
1046	 18.00	128.00	 18.00	 27.72	-39.05	 15.80
1047	237.00	 55.00	 55.00	 59.29	 48.56	 52.13
1048	  0.00	204.00	204.00	 43.19	-40.84	-50.53
1049	104.00	166.00	136.00	 57.03	-19.61	 -0.87
1050	252.00	242.00	157.00	 89.81	 -5.28	 37.24
1051	179.00	 77.00	128.00	 53.33	 30.43	 10.16
1052	 29.00	131.00	  5.00	 30.29	-36.00	 25.48
1053	200.00	128.00	200.00	 68.06	 22.83	 -6.54
1054	 66.00	248.00	235.00	 67.87	-43.44	-32.42
1055	  0.00	 73.00	 36.00	 13.63	-25.04	 -4.81
1056	109.00	 73.00	 73.00	 38.48	 11.92	  8.91
1057	124.00	138.00	131.00	 53.78	 -3.02	  1.51
1058	204.00	255.00	204.00	 86.27	-17.85	  6.73
1059	 90.00	 90.00	 90.00	 37.56	  2.82	 -0.47
1060	 42.00	 54.00	 42.00	 19.43	  0.24	  0.22
1061	109.00	  0.00	255.00	 36.78	 65.77	-42.31
1062	206.00	234.00	 54.00	 79.38	-19.68	 66.86
1063	 55.00	 55.00	237.00	 36.84	 36.38	-65.13
1064	167.00	 98.00	141.00	 55.57	 21.11	  4.67
1065	255.00	146.00	 73.00	 76.22	 22.15	 58.87
1066	255.00	255.00	182.00	 93.78	 -7.21	 26.43
1067	109.00	182.00	219.00	 64.20	-13.24	-27.18
1068	255.00	 36.00	255.00	 58.05	 73.60	-17.63
1069	 91.00	178.00	 68.00	 54.48	-33.78	 23.47
1070	219.00	219.00	255.00	 82.74	  3.42	-15.56
1071	  0.00	255.00	 73.00	 40.67	-87.79	  8.11
1072	237.00	128.00	 91.00	 70.87	 23.18	 45.37
1073	219.00	219.00	146.00	 81.28	 -7.36	 29.85
1074	 36.00	 73.00	182.00	 31.94	 12.11	-52.73
1075	 26.00	 77.00	 77.00	 22.63	 -9.26	-14.23
1076	 86.00	213.00	213.00	 64.76	-30.50	-25.95
1077	  0.00	 73.00	255.00	 26.91	 27.46	-81.99
1078	153.00	102.00	102.00	 52.26	 13.15	 15.52
1079	 36.00	  0.00	109.00	 17.16	 35.06	-25.26
1080	 51.00	204.00	204.00	 56.09	-39.61	-34.93
1081	 78.00	 78.00	 90.00	 33.91	  5.28	 -5.34
1082	102.00	102.00	204.00	 51.28	 13.67	-34.92
1083	109.00	  0.00	146.00	 30.14	 52.55	-14.67
1084	 52.00	 71.00	 99.00	 29.47	  3.53	-16.52
1085	 51.00	 51.00	 51.00	 21.20	  4.25	 -1.77
1086	200.00	 91.00	200.00	 62.08	 35.53	 -9.26
1087	255.00	  0.00	 51.00	 51.29	 76.97	 49.92
1088	 65.00	  4.00	181.00	 26.01	 48.34	-38.05
1089	219.00	  0.00	  0.00	 46.32	 67.16	 56.13
1090	204.00	204.00	  0.00	 73.88	 -5.14	 90.21
1091	255.00	 36.00	182.00	 57.55	 68.79	  8.00
1092	 80.00	 80.00	 80.00	 33.96	  3.17	 -1.16
1093	 18.00	200.00	164.00	 44.56	-48.48	-33.40
1094	  1.00	170.00	105.00	 30.14	-48.92	-19.04
1095	 77.00	 51.00	 27.00	 26.08	  9.72	 15.68
1096	  0.00	102.00	255.00	 30.31	 15.56	-78.85
1097	 26.00	179.00	230.00	 48.03	-28.10	-56.13
1098	146.00	 36.00	 73.00	 39.58	 38.04	 16.52
1099	115.00	177.00	105.00	 58.61	-23.71	 14.18
1100	 91.00	164.00	200.00	 57.47	-12.59	-27.08
1101	 91.00	 91.00	200.00	 48.39	 16.26	-38.71
1102	219.00	146.00	146.00	 72.02	 15.86	 20.98
1103	 91.00	164.00	 91.00	 53.41	-26.33	 11.28
1104	230.00	 26.00	128.00	 53.56	 62.94	 21.25
1105	255.00	 51.00	204.00	 60.82	 64.42	 -1.19
1106	  0.00	109.00	255.00	 31.79	 12.13	-78.02
1107	 91.00	128.00	237.00	 54.60	  6.91	-44.91
1108	 64.00	 64.00	 64.00	 26.56	  4.37	 -1.47
1109	 40.00	 47.00	 79.00	 21.33	  8.72	-15.73
1110	 77.00	 77.00	 26.00	 31.57	  0.43	 20.79
1111	 56.00	 31.00	 41.00	 18.47	 13.54	  0.73
1112	182.00	146.00	219.00	 70.01	 15.75	-16.43
1113	102.00	  0.00	 51.00	 24.38	 41.80	  7.81
1114	 91.00	200.00	164.00	 60.81	-31.88	 -9.59
1115	 91.00	 55.00	128.00	 36.92	 23.11	-17.58
1116	255.00	109.00	146.00	 71.03	 38.43	 24.66
1117	128.00	230.00	179.00	 70.87	-31.36	 -2.82
1118	 73.00	109.00	 73.00	 38.13	 -9.47	  4.10
1119	200.00	 18.00	 55.00	 45.68	 56.90	 35.88
1120	128.00	128.00	 18.00	 49.48	 -4.66	 49.14
1121	173.00	250.00	179.00	 80.20	-26.31	  9.16
1122	 52.00	 74.00	222.00	 39.32	 22.58	-60.70
1123	 18.00	128.00	164.00	 34.39	-18.73	-43.74
1124	242.00	237.00	 85.00	 86.45	 -8.17	 65.14
1125	  0.00	204.00	  0.00	 39.52	-73.65	 30.37
1126	  0.00	  0.00	  8.00	  3.11	  1.68	 -1.55
1127	164.00	200.00	237.00	 73.13	 -5.84	-21.58
1128	 55.00	 18.00	164.00	 26.77	 39.18	-38.64
1129	 26.00	128.00	 77.00	 30.94	-31.63	 -8.31
1130	 26.00	230.00	 26.00	 48.23	-73.22	 32.02
1131	128.00	237.00	164.00	 72.10	-36.47	  4.71
1132	 51.00	102.00	204.00	 42.00	  5.75	-50.88
1133	 28.00	 83.00	 93.00	 25.35	 -8.62	-20.39
1134	128.00	 18.00	 55.00	 32.38	 40.91	 15.42
1135	 60.00	 60.00	 72.00	 26.56	  5.91	 -6.00
1136	237.00	200.00	200.00	 81.90	  6.34	  8.87
1137	 36.00	146.00	 73.00	 36.77	-37.33	 -1.76
1138	 55.00	200.00	 18.00	 47.56	-53.18	 38.82
1139	219.00	 36.00	182.00	 53.40	 61.51	 -1.61
1140	 36.00	109.00	  0.00	 27.86	-24.96	 27.01
1141	  0.00	 36.00	146.00	 15.18	 18.29	-50.49
1142	 91.00	 18.00	200.00	 33.61	 49.21	-39.15
1143	230.00	191.00	191.00	 79.75	  7.66	  9.59
1144	 51.00	 63.00	 51.00	 22.61	 -0.53	  0.10
1145	 23.00	 23.00	 35.00	  9.85	  8.43	 -5.94
1146	178.00	186.00	198.00	 72.26	 -1.57	 -4.86
1147	 18.00	 91.00	 18.00	 22.08	-24.40	 10.62
1148	220.00	220.00	220.00	 83.22	 -0.24	 -0.37
1149	 36.00	  0.00	255.00	 30.25	 61.78	-61.12
1150	102.00	153.00	204.00	 57.35	 -5.36	-27.76
1151	153.00	204.00	204.00	 73.07	-12.73	-10.14
1152	170.00	158.00	145.00	 65.01	 -0.24	 10.41
1153	227.00	244.00	221.00	 88.19	 -6.70	  4.72
1154	114.00	114.00	126.00	 48.13	  2.76	 -3.87
1155	 91.00	128.00	128.00	 48.44	 -8.43	 -8.57
1156	102.00	  0.00	153.00	 29.11	 51.98	-18.69
1157	164.00	164.00	 55.00	 62.43	 -7.85	 47.06
1158	  0.00	 26.00	  0.00	  8.24	 -9.68	  4.40
1159	 51.00	204.00	153.00	 54.10	-45.71	-18.32
1160	237.00	237.00	200.00	 87.57	 -5.32	 14.45
1161	242.00	 83.00	255.00	 66.31	 54.72	-21.60
1162	237.00	237.00	164.00	 86.38	 -7.07	 30.45
1163	219.00	146.00	255.00	 73.19	 27.32	-21.75
1164	  0.00	146.00	219.00	 34.29	-11.92	-62.96
1165	153.00	 51.00	204.00	 48.00	 44.84	-25.27
1166	 77.00	230.00	179.00	 64.20	-43.60	-14.66
1167	 55.00	128.00	 18.00	 34.12	-25.47	 27.26
1168	215.00	215.00	215.00	 80.96	 -0.69	 -0.65
1169	 73.00	109.00	 36.00	 36.11	-11.76	 20.33
1170	 91.00	164.00	 55.00	 51.39	-29.12	 26.93
1171	109.00	 36.00	 36.00	 30.90	 25.60	 19.56
1172	182.00	182.00	182.00	 71.48	 -0.35	  1.95
1173	249.00	227.00	200.00	 87.47	  1.29	 15.52
1174	255.00	255.00	255.00	 94.55	 -1.48	 -1.85
1175	 95.00	163.00	161.00	 55.69	-18.29	-12.52
1176	108.00	 96.00	 96.00	 42.19	  5.07	  3.60
1177	237.00	200.00	 18.00	 79.38	  0.72	 89.39
1178	230.00	128.00	128.00	 70.61	 23.08	 27.95
1179	253.00	197.00	222.00	 84.13	 13.20	  3.19
1180	140.00	 33.00	193.00	 42.85	 49.87	-25.04
1181	109.00	109.00	 36.00	 44.31	 -3.19	 30.97
1182	 36.00	109.00	 36.00	 28.71	-22.64	 10.07
1183	251.00	245.00	 25.00	 88.49	 -8.64	 95.80
1184	 55.00	 55.00	 55.00	 22.57	  4.08	 -2.04
1185	109.00	 36.00	182.00	 39.47	 42.98	-30.61
1186	128.00	128.00	237.00	 59.33	 13.21	-37.03
1187	146.00	219.00	182.00	 72.71	-22.63	 -1.99
1188	  0.00	102.00	  0.00	 22.89	-38.73	 17.27
1189	 73.00	 36.00	182.00	 33.29	 37.32	-42.14
1190	 36.00	255.00	 36.00	 52.67	-78.64	 36.44
1191	 23.00	 35.00	 23.00	 10.74	 -0.85	  0.78
1192	  0.00	 73.00	146.00	 18.66	  0.56	-46.93
1193	182.00	109.00	 36.00	 56.55	 16.04	 52.61
1194	219.00	  0.00	109.00	 46.04	 71.11	 23.42
1195	137.00	137.00	137.00	 55.71	  0.19	  2.34
1196	 81.00	 69.00	 69.00	 31.36	  6.97	  1.65
1197	 25.00	 72.00	 73.00	 21.42	 -8.11	-13.81
1198	165.00	213.00	148.00	 73.57	-19.11	 15.67
1199	200.00	164.00	237.00	 73.40	 14.21	-17.58
1200	164.00	164.00	128.00	 63.97	 -4.30	 16.48
1201	 18.00	237.00	164.00	 50.65	-61.64	-25.52
1202	146.00	109.00	 36.00	 50.41	  6.64	 42.58
1203	219.00	 73.00	255.00	 61.46	 52.86	-27.47
1204	146.00	255.00	255.00	 80.59	-23.57	-23.29
1205	146.00	 73.00	  0.00	 44.02	 21.27	 53.45
1206	109.00	109.00	 73.00	 44.86	 -1.24	 15.08
1207	182.00	 36.00	219.00	 49.57	 58.54	-22.10
1208	237.00	164.00	 18.00	 74.22	 11.54	 83.58
1209	 55.00	 91.00	 55.00	 29.53	 -8.46	  3.43
1210	255.00	109.00	109.00	 70.96	 35.70	 40.34
1211	180.00	229.00	205.00	 78.55	-15.01	 -1.75
1212	164.00	164.00	164.00	 65.13	 -0.50	  2.52
1213	167.00	 78.00	210.00	 55.87	 36.08	-22.43
1214	 72.00	 60.00	 60.00	 27.63	  7.25	  1.36
1215	237.00	237.00	 91.00	 85.68	 -9.77	 61.15
1216	 73.00	  0.00	109.00	 22.50	 41.87	-14.37
1217	 88.00	 76.00	215.00	 45.89	 24.25	-45.45
1218	 36.00	  0.00	219.00	 24.44	 52.70	-55.45
1219	204.00	255.00	  0.00	 80.98	-20.25	 95.42
1220	162.00	 56.00	 71.00	 45.35	 31.73	 23.82
1221	242.00	252.00	219.00	 91.49	 -6.73	 10.55
1222	166.00	205.00	166.00	 72.41	-14.23	  7.81
1223	237.00	164.00	200.00	 77.00	 17.97	  5.36
1224	172.00	160.00	160.00	 65.94	  1.66	  5.45
1225	 36.00	 36.00	109.00	 21.79	 18.95	-28.84
1226	 51.00	153.00	255.00	 50.37	 -5.42	-58.68
1227	  8.00	252.00	  1.00	 49.87	-79.44	 40.40
1228	200.00	200.00	 91.00	 74.72	 -9.50	 45.60
1229	 35.00	 35.00	 35.00	 13.54	  5.78	 -2.23
1230	 75.00	 25.00	 19.00	 21.83	 19.78	 15.03
1231	 36.00	109.00	182.00	 37.51	 -4.14	-48.69
1232	 16.00	132.00	155.00	 33.80	-23.12	-39.46
1233	255.00	255.00	102.00	 92.45	-10.16	 59.16
1234	204.00	153.00	255.00	 72.49	 21.66	-24.48
1235	  0.00	255.00	 51.00	 40.41	-90.18	 17.68
1236	109.00	 36.00	109.00	 34.26	 32.48	 -6.96
1237	128.00	 26.00	230.00	 41.75	 55.16	-38.52
1238	 38.00	 38.00	 77.00	 19.88	 12.38	-16.01
1239	182.00	  0.00	219.00	 42.15	 69.42	-15.09
1240	255.00	255.00	 73.00	 91.49	-10.86	 71.72
1241	200.00	 55.00	 55.00	 52.18	 41.36	 41.90
1242	219.00	 36.00	219.00	 54.75	 65.21	-14.41
1243	237.00	242.00	248.00	 90.09	 -0.81	 -4.77
1244	164.00	128.00	 91.00	 57.99	  4.99	 26.69
1245	136.00	124.00	124.00	 52.85	  2.92	  5.04
1246	 87.00	 87.00	 99.00	 37.82	  4.51	 -5.56
1247	208.00	196.00	196.00	 77.10	  1.73	  3.72
1248	209.00	209.00	209.00	 79.31	 -0.88	  0.18
1249	200.00	128.00	237.00	 69.04	 26.58	-20.48
1250	  0.00	  0.00	 51.00	  7.20	 15.93	-17.08
1251	150.00	246.00	255.00	 79.12	-20.39	-24.01
1252	 26.00	 77.00	179.00	 30.48	  8.11	-53.75
1253	255.00	 36.00	109.00	 58.67	 64.53	 34.00
1254	153.00	  0.00	102.00	 35.92	 57.66	  7.16
1255	 73.00	255.00	109.00	 61.68	-67.12	 14.32
1256	 18.00	237.00	 91.00	 46.05	-78.00	  1.29
1257	201.00	 19.00	255.00	 49.41	 71.04	-25.77
1258	102.00	204.00	153.00	 62.76	-31.12	 -2.09
1259	 32.00	102.00	 91.00	 29.08	-15.85	-16.18
1260	 55.00	128.00	128.00	 41.08	-17.79	-20.10
1261	146.00	255.00	 73.00	 73.35	-46.80	 47.37
1262	 41.00	 35.00	 37.00	 14.73	  7.95	 -1.20
1263	255.00	102.00	204.00	 71.03	 43.55	  0.52
1264	141.00	220.00	211.00	 73.43	-21.54	-13.40
1265	220.00	172.00	181.00	 75.84	 10.38	 10.13
1266	204.00	102.00	102.00	 61.01	 25.63	 29.52
1267	102.00	153.00	153.00	 55.27	-13.74	 -9.44
1268	153.00	 51.00	102.00	 44.46	 35.05	  9.98
1269	182.00	146.00	 73.00	 63.07	  3.17	 41.57
1270	255.00	204.00	255.00	 85.83	 15.98	 -9.34
1271	  0.00	182.00	109.00	 31.59	-52.59	-19.15
1272	255.00	204.00	153.00	 85.06	  6.97	 33.34
1273	 18.00	 18.00	 91.00	 14.63	 20.41	-26.36
1274	200.00	 91.00	 55.00	 58.04	 26.42	 45.91
1275	 54.00	108.00	157.00	 39.44	 -3.66	-32.88
1276	237.00	 55.00	237.00	 61.02	 60.47	-16.35
1277	128.00	 18.00	164.00	 37.57	 50.71	-18.02
1278	 36.00	 73.00	255.00	 34.35	 28.19	-73.07
1279	128.00	230.00	128.00	 70.11	-38.36	 17.71
1280	  0.00	109.00	 36.00	 19.54	-39.31	  0.42
1281	  0.00	 73.00	219.00	 25.36	 16.72	-71.25
1282	144.00	 98.00	122.00	 50.91	 14.32	  4.69
1283	102.00	102.00	102.00	 42.37	  2.09	  0.39
1284	 36.00	255.00	255.00	 65.62	-44.62	-44.54
1285	186.00	141.00	 93.00	 63.87	  6.29	 33.54
1286	 91.00	 55.00	237.00	 42.64	 38.49	-52.69
1287	 18.00	128.00	 91.00	 29.14	-32.25	-15.78
1288	 99.00	186.00	196.00	 61.34	-20.47	-20.21
1289	 77.00	179.00	179.00	 56.11	-25.58	-21.31
1290	 97.00	110.00	 31.00	 41.41	 -6.35	 30.30
1291	 73.00	 36.00	  0.00	 23.24	 13.77	 25.75
1292	128.00	237.00	 91.00	 69.21	-45.12	 32.48
1293	102.00	204.00	  0.00	 56.44	-35.85	 60.41
1294	128.00	237.00	 55.00	 67.01	-45.46	 46.79
1295	 73.00	  0.00	146.00	 24.50	 46.36	-24.65
1296	  0.00	219.00	182.00	 43.20	-51.67	-39.85
1297	109.00	 73.00	182.00	 46.02	 24.78	-28.97
1298	 91.00	132.00	147.00	 50.17	 -7.79	-13.42
1299	128.00	 91.00	164.00	 50.42	 18.77	-15.62
1300	148.00	160.00	173.00	 63.22	 -1.93	 -4.70
1301	 64.00	103.00	 64.00	 34.74	 -9.97	  4.63
1302	128.00	 91.00	 55.00	 45.65	  8.97	 25.66
1303	237.00	 91.00	200.00	 66.69	 42.62	 -1.39
1304	255.00	182.00	 36.00	 80.92	 10.63	 81.73
1305	 77.00	 77.00	 77.00	 32.52	  3.78	 -1.39
1306	255.00	153.00	204.00	 78.36	 26.64	  5.59
1307	204.00	148.00	202.00	 71.41	 16.82	 -4.64
1308	 90.00	255.00	126.00	 65.00	-60.20	 11.50
1309	 17.00	  9.00	 21.00	  6.89	  9.80	 -2.70
1310	146.00	  0.00	 36.00	 32.77	 51.09	 22.45
1311	153.00	255.00	153.00	 76.70	-37.80	 15.37
1312	237.00	 18.00	 91.00	 52.54	 66.36	 35.28
1313	153.00	 51.00	153.00	 46.03	 39.95	 -8.21
1314	142.00	108.00	152.00	 54.24	 13.10	 -5.42
1315	121.00	125.00	124.00	 50.83	  0.36	  1.34
1316	 94.00	 51.00	 40.00	 30.16	 15.41	 15.00
1317	 18.00	 55.00	164.00	 23.74	 14.31	-52.03
1318	219.00	 33.00	  9.00	 51.51	 54.67	 65.77
1319	 42.00	 42.00	 54.00	 18.52	  7.10	 -5.93
1320	146.00	109.00	  0.00	 48.50	  8.67	 58.03
1321	 62.00	182.00	 28.00	 46.14	-43.64	 33.66
1322	 96.00	108.00	 96.00	 42.12	 -1.91	  1.50
1323	164.00	 18.00	 18.00	 39.38	 46.61	 40.51
1324	 28.00	 54.00	 67.00	 19.03	 -0.15	-13.21
1325	255.00	 36.00	219.00	 58.16	 71.01	 -5.32
1326	128.00	 18.00	237.00	 40.17	 59.56	-39.26
1327	  0.00	  0.00	102.00	 10.98	 26.96	-33.47
1328	180.00	180.00	180.00	 70.98	 -0.49	  1.88
1329	109.00	109.00	109.00	 45.00	  1.92	  0.92
1330	255.00	182.00	109.00	 81.08	 12.06	 48.28
1331	 36.00	219.00	  0.00	 47.03	-60.23	 44.12
1332	 61.00	120.00	 14.00	 33.93	-20.04	 30.37
1333	 36.00	219.00	 36.00	 48.96	-68.07	 28.38
1334	  0.00	  0.00	146.00	 13.63	 36.50	-47.75
1335	 36.00	 73.00	  0.00	 22.07	 -9.73	 21.93
1336	141.00	130.00	197.00	 59.49	  9.50	-19.32
1337	146.00	 82.00	 34.00	 45.83	 15.97	 38.07
1338	197.00	133.00	217.00	 69.56	 22.31	-12.85
1339	200.00	237.00	164.00	 81.32	-16.58	 19.74
1340	164.00	237.00	237.00	 78.32	-17.76	-16.39
1341	  0.00	 36.00	 73.00	  8.66	  1.65	-25.21
1342	106.00	131.00	 70.00	 48.50	-10.68	 19.14
1343	179.00	179.00	 26.00	 66.06	 -8.60	 67.40
1344	 55.00	164.00	 55.00	 43.21	-40.35	 15.73
1345	164.00	 91.00	 55.00	 51.76	 17.68	 36.41
1346	200.00	 18.00	200.00	 48.09	 66.76	-10.60
1347	  9.00	  9.00	  9.00	  5.18	  2.47	  0.15
1348	220.00	116.00	107.00	 66.26	 23.91	 33.05
1349	103.00	157.00	 89.00	 53.26	-20.81	 13.96
1350	 77.00	 26.00	179.00	 31.71	 41.45	-37.82
1351	109.00	219.00	146.00	 66.12	-36.86	  4.75
1352	153.00	  0.00	255.00	 41.64	 69.31	-31.46
1353	 85.00	 85.00	 85.00	 35.58	  3.05	 -0.88
1354	128.00	200.00	 55.00	 61.93	-32.34	 42.27
1355	210.00	210.00	210.00	 79.71	 -0.88	 -0.10
1356	 92.00	124.00	131.00	 48.01	 -5.89	 -9.94
1357	  0.00	255.00	146.00	 45.21	-71.88	-20.34
1358	153.00	255.00	 51.00	 73.87	-44.38	 59.26
1359	102.00	102.00	  0.00	 39.70	  0.14	 45.90
1360	 36.00	255.00	109.00	 53.38	-76.71	  3.11
1361	155.00	196.00	167.00	 69.21	-13.84	  3.66
1362	255.00	  0.00	109.00	 49.84	 77.88	 33.44
1363	200.00	 55.00	128.00	 53.77	 44.01	 13.72
1364	179.00	179.00	 77.00	 67.66	 -8.41	 43.70
1365	204.00	246.00	108.00	 82.16	-23.14	 44.57
1366	130.00	130.00	130.00	 52.98	  0.60	  2.55
1367	102.00	153.00	102.00	 53.11	-18.01	  8.07
1368	146.00	219.00	146.00	 71.51	-26.75	 13.28
1369	 55.00	164.00	164.00	 49.15	-27.82	-25.80
1370	177.00	249.00	 81.00	 77.15	-34.06	 50.14
1371	182.00	 36.00	146.00	 47.52	 50.44	  1.56
1372	200.00	 17.00	170.00	 46.75	 64.01	 -1.53
1373	237.00	164.00	 91.00	 75.11	 12.87	 48.36
1374	219.00	  0.00	255.00	 48.38	 76.91	-16.32
1375	164.00	128.00	 18.00	 56.64	  5.31	 60.67
1376	 40.00	 40.00	 40.00	 15.57	  5.42	 -1.88
1377	140.00	189.00	187.00	 66.75	-13.36	 -8.64
1378	 55.00	 91.00	200.00	 41.28	 10.37	-49.90
1379	219.00	219.00	 36.00	 78.90	-10.19	 77.55
1380	179.00	 26.00	 77.00	 44.03	 50.75	 23.93
1381	 26.00	128.00	128.00	 33.79	-24.72	-28.36
1382	 55.00	116.00	102.00	 38.12	-14.57	-11.95
1383	250.00	250.00	250.00	 93.35	 -1.02	 -1.56
1384	 96.00	 52.00	116.00	 35.75	 23.38	-12.16
1385	229.00	200.00	160.00	 80.20	  2.39	 24.28
1386	240.00	240.00	240.00	 90.04	 -0.32	 -0.76
1387	236.00	224.00	224.00	 86.32	  0.81	  2.18
1388	249.00	188.00	111.00	 81.38	  8.94	 46.84
1389	179.00	175.00	107.00	 67.83	 -6.12	 30.82
1390	 77.00	 77.00	128.00	 37.31	  9.96	-19.24
1391	 36.00	146.00	 36.00	 34.82	-40.30	 15.57
1392	  0.00	182.00	  0.00	 35.72	-66.90	 27.30
1393	 36.00	109.00	146.00	 33.89	-10.29	-35.54
1394	200.00	 91.00	 18.00	 57.45	 27.38	 64.63
1395	237.00	200.00	164.00	 81.67	  3.98	 24.18
1396	 18.00	 18.00	200.00	 22.87	 41.73	-61.08
1397	 77.00	237.00	185.00	 65.80	-44.95	-15.65
1398	 73.00	255.00	 36.00	 59.13	-68.63	 46.83
1399	109.00	255.00	109.00	 67.84	-56.87	 22.86
1400	211.00	160.00	 70.00	 70.27	  6.56	 51.96
1401	 91.00	200.00	237.00	 64.58	-19.74	-33.78
1402	200.00	128.00	128.00	 65.23	 16.92	 21.83
1403	  0.00	255.00	255.00	 58.46	-43.94	-53.67
1404	 77.00	128.00	 26.00	 39.49	-18.16	 30.08
1405	242.00	241.00	208.00	 88.98	 -4.50	 13.23
1406	 73.00	219.00	146.00	 60.35	-46.55	 -4.80
1407	100.00	100.00	100.00	 41.83	  2.13	  0.33
1408	254.00	110.00	228.00	 72.38	 43.13	 -8.69
1409	 46.00	 24.00	 94.00	 21.41	 23.88	-19.69
1410	255.00	219.00	  0.00	 84.42	  4.95	105.38
1411	 36.00	182.00	  0.00	 40.20	-51.19	 37.85
1412	 15.00	 15.00	 15.00	  6.35	  4.82	 -0.47
1413	 36.00	109.00	 73.00	 30.29	-19.97	 -6.29
1414	203.00	218.00	222.00	 80.21	 -4.21	 -5.51
1415	208.00	249.00	194.00	 85.20	-15.35	 10.99
1416	182.00	 36.00	182.00	 47.93	 55.05	-10.57
1417	219.00	  0.00	182.00	 45.45	 73.49	  2.12
1418	164.00	 55.00	 55.00	 45.94	 32.52	 31.05
1419	  8.00	  0.00	  0.00	  3.39	  2.77	  2.13
1420	204.00	102.00	204.00	 65.42	 31.72	 -8.99
1421	109.00	146.00	 73.00	 51.41	-15.59	 21.26
1422	 72.00	 13.00	 76.00	 22.24	 31.96	 -6.44
1423	230.00	 26.00	230.00	 54.17	 71.03	-14.03
1424	200.00	183.00	 15.00	 69.99	 -2.72	 78.53
1425	 51.00	204.00	255.00	 59.25	-29.45	-50.80
1426	153.00	  0.00	204.00	 38.24	 64.60	-19.29
1427	 26.00	128.00	 26.00	 29.46	-35.88	 14.68
1428	 91.00	237.00	164.00	 66.74	-45.95	 -3.86
1429	164.00	237.00	 55.00	 73.01	-34.73	 57.24
1430	255.00	  0.00	255.00	 51.66	 80.88	 -8.13
1431	153.00	102.00	153.00	 54.48	 17.88	 -3.59
1432	228.00	219.00	117.00	 81.94	 -6.62	 43.38
1433	 91.00	 55.00	164.00	 38.89	 28.00	-29.84
1434	164.00	 55.00	 91.00	 46.52	 34.31	 17.16
1435	182.00	 36.00	 73.00	 45.70	 45.98	 26.98
1436	146.00	255.00	219.00	 78.71	-29.95	 -9.80
1437	128.00	164.00	237.00	 63.93	  0.12	-32.85
1438	250.00	176.00	153.00	 80.07	 14.51	 27.85
1439	219.00	255.00	219.00	 88.72	-12.59	  4.39
1440	 51.00	102.00	102.00	 34.34	 -8.62	-14.67
1441	128.00	128.00	128.00	 52.41	  0.74	  2.07
1442	237.00	 18.00	 18.00	 52.70	 64.64	 61.41
1443	 91.00	128.00	200.00	 52.59	  1.49	-33.06
1444	153.00	255.00	204.00	 78.97	-30.67	 -3.15
1445	115.00	157.00	156.00	 57.25	-11.71	 -6.64
1446	 58.00	173.00	124.00	 49.55	-37.46	 -9.68
1447	128.00	128.00	128.00	 52.09	  0.82	  2.31
1448	219.00	182.00	109.00	 75.72	  2.15	 41.37
1449	146.00	  0.00	  0.00	 31.34	 47.89	 34.45
1450	179.00	 26.00	128.00	 45.03	 53.47	  6.83
1451	204.00	102.00	 51.00	 60.76	 24.00	 50.69
1452	255.00	 73.00	182.00	 65.51	 53.78	  7.06
1453	 91.00	237.00	 91.00	 63.21	-55.89	 23.26
1454	  0.00	109.00	219.00	 29.06	  2.42	-66.17
1455	204.00	255.00	102.00	 83.08	-26.74	 48.90
1456	 55.00	 91.00	237.00	 42.47	 18.01	-61.13
1457	208.00	166.00	232.00	 74.50	 14.23	-13.61
1458	230.00	 26.00	 77.00	 53.05	 60.25	 40.27
1459	 48.00	 90.00	 42.00	 27.24	-10.89	  7.21
1460	  3.00	 54.00	 24.00	 11.39	-16.49	 -1.49
1461	109.00	255.00	 73.00	 66.11	-60.03	 38.17
1462	164.00	 18.00	 91.00	 40.59	 51.52	 13.95
1463	215.00	215.00	227.00	 81.94	  0.95	 -5.66
1464	109.00	120.00	178.00	 52.97	  4.74	-21.60
1465	205.00	205.00	217.00	 78.12	  0.56	 -5.09
1466	124.00	136.00	124.00	 52.95	 -3.48	  4.11
1467	182.00	  0.00	146.00	 40.99	 65.99	  2.92
1468	128.00	230.00	 77.00	 67.24	-42.50	 36.45
1469	253.00	229.00	246.00	 89.93	  5.70	 -2.64
1470	219.00	109.00	182.00	 67.03	 31.43	  2.44
1471	 44.00	 32.00	 32.00	 15.35	  9.25	  1.20
1472	222.00	219.00	219.00	 83.11	  0.43	  0.35
1473	109.00	 36.00	219.00	 41.67	 47.51	-42.71
1474	204.00	102.00	153.00	 62.78	 28.18	  9.63
1475	153.00	204.00	255.00	 72.60	 -7.67	-30.12
1476	  7.00	102.00	141.00	 24.59	-13.03	-40.11
1477	 26.00	 77.00	128.00	 25.84	 -0.75	-35.01
1478	 26.00	230.00	 77.00	 48.03	-74.73	  7.29
1479	128.00	200.00	 91.00	 63.38	-30.15	 26.48
1480	179.00	179.00	230.00	 73.39	  4.02	-17.31
1481	109.00	182.00	 73.00	 57.49	-30.50	 26.89
1482	182.00	182.00	219.00	 74.09	  2.18	-11.90
1483	134.00	  9.00	218.00	 39.16	 59.90	-30.10
1484	255.00	  0.00	  0.00	 51.51	 77.31	 69.35
1485	185.00	253.00	223.00	 84.06	-19.93	 -3.77
1486	175.00	129.00	164.00	 63.16	 13.45	  1.80
1487	146.00	 36.00	182.00	 43.58	 48.68	-19.71
1488	224.00	224.00	236.00	 84.74	  0.65	 -5.57
1489	219.00	 73.00	 36.00	 58.60	 38.10	 58.00
1490	  0.00	182.00	 36.00	 31.57	-66.21	 10.27
1491	128.00	 77.00	179.00	 48.99	 26.23	-22.39
1492	 26.00	179.00	 26.00	 38.83	-55.70	 22.62
1493	182.00	  0.00	109.00	 40.22	 64.50	 13.48
1494	 55.00	237.00	 18.00	 53.33	-64.05	 46.18
1495	 73.00	255.00	146.00	 63.88	-61.65	  0.66
1496	230.00	 78.00	 81.00	 62.18	 39.42	 40.89
1497	  8.00	 39.00	169.00	 19.37	 22.87	-56.12
1498	164.00	 18.00	200.00	 43.35	 59.81	-18.39
1499	 31.00	223.00	111.00	 49.75	-66.27	 -5.50
1500	165.00	178.00	157.00	 67.42	 -5.69	  7.50
1501	237.00	128.00	164.00	 71.86	 27.27	 16.37
1502	  3.00	123.00	115.00	 24.20	-26.76	-28.99
1503	138.00	157.00	105.00	 58.39	 -9.74	 17.91
1504	102.00	  0.00	204.00	 32.13	 57.65	-33.15
1505	200.00	237.00	 55.00	 78.41	-22.89	 64.80
1506	109.00	109.00	255.00	 53.19	 20.70	-49.07
1507	207.00	201.00	190.00	 77.99	 -0.78	  6.75
1508	219.00	109.00	146.00	 65.95	 28.96	 16.64
1509	204.00	255.00	255.00	 88.34	-11.14	-11.69
1510	173.00	138.00	152.00	 62.95	  8.53	  5.98
1511	224.00	236.00	224.00	 86.05	 -4.17	  1.11
1512	253.00	202.00	237.00	 84.87	 13.93	 -2.48
1513	102.00	153.00	 51.00	 50.86	-21.66	 29.96
1514	102.00	204.00	 51.00	 58.62	-41.26	 37.42
1515	 59.00	 46.00	  0.00	 21.62	  5.77	 23.26
1516	 20.00	 20.00	 20.00	  8.03	  6.23	 -1.21
1517	 73.00	219.00	109.00	 58.05	-51.30	  8.31
1518	 73.00	109.00	219.00	 48.50	  9.61	-46.17
1519	 60.00	 72.00	 60.00	 26.67	 -1.05	 -0.35
1520	200.00	237.00	200.00	 82.34	-12.75	  5.15
1521	219.00	  0.00	146.00	 45.59	 72.13	 12.66
1522	226.00	150.00	154.00	 73.93	 16.88	 19.73
1523	146.00	146.00	  0.00	 54.09	 -2.34	 64.15
1524	204.00	  0.00	153.00	 43.65	 69.45	  6.82
1525	109.00	117.00	109.00	 46.69	 -1.29	  1.72
1526	109.00	109.00	219.00	 54.00	 14.52	-37.90
1527	 45.00	 71.00	 77.00	 25.61	 -1.33	-10.41
1528	255.00	255.00	 36.00	 90.79	-11.19	 89.21
1529	219.00	182.00	219.00	 77.23	 10.27	 -4.72
1530	 73.00	 36.00	 36.00	 22.87	 16.24	  7.77
1531	 26.00	179.00	 77.00	 40.52	-54.84	 -0.71
1532	164.00	200.00	164.00	 71.05	-13.12	  7.21
1533	 51.00	255.00	  0.00	 56.91	-66.29	 54.54
1534	230.00	 77.00	 77.00	 61.72	 39.15	 42.44
1535	  0.00	 36.00	  0.00	 10.72	-13.99	  6.15
1536	 78.00	  0.00	108.00	 23.08	 42.93	-12.64
1537	200.00	 55.00	 91.00	 52.61	 42.05	 27.31
1538	 18.00	128.00	200.00	 36.80	-11.74	-55.62
1539	100.00	 72.00	 41.00	 35.84	  8.42	 19.15
1540	151.00	151.00	163.00	 61.83	  1.02	 -1.09
1541	 18.00	237.00	237.00	 57.55	-47.03	-46.85
1542	219.00	109.00	255.00	 67.06	 40.84	-24.94
1543	146.00	 36.00	146.00	 42.67	 45.07	 -8.51
1544	  0.00	  0.00	 73.00	  8.87	 21.01	-24.19
1545	 54.00	 31.00	 80.00	 22.24	 19.62	-12.89
1546	150.00	121.00	138.00	 55.73	  8.20	  2.99
1547	230.00	 26.00	179.00	 53.56	 66.44	  2.40
1548	255.00	255.00	153.00	 93.07	 -8.75	 37.86
1549	 99.00	 87.00	 87.00	 38.42	  5.69	  2.46
1550	206.00	 54.00	137.00	 54.74	 46.49	 12.30
1551	 55.00	 91.00	164.00	 38.41	  4.28	-37.02
1552	128.00	179.00	128.00	 61.01	-18.71	  9.11
1553	 55.00	 18.00	128.00	 23.89	 34.23	-28.06
1554	 40.00	 84.00	 69.00	 26.94	 -8.96	 -6.02
1555	153.00	 51.00	255.00	 48.61	 52.45	-42.28
1556	230.00	128.00	 77.00	 69.75	 20.97	 48.84
1557	237.00	 55.00	 18.00	 59.46	 48.33	 70.58
1558	255.00	 51.00	102.00	 61.71	 56.91	 36.18
1559	 49.00	103.00	 82.00	 32.95	-12.18	 -7.04
1560	 82.00	 80.00	 41.00	 33.18	  0.71	 15.69
1561	153.00	204.00	  0.00	 65.63	-19.45	 75.68
1562	182.00	109.00	146.00	 59.81	 20.49	  7.69
1563	 73.00	 36.00	 73.00	 25.53	 20.09	 -4.92
1564	 36.00	  0.00	 36.00	 10.39	 22.96	 -3.54
1565	 73.00	182.00	109.00	 52.34	-36.95	  2.28
1566	215.00	152.00	173.00	 72.94	 14.81	 10.09
1567	200.00	 91.00	128.00	 59.52	 30.12	 17.22
1568	219.00	109.00	 73.00	 64.84	 24.89	 45.42
1569	128.00	 91.00	200.00	 52.77	 22.85	-28.17
1570	 51.00	102.00	255.00	 41.65	 15.83	-66.02
1571	200.00	 55.00	164.00	 54.24	 47.58	 -0.06
1572	 51.00	255.00	153.00	 59.84	-65.01	 -7.30
1573	234.00	 79.00	  7.00	 61.94	 40.00	 77.28
1574	 55.00	 91.00	 18.00	 28.91	 -9.98	 21.80
1575	 36.00	 36.00	146.00	 23.64	 24.54	-40.83
1576	164.00	 55.00	200.00	 50.05	 44.99	-21.08
1577	179.00	179.00	128.00	 68.79	 -5.90	 23.28
1578	255.00	102.00	255.00	 71.07	 49.73	-19.14
1579	 72.00	175.00	159.00	 53.52	-29.03	-16.62
1580	182.00	 73.00	  0.00	 51.30	 30.51	 64.52
1581	255.00	 36.00	146.00	 58.49	 65.65	 20.21
1582	 18.00	 77.00	 26.00	 19.63	-17.96	  5.04
1583	219.00	 73.00	219.00	 62.72	 48.83	-13.31
1584	181.00	141.00	154.00	 64.30	  9.27	  8.11
1585	 36.00	  0.00	182.00	 21.67	 46.79	-45.84
1586	255.00	109.00	255.00	 72.00	 46.57	-18.33
1587	182.00	146.00	182.00	 67.73	 10.39	 -1.89
1588	125.00	215.00	 65.00	 63.98	-38.24	 39.25
1589	109.00	182.00	 36.00	 56.46	-31.06	 44.49
1590	 51.00	153.00	102.00	 43.04	-33.19	 -6.61
1591	  0.00	  8.00	  0.00	  3.98	 -3.39	  1.76
1592	255.00	 36.00	 36.00	 59.40	 61.82	 62.50
1593	 77.00	179.00	 77.00	 52.43	-37.97	 15.59
1594	200.00	 18.00	 91.00	 46.30	 58.97	 24.29
1595	179.00	 77.00	179.00	 55.41	 35.69	 -8.01
1596	204.00	121.00	  1.00	 61.66	 21.24	 77.81
1597	219.00	182.00	  0.00	 73.50	  4.18	 91.13
1598	 31.00	 90.00	252.00	 36.01	 18.48	-73.57
1599	 18.00	237.00	128.00	 48.30	-69.72	-13.51
1600	 49.00	165.00	247.00	 51.44	-14.03	-56.71
1601	214.00	166.00	213.00	 75.37	 13.81	 -5.04
1602	221.00	 21.00	147.00	 51.21	 65.29	 11.76
1603	151.00	172.00	188.00	 65.96	 -3.98	 -7.92
1604	 70.00	  5.00	  0.00	 15.33	 25.15	 17.52
1605	 51.00	 51.00	102.00	 26.26	 13.35	-19.60
1606	 91.00	237.00	237.00	 70.50	-33.37	-27.87
1607	 73.00	146.00	146.00	 49.22	-17.95	-16.11
1608	 73.00	182.00	219.00	 58.37	-19.98	-35.97
1609	 15.00	 61.00	  7.00	 15.97	-14.42	 10.71
1610	128.00	200.00	200.00	 68.38	-18.18	-14.94
1611	 73.00	 57.00	169.00	 37.06	 24.81	-36.76
1612	217.00	255.00	217.00	 88.75	-13.20	  4.94
1613	255.00	182.00	182.00	 82.00	 15.87	 17.46
1614	 26.00	230.00	230.00	 57.60	-46.00	-44.86
1615	153.00	204.00	153.00	 70.58	-18.57	  9.56
1616	  0.00	 51.00	255.00	 24.20	 38.24	-82.82
1617	200.00	164.00	 55.00	 68.54	  1.27	 56.48
1618	  0.00	 73.00	  0.00	 18.12	-27.96	 12.18
1619	120.00	120.00	120.00	 49.07	  1.06	  1.67
1620	140.00	140.00	179.00	 59.31	  3.98	-11.61
1621	153.00	 51.00	 51.00	 42.21	 31.24	 29.42
1622	  5.00	  5.00	 17.00	  4.91	  4.78	 -3.93
1623	 95.00	111.00	 71.00	 42.60	 -5.49	 12.35
1624	 35.00	187.00	 96.00	 46.07	-53.28	 -5.36
1625	 73.00	  0.00	255.00	 33.29	 63.09	-51.39
1626	237.00	 55.00	 91.00	 60.09	 49.44	 37.74
1627	124.00	240.00	 35.00	 66.23	-46.78	 57.17
1628	  0.00	146.00	255.00	 37.32	 -4.50	-73.56
1629	123.00	157.00	 22.00	 53.20	-16.40	 52.30
1630	 73.00	182.00	182.00	 56.13	-27.33	-23.97
1631	191.00	191.00	230.00	 75.52	  1.87	-13.31
1632	 51.00	255.00	255.00	 68.18	-42.48	-41.68
1633	128.00	128.00	 91.00	 51.97	 -2.46	 16.44
1634	102.00	102.00	255.00	 51.32	 23.07	-51.97
1635	 84.00	210.00	248.00	 65.18	-22.93	-38.30
1636	187.00	187.00	199.00	 73.23	  0.62	 -3.35
1637	173.00	173.00	173.00	 68.61	 -0.47	  2.37
1638	 77.00	128.00	230.00	 51.86	  4.42	-45.89
1639	255.00	219.00	 36.00	 85.61	 -0.82	 87.59
1640	255.00	109.00	182.00	 71.45	 40.40	  9.46
1641	 35.00	214.00	 54.00	 48.15	-67.74	 18.61
1642	200.00	164.00	164.00	 72.21	  6.33	 10.84
1643	204.00	102.00	  0.00	 60.05	 27.45	 76.29
1644	109.00	255.00	255.00	 75.83	-31.26	-29.90
1645	 91.00	164.00	128.00	 54.40	-22.91	 -1.59
1646	204.00	  0.00	 51.00	 44.11	 65.53	 34.89
1647	 77.00	 26.00	128.00	 29.27	 34.15	-22.02
1648	 10.00	 20.00	 42.00	  7.72	  5.71	-11.42
1649	237.00	237.00	237.00	 89.48	 -0.02	 -0.57
1650	200.00	237.00	 18.00	 78.03	-20.10	 84.03
1651	142.00	195.00	149.00	 66.49	-19.15	  6.72
1652	128.00	164.00	164.00	 60.51	 -9.48	 -5.09
1653	  0.00	109.00	  0.00	 24.01	-41.69	 17.78
1654	 36.00	146.00	255.00	 45.44	 -5.00	-64.19
1655	 55.00	237.00	237.00	 65.57	-42.05	-36.17
1656	 48.00	102.00	 67.00	 31.60	-13.11	 -1.02
1657	 98.00	133.00	 76.00	 47.26	-13.02	 14.93
1658	140.00	140.00	140.00	 56.81	  0.06	  2.35
1659	 69.00	 81.00	 69.00	 30.98	 -0.85	  0.28
1660	255.00	255.00	  0.00	 89.01	 -6.07	109.09
1661	 26.00	 26.00	 26.00	 10.17	  6.18	 -1.20
1662	109.00	 73.00	255.00	 46.94	 35.38	-52.88
1663	246.00	246.00	246.00	 92.16	 -0.62	 -1.95
1664	 18.00	 55.00	 55.00	 15.73	 -5.70	-10.62
1665	 51.00	204.00	  0.00	 46.91	-50.94	 45.92
1666	146.00	219.00	255.00	 73.14	-14.23	-29.39
1667	170.00	194.00	 42.00	 67.10	-16.53	 59.65
1668	254.00	242.00	242.00	 92.45	  1.36	  0.83
1669	237.00	 18.00	 55.00	 53.32	 64.11	 47.13
1670	  0.00	204.00	102.00	 35.30	-64.58	-13.14
1671	  0.00	  0.00	109.00	 11.16	 28.49	-35.82
1672	 46.00	 46.00	 46.00	 18.63	  5.25	 -1.75
1673	 26.00	 14.00	 14.00	  8.53	  9.68	  2.08
1674	175.00	152.00	215.00	 69.23	 10.90	-15.87
1675	219.00	255.00	109.00	 85.74	-21.39	 50.41
1676	182.00	255.00	109.00	 80.05	-33.51	 39.90
1677	  0.00	  0.00	  0.00	  1.37	 -1.28	  0.92
1678	 13.00	 13.00	 52.00	  9.76	 13.50	-14.94
1679	175.00	110.00	 95.00	 57.28	 14.93	 25.16
1680	101.00	139.00	200.00	 55.37	 -1.40	-29.13
1681	  0.00	219.00	109.00	 37.77	-69.53	-14.10
1682	 56.00	 82.00	 64.00	 28.70	 -4.97	 -1.25
1683	  0.00	102.00	153.00	 23.51	-10.73	-45.23
1684	230.00	 77.00	230.00	 64.75	 48.98	-14.88
1685	 73.00	219.00	 36.00	 54.93	-55.21	 40.02
1686	255.00	 73.00	146.00	 65.47	 51.07	 21.34
1687	219.00	146.00	182.00	 72.40	 18.76	  7.27
1688	 18.00	 91.00	 91.00	 23.14	-15.12	-21.47
1689	 15.00	168.00	251.00	 43.66	-18.72	-67.22
1690	107.00	 87.00	 70.00	 40.45	  6.24	 12.21
1691	 36.00	182.00	109.00	 45.58	-49.20	-10.46
1692	200.00	 18.00	128.00	 46.74	 60.72	 12.03
1693	138.00	 85.00	  4.00	 44.26	 14.83	 51.26
1694	 14.00	 14.00	 26.00	  7.08	  7.51	 -4.70
1695	163.00	241.00	193.00	 77.54	-24.30	  0.33
1696	 89.00	 98.00	123.00	 42.11	  3.06	-11.63
1697	244.00	  1.00	240.00	 50.18	 78.68	 -7.08
1698	 18.00	237.00	 18.00	 47.98	-76.37	 34.83
1699	255.00	146.00	255.00	 77.66	 33.53	-15.15
1700	 55.00	 55.00	 55.00	 22.76	  4.28	 -2.00
1701	 26.00	 26.00	179.00	 22.89	 35.13	-55.30
1702	118.00	118.00	118.00	 48.59	  1.04	  1.69
1703	245.00	233.00	233.00	 89.96	  1.96	  2.08
1704	 45.00	  6.00	 54.00	 14.62	 25.64	 -6.92
1705	 55.00	 91.00	128.00	 34.95	 -1.27	-24.21
1706	219.00	219.00	  0.00	 78.18	 -5.12	 95.81
1707	128.00	179.00	 26.00	 58.17	-23.14	 54.35
1708	133.00	 87.00	106.00	 46.24	 15.37	  5.64
1709	100.00	100.00	100.00	 41.72	  2.09	  0.45
1710	 55.00	164.00	 91.00	 45.16	-37.89	  0.73
1711	145.00	145.00	145.00	 58.27	 -0.32	  2.50
1712	255.00	204.00	  0.00	 82.44	  9.16	102.61
1713	 42.00	  6.00	210.00	 25.29	 50.18	-53.67
1714	 73.00	146.00	255.00	 52.72	  1.21	-53.42
1715	173.00	212.00	180.00	 74.97	-13.52	  4.30
1716	 55.00	128.00	237.00	 47.63	  2.32	-56.37
1717	 51.00	 51.00	  0.00	 19.91	  1.73	 21.07
1718	165.00	160.00	116.00	 63.20	 -3.56	 21.36
1719	  5.00	 17.00	  5.00	  5.95	 -2.94	  1.70
1720	255.00	120.00	113.00	 73.16	 31.82	 39.28
1721	 55.00	 55.00	 91.00	 26.89	 10.45	-14.73
1722	 59.00	 34.00	 36.00	 19.04	 12.64	  3.49
1723	146.00	 73.00	109.00	 46.56	 22.98	  7.37
1724	229.00	180.00	172.00	 77.75	  9.37	 16.57
1725	230.00	 26.00	 26.00	 53.08	 59.66	 59.11
1726	182.00	255.00	146.00	 81.12	-30.17	 25.59
1727	146.00	  0.00	255.00	 41.19	 68.70	-32.74
1728	182.00	  0.00	 36.00	 39.87	 59.43	 32.03
1729	 14.00	 26.00	 14.00	  7.92	 -1.41	  1.35
1730	255.00	 51.00	255.00	 60.83	 68.65	-19.45
1731	224.00	 21.00	103.00	 50.98	 63.00	 27.97
1732	109.00	  0.00	 73.00	 26.56	 45.66	  3.69
1733	255.00	 51.00	 51.00	 62.05	 56.36	 56.65
1734	217.00	205.00	205.00	 79.71	  1.75	  2.41
1735	204.00	 51.00	153.00	 54.18	 48.93	  4.88
1736	146.00	 36.00	109.00	 40.82	 40.85	  4.06
1737	128.00	 91.00	 91.00	 45.92	 10.59	 10.48
1738	216.00	150.00	241.00	 73.42	 22.53	-16.87
1739	140.00	179.00	140.00	 62.94	-13.89	  7.81
1740	  0.00	255.00	109.00	 40.61	-79.72	 -7.02
1741	 28.00	117.00	 77.00	 29.62	-25.46	 -9.20
1742	181.00	169.00	169.00	 68.79	  1.86	  4.90
1743	109.00	182.00	146.00	 59.53	-22.85	 -1.52
1744	 73.00	146.00	 73.00	 45.27	-25.53	 10.68
1745	153.00	102.00	 51.00	 51.50	 10.16	 36.65
1746	156.00	  0.00	 92.00	 36.14	 57.89	 10.65
1747	187.00	215.00	139.00	 76.10	-15.64	 24.42
1748	129.00	182.00	 78.00	 59.91	-24.12	 29.99
1749	 29.00	 25.00	  3.00	 11.40	  3.48	  9.41
1750	146.00	146.00	255.00	 63.66	 13.32	-37.16
1751	 89.00	121.00	108.00	 45.14	 -7.69	 -3.75
1752	183.00	  6.00	 50.00	 41.65	 58.43	 30.38
1753	228.00	228.00	228.00	 86.12	 -0.03	 -0.63
1754	  2.00	 39.00	241.00	 23.25	 40.33	-80.00
1755	191.00	230.00	191.00	 80.16	-13.71	  6.01
1756	 51.00	153.00	  0.00	 37.15	-35.05	 37.70
1757	125.00	199.00	183.00	 66.40	-20.66	 -9.33
1758	179.00	230.00	 77.00	 75.07	-26.63	 50.13
1759	  0.00	255.00	153.00	 45.91	-69.84	-23.09
1760	109.00	146.00	219.00	 58.71	  0.42	-33.66
1761	200.00	164.00	200.00	 72.72	 10.64	 -2.92
1762	 51.00	 51.00	 63.00	 22.92	  6.81	 -6.59
1763	255.00	  0.00	 36.00	 50.77	 77.07	 54.93
1764	103.00	 64.00	 64.00	 35.26	 13.52	  9.50
1765	 96.00	 78.00	 68.00	 36.04	  7.15	  8.05
1766	225.00	210.00	 47.00	 78.73	 -6.28	 73.01
1767	 38.00	238.00	 14.00	 51.55	-67.90	 43.54
1768	118.00	248.00	254.00	 75.05	-28.53	-29.83
1769	182.00	 73.00	255.00	 56.04	 46.69	-35.80
1770	128.00	 89.00	 89.00	 45.32	 11.53	 11.46
1771	 46.00	237.00	156.00	 57.96	-58.88	-14.96
1772	  0.00	 51.00	 51.00	  9.21	-11.64	-15.25
1773	219.00	 36.00	255.00	 54.72	 67.10	-25.67
1774	109.00	182.00	  0.00	 53.21	-25.50	 59.01
1775	255.00	182.00	255.00	 82.50	 22.24	-12.43
1776	 85.00	105.00	245.00	 49.77	 17.43	-52.23
1777	179.00	 26.00	230.00	 48.01	 62.79	-25.70
1778	182.00	182.00	 73.00	 68.23	 -8.98	 46.23
1779	 77.00	128.00	179.00	 49.54	 -4.76	-29.36
1780	164.00	 18.00	237.00	 44.77	 63.70	-30.10
1781	182.00	 36.00	255.00	 49.96	 62.53	-34.34
1782	 91.00	200.00	200.00	 62.95	-26.34	-21.72
1783	 91.00	128.00	 55.00	 43.70	-14.08	 20.53
1784	 18.00	164.00	164.00	 39.40	-34.55	-38.36
1785	 73.00	  0.00	 73.00	 20.36	 37.96	 -5.02
1786	179.00	128.00	 77.00	 60.08	  8.36	 36.24
1787	109.00	 73.00	 36.00	 37.83	 10.04	 24.20
1788	 26.00	 26.00	230.00	 28.73	 45.68	-69.80
1789	 18.00	 18.00	128.00	 17.32	 27.89	-38.73
1790	237.00	200.00	237.00	 82.16	 11.10	 -5.77
1791	  2.00	170.00	217.00	 38.98	-24.45	-58.97
1792	200.00	128.00	 91.00	 64.22	 14.26	 36.46
1793	109.00	 36.00	 73.00	 32.04	 29.56	  5.67
1794	 55.00	 55.00	164.00	 32.56	 21.73	-40.84
1795	121.00	 89.00	158.00	 49.45	 17.72	-15.67
1796	116.00	  8.00	 44.00	 28.09	 41.30	 14.82
1797	255.00	255.00	109.00	 92.39	-10.25	 56.14
1798	219.00	 36.00	  0.00	 52.55	 54.30	 69.94
1799	146.00	182.00	109.00	 63.92	-16.62	 21.97
1800	  5.00	  5.00	  5.00	  3.75	  1.25	  0.40
1801	  0.00	 17.00	 53.00	  6.83	  6.17	-18.46
1802	 29.00	 52.00	208.00	 30.06	 27.68	-64.08
1803	230.00	230.00	230.00	 86.94	 -0.31	 -0.37
1804	 73.00	219.00	 73.00	 56.99	-55.41	 21.70
1805	 73.00	  0.00	182.00	 26.59	 51.11	-34.94
1806	  0.00	146.00	109.00	 25.80	-38.19	-23.39
1807	164.00	237.00	128.00	 75.50	-30.35	 26.60
1808	  0.00	 36.00	255.00	 23.68	 45.04	-82.13
1809	219.00	146.00	109.00	 71.08	 13.90	 36.46
1810	255.00	219.00	146.00	 87.34	  1.71	 37.93
1811	244.00	161.00	  9.00	 75.14	 15.04	 89.41
1812	 19.00	 84.00	 68.00	 21.68	-15.75	-11.97
1813	  0.00	182.00	146.00	 33.76	-45.14	-32.33
1814	128.00	237.00	128.00	 71.23	-41.03	 18.88
1815	 73.00	109.00	146.00	 42.79	 -2.57	-21.97
1816	132.00	 60.00	102.00	 42.68	 25.24	  4.13
1817	 75.00	114.00	 64.00	 38.99	-11.37	 10.12
1818	182.00	109.00	255.00	 62.48	 33.62	-32.78
1819	255.00	 73.00	  0.00	 64.81	 49.30	 86.04
1820	 36.00	109.00	219.00	 40.26	  3.14	-60.53
1821	219.00	219.00	109.00	 80.70	 -9.38	 44.09
1822	204.00	204.00	 51.00	 74.99	-10.83	 65.09
1823	128.00	 26.00	 26.00	 32.49	 34.59	 28.93
1824	230.00	230.00	128.00	 84.12	 -9.09	 42.04
1825	182.00	109.00	 73.00	 57.48	 16.56	 36.40
1826	196.00	 71.00	  5.00	 53.46	 34.92	 66.42
1827	182.00	182.00	  0.00	 66.15	 -3.91	 79.84
1828	 73.00	146.00	109.00	 47.54	-22.55	 -3.55
1829	  0.00	255.00	219.00	 54.64	-53.71	-42.85
1830	 73.00	255.00	  0.00	 60.33	-59.09	 60.57
1831	102.00	189.00	232.00	 64.93	-14.79	-31.58
1832	 68.00	 75.00	126.00	 35.40	  8.25	-21.58
1833	237.00	 91.00	 91.00	 65.12	 36.39	 40.33
1834	153.00	220.00	162.00	 72.84	-23.20	  8.71
1835	 91.00	 91.00	128.00	 41.70	  7.74	-13.71
1836	219.00	219.00	219.00	 82.66	  0.01	 -0.45
1837	204.00	102.00	255.00	 64.32	 40.15	-28.73
1838	204.00	153.00	  0.00	 66.36	  9.30	 81.97
1839	109.00	255.00	182.00	 72.25	-44.58	 -3.82
1840	  3.00	 84.00	112.00	 18.27	-11.55	-32.91
1841	148.00	155.00	114.00	 59.88	 -5.92	 17.32
1842	 36.00	182.00	219.00	 50.69	-30.11	-49.03
1843	146.00	  0.00	146.00	 35.23	 59.83	 -6.09
1844	200.00	128.00	164.00	 66.74	 18.39	  7.47
1845	 92.00	152.00	 40.00	 48.25	-23.99	 31.63
1846	 51.00	153.00	 51.00	 39.75	-37.21	 14.29
1847	161.00	197.00	210.00	 72.74	 -8.10	-11.52
1848	 25.00	 89.00	208.00	 33.91	  9.42	-63.23
1849	237.00	 91.00	164.00	 66.49	 39.00	 12.21
1850	102.00	 51.00	204.00	 42.44	 37.11	-39.98
1851	 73.00	  0.00	  0.00	 14.43	 26.81	 16.68
1852	102.00	255.00	204.00	 72.44	-42.52	-13.96
1853	186.00	182.00	211.00	 73.16	  2.50	 -8.59
1854	230.00	230.00	230.00	 86.81	 -0.43	 -0.64
1855	  7.00	190.00	185.00	 41.13	-41.66	-43.16
1856	200.00	143.00	180.00	 69.78	 15.17	  3.26
1857	 30.00	 30.00	 30.00	 11.50	  5.66	 -1.95
1858	 55.00	164.00	200.00	 51.18	-21.93	-39.34
1859	 36.00	 73.00	 73.00	 23.89	 -5.15	-10.63
1860	225.00	255.00	205.00	 89.23	-12.85	 12.96
1861	 36.00	 36.00	  0.00	 14.86	  1.61	 14.71
1862	  5.00	  0.00	 40.00	  7.06	 15.21	-12.32
1863	 73.00	 73.00	109.00	 35.10	  8.64	-13.97
1864	 55.00	128.00	200.00	 46.16	 -5.13	-44.68
1865	116.00	180.00	 48.00	 57.80	-28.14	 40.21
1866	182.00	255.00	 73.00	 78.47	-35.16	 55.82
1867	102.00	  0.00	102.00	 26.42	 47.25	 -5.56
1868	 36.00	255.00	146.00	 55.56	-70.10	-10.74
1869	  0.00	109.00	182.00	 26.91	 -7.96	-54.17
1870	255.00	153.00	102.00	 77.69	 20.96	 47.81
1871	219.00	255.00	 36.00	 84.49	-22.53	 82.96
1872	 55.00	 18.00	 55.00	 17.97	 22.15	 -4.57
1873	128.00	128.00	230.00	 59.17	 12.26	-34.99
1874	 36.00	182.00	146.00	 46.77	-43.34	-24.48
1875	193.00	137.00	173.00	 67.15	 15.04	  3.44
1876	142.00	154.00	142.00	 59.36	 -4.12	  4.36
1877	 73.00	219.00	255.00	 65.66	-27.96	-42.56
1878	 67.00	 74.00	 41.00	 28.05	 -0.70	 10.24
1879	116.00	138.00	150.00	 54.15	 -3.52	 -7.46
1880	  0.00	 65.00	 46.00	 11.66	-19.07	-10.98
1881	146.00	146.00	146.00	 58.51	  0.12	  2.32
1882	182.00	219.00	 36.00	 72.89	-22.26	 69.08
1883	146.00	109.00	146.00	 54.29	 12.65	 -2.20
1884	255.00	  0.00	219.00	 49.64	 81.01	  3.13
1885	179.00	128.00	230.00	 66.42	 21.68	-22.71
1886	158.00	167.00	223.00	 69.30	  3.51	-21.39
1887	131.00	101.00	203.00	 54.54	 19.72	-27.44
1888	182.00	182.00	146.00	 70.05	 -4.67	 15.80
1889	109.00	182.00	182.00	 61.84	-18.53	-13.67
1890	 63.00	 51.00	 51.00	 23.18	  7.62	  1.09
1891	128.00	 91.00	237.00	 53.50	 27.84	-41.29
1892	200.00	200.00	 18.00	 72.41	 -8.26	 79.38
1893	228.00	175.00	239.00	 77.87	 17.53	-10.97
1894	146.00	 36.00	255.00	 44.50	 58.02	-42.65
1895	164.00	237.00	 91.00	 74.38	-33.51	 41.71
1896	237.00	 55.00	200.00	 60.52	 56.33	 -3.03
1897	219.00	 36.00	 73.00	 53.38	 53.91	 38.58
1898	  7.00	 59.00	 60.00	 13.37	-10.61	-15.70
1899	255.00	  0.00	182.00	 49.63	 79.44	 12.14
1900	180.00	134.00	 42.00	 60.78	  6.35	 52.79
1901	 83.00	 88.00	139.00	 40.53	  7.90	-19.70
1902	116.00	 87.00	134.00	 45.74	 14.39	 -9.26
1903	128.00	128.00	200.00	 57.59	  7.97	-24.38
1904	 51.00	255.00	204.00	 64.11	-53.69	-24.90
1905	  3.00	  0.00	  0.00	  2.05	  0.27	  1.06
1906	115.00	  1.00	189.00	 32.95	 56.92	-25.29
1907	  0.00	 24.00	  2.00	  7.47	 -8.46	  3.64
1908	 57.00	 53.00	 55.00	 22.89	  5.41	 -1.87
1909	111.00	112.00	116.00	 46.80	  1.78	 -0.85
1910	120.00	 54.00	  0.00	 35.40	 21.24	 41.77
1911	 51.00	 54.00	  0.00	 21.00	  0.93	 21.11
1912	110.00	100.00	 53.00	 44.22	  0.16	 23.09
1913	  3.00	114.00	 97.00	 21.90	-27.55	-23.59
1914	 44.00	117.00	  0.00	 30.07	-24.62	 30.65
END_DATA
