    0    0    0     1.71  -1.36   0.96   1.38  -1.28   0.91
    5    5    5     3.46   1.40   0.76   3.74   1.25   0.41
   10   10   10     5.70   2.96   0.15   5.41   3.32   0.23
   15   15   15     7.19   4.04  -0.19   6.38   4.83  -0.50
   20   20   20     8.73   5.01  -0.47   8.03   6.20  -1.18
   25   25   25    10.44   5.67  -0.64   9.66   6.21  -1.31
   30   30   30    12.48   6.10  -0.82  11.55   5.68  -1.92
   35   35   35    14.65   6.32  -0.84  13.51   5.76  -2.20
   40   40   40    16.92   6.26  -0.94  15.63   5.45  -1.86
   45   45   45    19.06   5.97  -1.11  17.96   5.28  -1.73
   50   50   50    21.20   5.73  -1.23  20.65   4.54  -2.30
   55   55   55    23.40   5.45  -1.32  22.77   4.24  -2.01
   60   60   60    25.65   5.31  -1.31  24.45   3.98  -2.00
   65   65   65    27.82   5.04  -1.25  27.44   3.71  -1.34
   70   70   70    29.96   4.69  -1.21  29.00   3.30  -1.11
   75   75   75    32.05   4.25  -1.18  31.77   3.49  -1.56
   80   80   80    34.22   3.78  -0.97  33.93   3.13  -1.16
   85   85   85    36.37   3.38  -0.70  35.60   3.07  -0.91
   90   90   90    38.50   2.95  -0.32  37.57   2.82  -0.48
   95   95   95    40.46   2.58   0.03  39.44   2.64  -0.21
  100  100  100    42.39   2.23   0.40  41.75   2.10   0.45
  105  105  105    44.31   1.87   0.73  43.44   1.75   0.65
  110  110  110    46.31   1.50   1.05  45.46   1.83   0.59
  115  115  115    48.23   1.14   1.36  47.64   1.11   1.25
  120  120  120    50.05   0.78   1.59  49.07   1.04   1.68
  125  125  125    51.80   0.50   1.88  50.96   0.95   1.90
  130  130  130    53.51   0.24   2.14  52.97   0.60   2.57
  135  135  135    55.24   0.05   2.41  54.24   0.38   2.66
  140  140  140    56.93  -0.06   2.61  56.82   0.06   2.38
  145  145  145    58.62  -0.14   2.81  58.30  -0.31   2.52
  150  150  150    60.37  -0.19   2.92  60.35  -0.45   2.56
  155  155  155    62.14  -0.26   2.99  61.97  -0.01   2.47
  160  160  160    64.03  -0.43   2.95  63.79  -0.17   2.73
  165  165  165    65.87  -0.60   2.80  65.82  -0.76   2.85
  170  170  170    67.66  -0.80   2.61  67.19  -0.27   2.24
  175  175  175    69.33  -0.93   2.35  68.89  -0.46   2.24
  180  180  180    70.99  -1.08   2.10  70.92  -0.50   1.87
  185  185  185    72.57  -1.11   1.80  72.26  -0.44   1.75
  190  190  190    74.13  -1.15   1.49  73.43  -0.55   1.06
  195  195  195    75.58  -1.07   1.19  75.32  -0.98   1.23
  200  200  200    77.05  -1.07   0.90  76.65  -0.77   0.81
  205  205  205    78.52  -1.00   0.63  77.81  -0.93  -0.03
  210  210  210    80.01  -0.94   0.35  79.67  -0.85  -0.10
  215  215  215    81.60  -0.90   0.07  81.02  -0.72  -0.64
  220  220  220    83.21  -0.84  -0.23  83.24  -0.28  -0.37
  225  225  225    84.88  -0.72  -0.51  84.32  -0.18  -0.62
  230  230  230    86.55  -0.70  -0.79  86.79  -0.43  -0.64
  235  235  235    88.18  -0.71  -1.12  88.71  -0.13  -0.47
  240  240  240    89.81  -0.67  -1.40  90.07  -0.30  -0.76
  245  245  245    91.51  -0.65  -1.70  92.15  -0.76  -1.93
  250  250  250    93.16  -0.92  -1.85  93.36  -1.05  -1.55
  255  255  255    94.70  -1.80  -2.15  94.69  -1.16  -1.83
  222  219  219    83.29  -0.18   0.43  83.10   0.43   0.38
  121  125  124    51.14  -0.46   1.13  50.82   0.37   1.35
  176  170  170    68.62   0.38   3.97  67.94   0.76   3.89
   41   35   37    16.09   8.27  -0.13  14.72   7.94  -1.16
  150  143  149    59.37   2.11   2.40  59.03   2.26   1.75
  109  117  109    47.30  -1.47   2.13  46.68  -1.26   1.67
  139  146  137    57.53  -2.74   4.27  57.31  -2.47   4.77
  237  242  248    89.94  -1.31  -5.62  90.13  -0.81  -4.80
   12   23   19     8.18   0.86  -1.40   6.99   0.27  -2.07
  205  195  192    76.91   0.97   4.59  76.27   0.98   4.61
   70   70   82    30.83   6.01  -5.66  31.42   5.18  -5.67
   17    9   21     6.99   8.95  -2.93   6.92   9.79  -2.71
  124  138  131    54.04  -3.96   1.33  53.73  -2.99   1.55
   18    9    4     5.19   5.57   3.91   6.69   5.58   3.45
   91   91   75    38.46   1.41   6.03  37.38   1.50   5.51
  203  218  222    80.50  -3.98  -4.80  80.17  -4.20  -5.55
  126  124  142    52.95   2.69  -4.05  52.75   2.76  -4.36
   87  105   92    40.82  -3.38   0.32  40.04  -3.84  -0.94
   76   79   94    34.36   4.91  -7.44  34.24   4.65  -7.29
  178  186  198    72.34  -1.68  -4.71  72.27  -1.53  -4.85
  137  134  155    56.63   2.86  -4.46  56.92   3.57  -6.26
  253  229  246    89.86   6.56  -2.78  89.92   5.72  -2.69
  194  181  170    73.02   0.71   9.39  72.70   0.73   9.09
  123  100  113    47.03   8.35   2.17  46.31   8.57   1.54
  148  160  173    62.84  -1.94  -4.85  63.21  -1.92  -4.69
  170  158  145    64.87   0.84  10.99  65.05  -0.24  10.40
  117   93   98    44.23   8.35   5.13  43.96   8.62   4.86
  195  173  199    72.89   6.30  -2.89  72.45   6.41  -3.25
  190  217  197    78.16  -9.21   2.01  78.03  -9.31   1.77
  200  209  181    77.89  -5.77   9.73  77.57  -5.82   9.48
  136  163  161    60.95  -7.14  -2.92  61.14  -7.26  -2.17
   59   34   36    19.84  13.61   4.71  19.02  12.62   3.52
  186  182  211    73.39   2.55  -8.49  73.20   2.53  -8.62
   56   82   64    29.11  -4.03  -0.91  28.71  -4.94  -1.26
   13   38   36    11.24  -1.78  -6.07   9.77  -3.60  -7.90
  150  121  138    55.85   8.70   3.55  55.67   8.17   2.98
   29   25    3     9.65   3.68   9.31  11.38   3.50   9.39
   96   78   68    36.79   7.01   8.42  36.03   7.16   8.02
   51   75   47    25.94  -4.26   4.05  25.05  -4.97   3.04
  242  252  219    92.12  -6.97   9.57  91.52  -6.74  10.60
  160  161  130    63.17  -3.75  14.79  63.47  -3.74  14.90
   83   54   57    29.17  13.17   5.54  28.56  12.62   4.57
  209  220  187    80.85  -6.56  10.65  80.60  -6.81  10.81
  242  241  208    89.51  -3.81  11.81  88.98  -4.53  13.22
  236  202  213    82.37   7.58   3.38  82.65   6.88   3.97
  247  212  216    85.58   7.63   5.79  85.99   6.36   6.01
  211  215  246    81.37   1.43 -13.58  81.61   1.37 -13.27
  116  138  150    54.33  -3.98  -7.40  54.19  -3.51  -7.45
   45   71   77    25.87  -0.97 -10.63  25.61  -1.35 -10.41
  173  138  152    62.73   8.87   6.42  62.94   8.52   6.01
    6   32    1     8.57  -9.60   6.62   9.95  -8.77   6.55
   89   98  123    41.93   3.13 -11.58  42.13   3.05 -11.65
  121  156  127    56.42 -11.83   4.50  56.30 -12.19   4.23
   10   20   42     8.94   6.49 -10.94   7.72   5.72 -11.41
   67   74   41    28.94  -0.03  10.86  28.07  -0.74  10.26
  211  195  233    78.59   6.15 -10.14  78.28   6.09 -10.85
  163  185  200    70.62  -4.35  -8.75  71.24  -3.70  -8.59
  188  151  168    67.97   8.81   5.35  67.90   9.07   4.93
  159  138  175    61.63   8.30  -5.57  62.63   8.03  -5.78
  138  138  102    55.24  -3.39  16.26  55.54  -2.80  16.43
   38    5   10     8.93  16.16   4.80   9.15  16.38   5.07
   62   59   28    24.50   3.66  12.28  24.26   2.53  12.94
   88   92   57    37.65  -0.88  13.09  37.54  -0.91  13.00
   67   54   89    28.30  13.40 -10.54  29.01  12.95 -10.68
  173  212  180    74.85 -13.39   4.57  74.98 -13.50   4.28
  110  147  139    54.25 -10.00  -3.84  54.29 -10.60  -3.34
  201  232  192    81.71 -11.93   8.29  81.32 -12.02   7.66
   32    8   42    10.89  18.19  -6.79  11.09  19.91  -6.06
  207  173  214    74.94  10.35  -5.98  75.36  10.16  -6.09
   50   87   87    30.29  -5.18 -11.11  30.54  -5.61 -10.15
  155  196  167    69.63 -13.58   3.71  69.21 -13.88   3.66
  191  170  150    70.59   1.72  15.48  69.99   1.26  15.20
  176  191  218    73.67  -1.91 -12.16  74.12  -1.81 -12.06
   92  124  131    47.57  -6.11  -9.67  48.01  -5.91  -9.92
  203  161  164    71.94   8.43  11.61  72.58   8.09  11.64
  148  155  114    59.88  -5.99  16.87  59.89  -5.93  17.30
   95  111   71    43.04  -5.51  12.46  42.56  -5.45  12.35
   40   47   79    21.41   9.01 -15.22  21.33   8.72 -15.77
  115  157  156    57.38 -10.73  -6.92  57.27 -11.70  -6.66
  167  164  208    68.36   4.40 -13.45  68.73   4.49 -13.66
   28   54   67    18.82   0.84 -13.09  19.03  -0.15 -13.20
  229  184  198    78.78  10.25   5.87  78.49   9.73   6.41
   41   62   23    20.60  -4.30   9.35  20.92  -4.19  10.76
  114   73   89    40.32  14.94   5.02  40.63  14.76   4.47
   75  117   80    40.57 -11.96   3.66  40.75 -10.78   3.35
  141  120   98    52.78   3.43  16.05  52.88   3.24  15.77
   82   80   41    33.42   1.49  16.26  33.18   0.70  15.68
  142  108  152    53.72  13.13  -5.54  54.26  13.08  -5.43
    5    0   40     6.55  13.99 -12.69   7.07  15.21 -12.28
  175  129  164    62.40  13.46   1.30  63.15  13.49   1.82
  249  227  200    88.05   2.09  15.41  87.47   1.23  15.53
  158  150  197    64.34   6.16 -12.98  64.13   6.55 -13.65
  220  172  181    76.00  10.36   9.87  75.84  10.38  10.16
  194  198  243    76.88   2.29 -17.72  77.07   1.91 -17.47
  225  255  205    89.45 -12.65  11.04  89.26 -12.83  12.93
   54   28   12    16.61  12.37  11.59  16.87  11.38  12.59
  180  229  205    78.78 -14.78  -1.88  78.53 -14.99  -1.73
   29   72   37    20.80 -10.88   2.22  21.04 -11.01   2.64
  144   98  122    50.82  14.37   4.54  50.85  14.33   4.69
   98  138   92    49.16 -13.73   8.84  49.74 -13.60   8.19
  161  197  210    72.60  -7.86 -11.45  72.79  -8.10 -11.55
   40   84   69    26.41  -8.80  -6.99  26.96  -8.95  -6.04
  133   87  106    46.53  14.81   5.92  46.22  15.35   5.65
  253  202  237    85.38  14.85  -2.52  84.89  13.93  -2.48
  230  201  252    82.02  11.35 -14.71  81.54  10.52 -14.52
  130  178  162    62.70 -13.96  -2.60  63.15 -14.69  -2.47
  245  196  194    82.48   9.85  12.21  82.73   9.94  12.16
  140  189  187    67.40 -12.68  -8.18  66.69 -13.38  -8.66
  113   72   67    39.27  13.28  13.20  39.42  12.90  12.68
  116   87  134    45.48  14.44  -9.02  45.76  14.41  -9.24
   77   60  106    32.51  15.12 -13.22  32.93  14.78 -13.36
  146   98  102    50.40  13.03  12.73  50.86  13.11  12.64
  177  213  162    74.93 -14.69  12.59  75.62 -14.64  13.05
  165  160  116    63.61  -3.47  21.53  63.19  -3.60  21.38
  157  115  164    57.70  14.91  -4.83  57.92  14.65  -4.79
   52   71   99    29.16   3.82 -16.94  29.46   3.52 -16.51
  183  234  236    80.32 -12.32 -12.34  79.89 -12.59 -12.69
   99  149  102    51.70 -17.09   6.67  52.21 -17.61   6.77
  142  151  194    62.05   2.05 -15.46  62.44   2.18 -16.05
   88  138  106    48.11 -15.17   0.33  48.84 -15.38  -0.26
  208  249  194    85.57 -15.83  11.16  85.21 -15.31  10.98
   63   20   67    20.87  24.55  -6.02  20.83  24.62  -6.11
  142  195  149    66.79 -18.60   7.33  66.49 -19.14   6.74
  212  202  158    78.17  -2.64  21.04  78.38  -2.53  21.48
  253  197  222    84.38  14.85   3.21  84.11  13.22   3.18
   25   72   73    21.19  -7.56 -14.01  21.36  -8.15 -13.77
   67  117   99    40.07 -12.44  -6.44  40.47 -12.43  -7.00
   75  114   64    39.21 -11.83  10.06  39.00 -11.38  10.15
   93  106   56    41.37  -4.96  17.61  41.21  -5.41  17.24
  128   92   77    45.78   9.42  16.72  46.15   9.48  16.05
   54   31   80    21.84  19.57 -12.39  22.22  19.60 -12.85
   45    6   54    14.18  25.01  -7.11  14.59  25.67  -6.93
   58   43   93    25.46  17.13 -15.05  26.13  17.13 -15.31
   75  127  116    44.39 -13.10  -8.96  45.13 -12.45  -9.20
   53   55  104    27.27  12.22 -19.66  27.11  11.93 -19.51
  174  231  223    78.52 -14.93  -9.73  78.06 -15.24 -10.12
  229  180  172    78.09   9.26  16.31  77.71   9.38  16.60
   77   51   27    26.22  10.87  15.48  26.11   9.70  15.68
  204  148  202    71.17  16.44  -4.60  71.38  16.85  -4.68
  240  234  182    87.21  -4.35  21.17  86.52  -4.93  22.83
  109   87   57    41.09   5.83  18.71  40.50   5.86  17.65
  193  137  173    67.06  15.06   3.12  67.12  15.07   3.44
  124  173  181    62.20 -11.40 -11.41  61.82 -11.98 -11.53
    3   54   24    12.17 -15.28  -0.86  11.34 -16.51  -1.47
   93   40   87    30.55  25.09  -3.51  30.73  24.94  -4.06
   91  132  147    49.93  -7.88 -14.19  50.17  -7.83 -13.41
   49  103   82    32.51 -12.76  -7.19  32.94 -12.19  -7.05
   48  102   67    31.19 -13.99  -1.37  31.60 -13.09  -1.00
  114  104  161    50.05  10.12 -16.82  50.39  10.78 -16.66
   83   88  139    40.94   8.05 -20.22  40.50   7.91 -19.66
   94   51   40    30.39  16.01  15.37  30.18  15.38  14.99
  191  132  145    64.95  14.00  12.76  64.70  14.14  13.10
  250  188  243    82.74  18.45  -7.16  82.78  18.31  -6.61
  129  188  147    63.59 -19.56   3.98  63.90 -19.38   3.49
  245  183  203    80.91  14.84   7.11  81.07  14.47   7.85
   14   10   63    10.29  17.00 -18.41  11.12  17.28 -18.49
  180  242  212    80.80 -18.51  -2.83  80.65 -18.17  -3.05
    7   59   60    13.46  -9.51 -15.32  13.36 -10.64 -15.70
  138   81  124    47.46  20.15   0.12  47.32  19.89   0.22
   56   97   42    30.83 -11.51  11.33  30.18 -11.15  10.52
  196  216  155    77.71 -11.54  20.17  77.82 -11.78  19.83
   98  133   76    47.71 -12.89  14.75  47.28 -13.01  14.92
    0   17   53     7.80   7.76 -17.59   6.83   6.14 -18.48
  151  125  185    59.41  12.19 -12.89  59.61  12.36 -13.01
  121   64   79    39.76  19.61   9.90  40.11  18.82   9.20
  160  146  101    60.33  -0.85  24.29  60.33  -1.06  24.36
   15   61    7    15.45 -16.04  10.65  15.97 -14.39  10.68
   68   75  126    35.19   9.13 -21.53  35.40   8.31 -21.58
  228  175  239    78.12  16.90 -11.36  77.88  17.49 -10.98
  175  152  215    68.17  10.68 -15.74  69.23  10.89 -15.87
  215  152  173    72.76  14.79   9.79  72.90  14.79  10.04
   75   25   19    21.12  20.14  14.08  21.83  19.85  15.05
  151  215  179    72.43 -20.04   0.62  72.44 -20.47  -0.38
  233  168  206    77.44  16.77   1.90  77.37  16.28   2.95
  117   58  116    39.77  25.46  -5.23  40.08  24.99  -5.48
   57    5    1    12.57  21.10  12.65  12.64  21.44  13.47
  158  167  223    68.37   3.18 -20.54  69.30   3.57 -21.38
  104  166  136    56.36 -19.17  -1.53  57.03 -19.57  -0.92
  202  156  221    72.39  15.44 -11.53  73.50  15.11 -11.81
  163  101  155    56.06  20.40  -1.62  55.62  20.12  -1.62
  217  163  152    74.10  10.18  19.92  74.37   9.55  20.26
  252  248  185    92.09  -5.11  25.19  91.44  -5.71  25.00
   61  121   67    37.64 -18.27   5.59  37.38 -17.77   5.17
  208  166  232    74.58  14.72 -13.35  74.51  14.17 -13.59
  165  213  148    72.99 -19.24  15.55  73.51 -19.14  15.72
  100   72   41    35.78   9.04  20.45  35.85   8.43  19.12
   53   99  113    34.98  -6.45 -18.69  34.83  -6.71 -18.40
  200  179  135    72.80   0.04  24.90  73.21  -0.08  24.88
  185  253  223    83.54 -19.56  -4.52  84.10 -19.97  -3.80
  160   97  115    53.14  17.67  11.73  53.00  17.26  12.20
  118  122   61    48.73  -4.65  25.66  48.81  -5.41  25.19
   18   77   26    19.47 -18.44   5.12  19.65 -17.90   5.07
  221  154  211    74.31  19.00  -3.92  74.38  18.90  -4.07
  171  202  136    71.66 -15.01  20.37  72.11 -14.85  21.08
  153  220  162    72.84 -23.35   8.19  72.85 -23.19   8.73
   90   30   35    25.81  23.39  13.25  25.11  23.76  12.57
  105   44   77    33.03  24.87   3.73  32.96  24.85   3.07
    2   45   61     9.72  -4.40 -18.81   9.67  -5.78 -19.44
  141  130  197    59.38   9.71 -19.36  59.48   9.51 -19.33
   81   20   49    23.11  26.53   4.70  22.52  27.97   4.57
  109  146   81    51.88 -14.92  18.01  51.51 -15.01  17.85
  176  234  164    77.83 -22.18  14.13  78.27 -22.18  14.27
   89   99   36    38.39  -3.92  24.12  38.44  -4.34  23.85
   96   52  116    35.20  24.09 -11.69  35.71  23.38 -12.15
   68  133   99    43.22 -19.16  -3.61  43.75 -19.06  -4.36
  101  169  122    55.94 -22.58   2.95  55.95 -22.77   3.55
   18   81   50    20.14 -17.13  -4.71  20.50 -18.01  -4.00
   95  163  161    55.97 -17.46 -12.92  55.71 -18.30 -12.52
  216  247  174    85.82 -15.25  20.92  85.26 -14.59  20.69
  109  120  178    52.95   4.79 -21.66  52.97   4.81 -21.61
   59  125   88    39.21 -19.12  -3.18  39.39 -18.40  -3.51
  103  157   89    53.21 -20.44  14.40  53.21 -20.82  13.96
  172  107  103    56.30  15.59  20.81  56.51  15.86  20.65
  146  186  218    69.35  -6.55 -19.00  69.77  -6.07 -19.99
  167   98  141    55.54  21.00   4.15  55.56  21.14   4.66
   81   67   17    29.96   5.41  24.05  30.31   4.61  25.00
   28   83   93    24.61  -8.66 -20.09  25.31  -8.62 -20.38
  121   89  158    48.44  17.36 -15.80  49.45  17.73 -15.68
   82  104  151    44.42   2.39 -22.62  44.38   2.66 -22.01
  121  139  193    57.73   2.02 -21.35  57.74   1.95 -21.88
   74    9   70    21.52  32.75  -4.31  21.43  32.97  -3.70
  147  214  221    73.23 -15.86 -16.50  73.40 -15.68 -16.92
  180  126  108    60.81  11.02  23.59  60.86  10.97  23.33
    0   65   46    12.14 -18.09 -10.22  11.65 -19.08 -10.99
  179  175  107    67.91  -5.81  30.54  67.87  -6.15  30.85
  115  177  105    58.47 -23.72  14.26  58.64 -23.72  14.22
  173  250  179    80.22 -27.63   9.78  80.21 -26.34   9.16
  125  199  183    66.70 -20.35  -8.54  66.43 -20.67  -9.28
   92  128  164    50.67  -3.87 -20.37  51.24  -3.68 -19.58
   61   45  114    28.06  20.11 -21.21  27.76  19.83 -21.87
  226  150  154    73.71  16.54  19.51  73.91  16.88  19.76
  187  215  139    75.91 -15.12  24.39  76.07 -15.65  24.42
  180  152  229    69.27  13.25 -19.71  70.19  14.02 -20.01
   56  127  121    40.83 -17.56 -16.56  41.12 -17.41 -17.31
   24   77    9    20.35 -18.26  14.13  20.89 -17.08  14.65
   75   51    7    25.05   9.74  24.29  25.99   9.03  24.90
   32  102   91    28.44 -16.33 -15.98  29.08 -15.85 -16.19
  196  161  120    69.21   3.88  27.67  69.60   3.53  27.52
  132   60  102    42.00  26.05   4.15  42.67  25.28   4.11
  225  241  162    85.79 -11.93  26.98  85.42 -11.21  26.71
   46   24   94    20.62  23.38 -19.59  21.42  23.88 -19.68
  125   79   53    42.41  12.68  24.06  43.12  12.31  23.17
  141  246   73    71.17 -45.18  44.66  71.41 -44.74  44.96
   26    0    0     5.80  11.05   4.96   5.88  11.47   4.44
   47   11   19    12.61  17.72   4.98  12.81  17.93   4.85
   46    5  255    31.43  60.30 -61.79  30.84  60.65 -60.53
   61  120   14    34.52 -20.04  29.24  33.90 -20.05  30.38
   66  133   41    39.24 -23.09  20.86  39.42 -23.31  20.05
  228   36  193    55.00  63.41  -2.34  55.06  63.72  -3.85
  231    6  189    48.82  74.15   2.28  48.40  73.51   1.36
  132   93   96    46.97  11.35  10.35  46.64  11.35   9.91
  146  120   97    53.65   4.55  17.93  53.97   4.01  17.97
   70    5    0    15.35  24.83  16.32  15.32  25.15  17.49
   13   68  241    29.33  26.62 -75.38  28.92  26.26 -77.04
   65    4  181    25.80  49.23 -39.30  26.01  48.37 -38.00
   31   90  252    36.08  19.67 -73.20  35.99  18.56 -73.59
   66  248  235    68.27 -42.72 -32.75  67.85 -43.46 -32.44
   87  252  213    70.73 -44.37 -20.58  70.44 -43.67 -20.11
   36  250  223    62.07 -51.39 -36.77  62.67 -50.51 -35.47
   51  226  211    60.30 -43.48 -32.81  61.10 -43.94 -34.28
   29   52  208    29.66  28.00 -62.74  30.06  27.66 -64.04
  175  110   95    57.11  14.70  25.25  57.27  14.90  25.17
  158  255    2    73.51 -34.57  82.13  73.88 -33.74  82.47
  171  248   29    75.39 -33.77  73.17  75.58 -34.76  74.18
  139   25  106    37.62  44.01   2.53  37.19  43.49   2.32
  162   11  121    39.69  55.88   4.26  39.29  56.03   3.93
  177  179   70    67.21  -9.27  46.22  67.10  -9.18  46.35
  177  206   85    71.55 -18.39  43.11  71.87 -18.58  43.22
  200  143  180    69.29  15.11   2.71  69.74  15.12   3.22
  225  146  162    73.17  18.15  15.63  73.40  18.23  15.45
    2   39  241    24.62  40.82 -77.78  23.24  40.33 -80.01
  244    1  240    50.50  80.36  -8.98  50.16  78.67  -7.09
  249   20  216    54.45  74.46  -3.19  53.92  74.56  -4.55
  239   91  168    66.67  41.33  10.83  67.38  40.08  10.98
  254   99  194    70.64  44.12   4.49  70.09  44.33   3.72
   56   31   41    19.03  14.60   1.75  18.42  13.55   0.74
   86  213  213    64.92 -30.62 -26.00  64.76 -30.51 -25.95
  111  231  209    70.59 -31.78 -16.91  71.11 -31.88 -17.03
  164  219   20    69.94 -24.99  71.10  69.41 -25.04  71.84
  193    8  120    43.86  62.86  12.90  43.65  63.56  13.30
  105  111  186    51.73   8.63 -26.82  51.77   8.80 -27.19
  138   85    4    44.13  14.14  50.89  44.31  14.84  51.25
  146   82   34    46.19  16.71  39.39  45.82  15.97  38.09
  136  234  116    70.85 -39.39  23.95  71.16 -39.27  24.62
  151  211  131    70.14 -24.19  18.63  70.60 -24.26  18.47
   46  237  156    57.15 -58.26 -14.38  57.97 -58.88 -14.99
   58  208  155    56.14 -45.26 -15.52  56.08 -44.69 -16.18
  206  234   54    79.34 -18.92  68.61  79.38 -19.69  66.85
  225  210   47    79.14  -5.76  73.57  78.73  -6.31  72.98
   55  116  102    37.58 -14.82 -11.45  38.10 -14.57 -11.94
   58  147   98    43.54 -28.56  -4.03  43.38 -28.62  -4.09
  200   17  170    47.00  63.57  -0.75  46.76  64.09  -1.51
  221   21  147    50.86  64.15  11.96  51.24  65.34  11.78
   88    5  155    28.14  48.47 -24.90  28.20  47.94 -24.07
  103   26  173    35.83  44.33 -27.61  36.11  44.81 -28.85
  101  139  200    55.46  -1.00 -28.61  55.38  -1.38 -29.10
  156    0   92    36.31  57.70  10.40  36.17  57.93  10.65
  230   78   81    61.81  39.32  41.38  62.19  39.40  40.85
  241   84  110    64.96  40.89  32.97  65.38  40.07  34.81
  149    1    6    32.70  48.63  34.17  32.78  48.61  33.94
  216  150  241    73.62  22.83 -17.14  73.46  22.54 -16.83
  224  120  247    70.41  36.07 -20.94  70.11  35.81 -20.33
   10  162  163    36.05 -33.63 -39.53  36.08 -33.67 -39.58
   16  132  155    32.97 -22.08 -39.62  33.78 -23.08 -39.48
    8   39  169    19.63  23.03 -55.13  19.39  22.90 -56.09
   13   70  165    24.30   7.57 -51.38  24.92   7.57 -52.63
  103    5  213    33.78  57.80 -37.54  33.89  57.10 -37.10
  255  165   79    79.16  16.24  58.84  78.82  16.03  58.40
  134    9  218    38.64  60.63 -31.13  39.16  59.85 -30.14
  221   57  103    56.74  46.88  28.65  56.81  46.53  28.92
   62  182   28    46.72 -43.86  33.47  46.14 -43.68  33.67
   80  185    2    48.45 -37.33  51.62  48.88 -35.60  50.96
   13  231   36    44.34 -77.34  22.86  44.18 -79.68  23.03
   36  248   50    51.77 -76.14  27.10  51.84 -77.49  28.60
   72  175  159    53.68 -28.43 -17.35  53.54 -29.05 -16.62
   90  171  133    55.05 -25.25  -3.61  55.23 -25.39  -3.34
   84  210  248    65.84 -24.32 -38.90  65.19 -22.91 -38.30
    7  102  141    24.68 -12.65 -40.72  24.58 -13.01 -40.08
  102  189  232    64.53 -14.90 -32.52  64.90 -14.79 -31.61
  221   88   52    61.77  33.11  53.38  61.77  32.93  51.71
  141  220  211    72.94 -20.53 -13.20  73.48 -21.50 -13.40
  118  248  254    75.71 -28.45 -29.23  75.04 -28.51 -29.81
  165  178  157    67.66  -5.90   7.59  67.43  -5.73   7.51
  150  246  255    79.18 -20.65 -24.06  79.13 -20.42 -24.04
   91  178   68    53.83 -33.54  23.38  54.47 -33.78  23.47
  116  180   48    56.98 -27.04  40.04  57.79 -28.13  40.17
   59   45  199    34.01  33.33 -50.33  33.68  33.57 -51.79
   92  152   40    47.99 -23.08  32.31  48.23 -23.99  31.66
  112  181    3    53.94 -25.91  59.42  54.15 -25.41  59.07
  181  141  154    64.72   9.61   7.93  64.28   9.28   8.12
  214  166  213    74.94  13.96  -4.86  75.38  13.79  -5.02
   59   46    0    20.62   6.28  21.71  21.62   5.74  23.28
  237  191   72    79.27   3.00  61.52  78.79   2.97  60.04
   16   88   36    20.84 -22.73   1.90  20.74 -22.61   2.16
   19   84   68    21.15 -15.51 -12.00  21.65 -15.77 -11.99
  170  194   42    67.51 -16.12  59.44  67.11 -16.53  59.69
  123  157   22    53.27 -15.75  49.84  53.21 -16.43  52.29
  137   68  218    50.20  36.38 -33.48  50.97  35.93 -34.10
  167   78  210    55.70  36.22 -22.47  55.89  36.08 -22.41
   48   90   42    27.86 -11.32   7.83  27.20 -10.83   7.18
  131  101  203    54.50  19.49 -27.45  54.58  19.80 -27.47
  229  200  160    80.41   2.20  23.70  80.21   2.35  24.27
  250  176  153    80.74  14.81  28.92  80.08  14.51  27.91
  208   42   77    51.70  49.63  34.23  51.75  49.39  34.60
  129  182   78    60.03 -23.99  29.92  59.90 -24.10  29.97
  129  147  135    56.30  -5.75   2.49  56.19  -4.93   2.70
  138  157  105    58.40 -10.06  17.83  58.38  -9.74  17.89
   52   88  119    33.45  -1.18 -22.56  33.13  -1.65 -22.15
  120   34  146    38.10  40.40 -14.93  38.29  40.64 -15.28
  186  141   93    63.78   6.47  33.38  63.89   6.24  33.60
   35  214   54    47.68 -65.64  18.38  48.15 -67.74  18.58
  247  193   29    80.45   5.87  85.09  80.49   5.32  84.08
  254  184  185    82.56  15.90  17.55  82.35  14.89  16.49
   77  237  185    65.31 -45.75 -15.23  65.82 -44.98 -15.62
   58  173  124    49.17 -36.54  -9.96  49.54 -37.44  -9.62
   81   46   99    30.27  21.41 -10.62  30.37  21.03 -10.81
  113   48  108    36.89  28.31  -4.39  36.64  28.10  -5.03
  178  210  155    74.41 -14.14  15.26  74.95 -14.07  15.61
  195  230  176    80.16 -14.51  13.18  80.17 -14.26  12.44
    3  123  115    24.11 -28.26 -29.58  24.17 -26.75 -28.97
   89   28   34    25.24  23.88  13.03  25.07  24.08  12.68
   25   89  208    33.61   9.40 -61.89  33.88   9.39 -63.24
   52   74  222    38.77  22.60 -59.14  39.33  22.60 -60.69
  139  200  173    68.25 -18.53  -1.61  68.48 -18.91  -2.19
  151  172  188    66.15  -3.91  -8.37  65.99  -3.95  -7.95
   38  238   14    51.33 -70.18  41.36  51.57 -67.90  43.54
  143  195    5    62.03 -21.51  69.91  62.15 -20.19  69.65
    7  157    8    31.33 -55.34  21.83  30.49 -54.78  21.90
   29  131    5    29.68 -37.92  26.02  30.30 -36.00  25.52
   36  146  189    43.14 -19.20 -44.42  43.14 -19.53 -45.53
   69  144  180    49.94 -13.30 -30.29  49.89 -12.90 -30.27
  227  244  221    88.22  -6.83   3.96  88.18  -6.68   4.73
  230  232  253    87.03   1.43 -10.99  87.03   1.52 -10.14
  186   47  242    52.57  56.50 -28.66  52.42  56.79 -30.42
  201   19  255    50.05  69.39 -25.39  49.40  71.04 -25.78
  207  201  190    77.91  -0.65   6.55  77.99  -0.77   6.70
    3   84  112    18.05 -11.29 -34.26  18.30 -11.57 -32.90
   15  168  251    44.32 -16.27 -66.41  43.68 -18.72 -67.23
   49  165  247    51.91 -13.30 -55.49  51.44 -14.05 -56.71
  204  110  171    64.90  26.62   3.78  65.01  27.10   4.07
   99  186  196    61.83 -19.97 -20.84  61.40 -20.45 -20.22
  202   57  184    55.65  49.36  -5.54  55.61  49.22  -5.99
  140   21  250    42.75  60.85 -39.79  41.89  61.75 -39.58
  116    8   44    28.03  40.70  15.05  28.12  41.28  14.83
  121   36   64    34.37  31.18  12.54  34.11  31.75  12.90
  153  118  131    55.59   9.74   6.56  55.47   9.54   6.17
   89  121  108    45.06  -7.76  -2.80  45.12  -7.73  -3.74
  163  179  220    70.74  -0.22 -17.03  71.15   0.37 -17.33
  181  250  151    80.44 -28.64  22.50  80.24 -27.82  22.41
  197  133  217    68.78  21.63 -13.41  69.59  22.29 -12.83
   72   13   76    22.17  31.16  -6.65  22.23  31.93  -6.42
   78    0  108    23.41  43.11 -14.29  23.08  42.92 -12.61
  146  103  162    54.23  16.92  -8.61  54.54  16.85  -8.72
  185   33    0    45.27  45.79  56.37  45.14  46.41  58.57
  219   33    9    52.06  54.71  63.24  51.53  54.63  65.79
  140   33  193    42.86  49.41 -24.26  42.92  49.86 -25.07
   73   57  169    36.83  24.71 -35.97  37.08  24.86 -36.77
  163  241  193    77.94 -24.57   1.00  77.53 -24.35   0.34
   28  117   77    29.27 -26.03  -9.21  29.61 -25.43  -9.24
    8  252    1    49.93 -81.77  40.35  49.88 -79.41  40.38
  249  153  228    77.94  27.70  -4.88  77.45  27.74  -5.20
  106  131   70    48.49 -10.46  19.56  48.49 -10.65  19.12
  125  215   65    64.14 -37.79  39.49  63.99 -38.25  39.21
   49   83    7    25.60 -10.84  22.80  26.12  -9.29  23.18
    7  190  185    41.18 -40.57 -44.15  41.14 -41.67 -43.18
  254  110  228    72.57  42.59  -8.00  72.39  43.08  -8.69
   89  158  246    58.20  -3.30 -44.81  58.03  -3.35 -44.47
  119  139  242    59.48   8.65 -39.41  58.81   7.88 -39.86
  220  116  107    66.45  24.03  32.70  66.29  23.93  33.08
  255  120  113    72.89  32.10  39.20  73.12  31.77  39.28
  143  192  247    70.11  -6.01 -29.87  69.05  -5.21 -30.04
  224   21  103    51.01  62.43  27.57  50.97  62.99  27.95
   90   64   31    31.78   9.35  20.14  32.06   8.80  19.31
    9  193    5    38.19 -66.71  28.82  38.14 -66.58  28.99
  164   18  166    42.13  56.81  -8.76  41.64  56.80  -8.98
   47   61   66    23.79   2.41  -6.96  23.42   1.63  -7.31
   44   36   99    22.26  18.31 -21.50  22.67  18.67 -22.27
   62   26  129    26.39  31.21 -25.94  26.35  31.55 -26.74
  165   75  252    54.82  44.26 -38.89  54.10  43.24 -38.03
  238   57  155    60.31  53.86  13.36  61.04  51.76  13.31
    2  170  217    39.41 -25.08 -59.11  38.97 -24.44 -59.02
   13  251  149    49.28 -70.58 -19.42  49.58 -70.55 -19.65
   63  181  200    55.09 -26.61 -33.39  54.86 -26.82 -33.74
  107   87   70    40.95   6.07  12.46  40.47   6.24  12.19
  209   93  139    61.75  31.63  15.24  61.99  31.72  15.43
  245  140  194    75.37  27.28   6.33  75.14  27.07   6.63
   88   76  215    45.46  25.02 -45.36  45.92  24.27 -45.47
   54  108  157    40.06  -4.53 -32.78  39.46  -3.69 -32.93
   82   86  148    41.44   9.89 -23.90  41.33   9.75 -23.19
   28  178   56    39.77 -54.20   9.24  39.57 -55.39   8.49
  206   54  137    54.57  47.13  12.18  54.78  46.46  12.27
   15  222  204    50.84 -47.89 -42.10  50.98 -48.11 -42.62
  177  249   81    77.58 -34.71  50.74  77.21 -34.07  50.14
   42    6  210    25.61  50.70 -55.76  25.30  50.20 -53.66
  204  246  108    81.99 -23.28  45.09  82.17 -23.08  44.56
  228  219  117    82.19  -6.70  43.86  81.96  -6.64  43.36
  173    8  233    43.89  68.07 -24.95  43.71  67.24 -24.76
   12   39  118    16.72  13.74 -36.95  16.24  13.41 -38.44
  244  161    9    75.00  15.98  89.38  75.15  15.05  89.42
  249  188  111    81.81   8.82  47.55  81.38   8.90  46.85
  254  238  195    90.54  -1.15  19.44  90.26  -1.01  20.15
    6    2  233    23.67  55.27 -71.03  22.58  54.31 -69.82
  252  242  157    90.67  -4.66  36.05  89.85  -5.31  37.24
  249   43   31    59.47  58.37  63.90  59.27  56.57  66.25
   98  246   63    63.49 -58.15  38.89  63.34 -59.04  38.25
  124  240   35    66.35 -45.96  57.07  66.25 -46.75  57.15
   35  187   96    44.69 -52.64  -4.54  45.97 -53.28  -5.34
  196   71    5    53.85  34.39  66.33  53.51  34.88  66.42
  234   79    7    62.31  41.28  77.83  61.93  40.01  77.29
  251  254  120    92.37 -11.52  51.46  91.76 -10.45  52.21
  211  160   70    70.59   6.08  52.01  70.30   6.58  51.99
  204   95  212    64.14  36.05 -13.11  63.94  35.29 -13.25
   98   56  247    42.67  41.44 -53.36  42.69  40.22 -54.15
    1  170  105    30.48 -50.01 -18.93  30.14 -48.92 -19.05
   32    1  131    16.91  38.48 -35.46  18.40  38.06 -33.28
   31  223  111    49.09 -65.13  -5.89  49.74 -66.32  -5.49
  242  237   85    86.32  -9.23  62.82  86.47  -8.19  65.13
    3  117  189    28.98  -8.85 -56.90  30.01  -9.90 -55.10
  186  195  250    75.53   2.38 -23.14  75.14   2.28 -22.85
  187  229  230    79.92 -10.56 -10.06  79.15 -10.89 -10.47
  140   68  143    46.71  28.31  -7.22  47.22  28.10  -6.64
   97  110   31    41.70  -5.92  30.73  41.44  -6.31  30.31
  242   83  255    66.03  53.90 -22.64  66.30  54.72 -21.60
   19  227  251    56.41 -39.09 -54.48  57.35 -41.85 -53.22
  254    5   19    52.87  74.49  62.75  52.74  75.36  61.92
  170   52  119    47.71  39.45   8.73  47.84  38.51   8.80
  182  125  254    65.52  27.63 -32.29  65.29  27.40 -30.88
    5  235   82    40.72 -78.41   0.98  40.25 -78.97   0.75
  109  208  146    64.18 -32.44   2.65  64.41 -32.49   2.76
   85  105  245    49.49  17.18 -52.86  49.77  17.44 -52.22
  200  183   15    70.30  -2.64  78.12  70.02  -2.79  78.52
  164  136    1    56.26   4.30  67.99  55.49   4.63  67.11
  204  121    1    62.46  19.56  77.65  61.69  21.24  77.80
   85  223   28    57.21 -51.11  47.07  57.53 -52.11  47.57
  180  134   42    60.66   6.54  53.57  60.76   6.39  52.76
  231    5   59    48.85  69.23  42.74  48.50  69.21  42.69
  162   56   71    45.54  32.74  24.82  45.35  31.74  23.80
  198  178  118    71.85  -1.18  31.18  72.04  -1.82  31.38
   12   42   17    11.42  -7.34   2.03  10.70  -8.84   2.78
  255  120   61    72.59  30.55  61.96  72.26  31.65  62.42
  251  245   25    88.43  -6.94  94.50  88.49  -8.68  95.79
  183    6   50    41.41  57.92  31.37  41.65  58.42  30.34
   90  255  126    66.03 -59.99  12.23  64.96 -60.22  11.51
    9    7   66     9.29  18.09 -20.73   9.54  18.48 -20.27
