    0    0    0     1.71  -1.53   1.06   1.38  -1.28   0.91
    5    5    5     3.29   1.12   0.92   3.74   1.25   0.41
   10   10   10     5.28   2.90   0.12   5.49   3.46  -0.42
   15   15   15     6.88   3.92  -0.35   6.38   4.83  -0.50
   20   20   20     8.39   5.30  -0.88   8.03   6.20  -1.18
   25   25   25    10.02   5.80  -1.09   9.66   6.21  -1.31
   30   30   30    11.75   6.10  -1.27  11.55   5.68  -1.92
   35   35   35    13.71   6.12  -1.33  13.51   5.76  -2.20
   40   40   40    16.06   5.82  -1.35  15.63   5.45  -1.86
   45   45   45    18.44   5.41  -1.39  18.13   5.14  -1.49
   50   50   50    20.70   5.07  -1.56  20.70   4.38  -2.18
   55   55   55    22.80   4.58  -1.59  22.77   4.24  -2.01
   60   60   60    24.86   4.30  -1.63  24.97   3.41  -1.59
   65   65   65    27.00   4.02  -1.58  27.08   3.58  -1.49
   70   70   70    29.26   3.92  -1.55  29.25   3.37  -1.26
   75   75   75    31.53   3.75  -1.31  31.33   3.53  -1.59
   80   80   80    33.72   3.52  -1.10  33.93   3.13  -1.16
   85   85   85    35.86   3.25  -0.83  35.60   3.07  -0.91
   90   90   90    38.05   2.95  -0.51  37.57   2.82  -0.48
   95   95   95    40.15   2.64  -0.20  39.58   2.91  -0.12
  100  100  100    42.19   2.31   0.10  41.75   2.10   0.45
  105  105  105    44.19   1.97   0.42  43.59   1.90   0.89
  110  110  110    46.10   1.65   0.76  45.19   1.45   0.75
  115  115  115    47.99   1.36   1.14  47.55   1.26   0.95
  120  120  120    49.81   1.07   1.53  49.07   1.04   1.68
  125  125  125    51.67   0.81   1.85  51.10   0.56   1.76
  130  130  130    53.47   0.57   2.09  52.97   0.60   2.57
  135  135  135    55.23   0.35   2.26  54.54   0.25   2.72
  140  140  140    56.96   0.18   2.40  56.82   0.06   2.38
  145  145  145    58.65   0.03   2.51  58.30  -0.31   2.52
  150  150  150    60.49  -0.13   2.65  59.92  -0.11   2.80
  155  155  155    62.31  -0.31   2.73  61.98  -0.12   2.88
  160  160  160    64.13  -0.47   2.74  63.76  -0.22   2.68
  165  165  165    65.84  -0.59   2.69  65.42  -0.92   2.55
  170  170  170    67.52  -0.71   2.59  66.88  -0.50   2.20
  175  175  175    69.15  -0.75   2.35  69.32  -0.75   2.33
  180  180  180    70.78  -0.82   2.06  70.92  -0.50   1.87
  185  185  185    72.26  -0.90   1.62  72.20  -0.41   1.86
  190  190  190    73.68  -0.94   1.21  73.31  -0.50   1.15
  195  195  195    75.18  -1.00   0.93  75.20  -0.82   1.15
  200  200  200    76.69  -1.06   0.56  76.87  -1.09   0.70
  205  205  205    78.12  -0.97   0.32  78.03  -0.60   0.43
  210  210  210    79.58  -0.88   0.04  79.67  -0.85  -0.10
  215  215  215    81.26  -0.79  -0.16  81.02  -0.72  -0.64
  220  220  220    82.98  -0.71  -0.34  83.24  -0.28  -0.37
  225  225  225    84.76  -0.62  -0.47  84.58  -0.45  -0.55
  230  230  230    86.61  -0.57  -0.65  86.79  -0.43  -0.64
  235  235  235    88.52  -0.54  -0.86  88.71  -0.13  -0.47
  240  240  240    90.15  -0.49  -1.16  90.07  -0.30  -0.76
  245  245  245    91.80  -0.52  -1.49  91.85  -0.55  -1.42
  250  250  250    93.22  -0.77  -1.59  93.36  -1.05  -1.55
  255  255  255    94.57  -1.44  -1.89  95.17  -1.09  -1.93
  237  234  236    88.64   0.30  -1.04  88.87   0.77  -0.51
  156  158  154    62.83  -1.23   3.72  62.97  -0.73   4.01
   13    9    4     4.37   3.44   3.39   5.67   3.59   2.57
   53   42   41    19.57   8.44   1.81  19.36   8.15   1.42
  164  166  178    66.63   0.13  -2.20  67.07   0.34  -2.34
   47   60   55    22.14   0.48  -2.77  22.05   0.22  -3.11
  223  208  211    81.33   2.63   2.40  81.51   2.24   2.11
  113   98   98    44.17   5.52   4.43  43.47   5.63   4.28
   75   90   86    35.22  -0.95  -3.35  34.77  -1.39  -3.44
   84   79   69    33.93   3.76   4.37  33.53   3.79   4.14
  101  109  117    45.25   0.77  -4.54  45.47   0.91  -4.55
  157  150  167    62.75   2.94  -1.74  63.01   2.88  -1.40
  197  215  215    78.86  -4.89  -4.14  78.96  -5.03  -4.39
   62   68   51    26.19   0.64   3.93  26.22   0.69   3.82
   59   42   57    21.96  11.90  -2.63  22.48  11.51  -3.01
   86  101  104    40.64  -0.74  -5.38  39.82  -0.95  -5.86
  127  146  135    55.98  -5.60   1.91  55.77  -5.60   1.83
  230  215  236    84.00   4.50  -5.25  84.11   4.55  -4.96
  207  228  214    82.17  -6.82   0.24  81.83  -6.98  -0.35
   35   41   23    14.51   2.18   4.35  14.28   1.66   5.43
  155  135  148    59.17   5.83   2.66  59.30   5.44   2.19
  134  117  114    51.20   4.46   7.19  50.47   4.11   6.59
   16   28   35     9.85   2.84  -6.62   8.94   2.41  -7.86
  235  222  212    85.34   0.92   6.48  85.48  -0.44   6.65
   51   71   65    25.64  -1.88  -4.35  25.61  -2.39  -4.86
  200  220  196    79.68  -7.92   4.81  79.77  -8.35   4.97
  224  237  212    86.14  -6.11   6.10  86.06  -5.86   6.39
  179  181  204    72.23   0.84  -7.37  72.10   1.40  -7.26
  146  154  130    59.64  -4.50   9.92  59.29  -4.38  10.13
    7   29   20     7.78  -4.09  -3.01   7.12  -5.05  -3.11
    1    8   24     4.03   3.85  -7.09   4.91   3.13  -7.23
  154  181  162    66.64  -9.08   3.28  66.31  -8.93   3.66
   75   64   89    31.43  10.32  -7.63  31.55   9.98  -7.65
  238  220  249    86.22   6.17  -8.45  86.28   6.50  -7.88
  217  206  236    80.77   4.42  -9.39  80.84   4.23  -9.68
  108  131  103    49.62  -7.53   6.03  49.26  -7.38   5.47
  239  245  214    89.85  -5.21   9.71  89.97  -5.72  10.89
  213  238  244    85.53  -5.37  -8.94  85.19  -5.31  -9.24
   60   47   74    24.51  12.37  -8.12  25.42  12.48  -8.28
   32    6   11     8.47  14.30   3.13   8.47  14.14   3.52
  153  134  164    59.84   7.41  -3.80  60.32   7.21  -3.77
  223  219  191    82.51  -2.80  12.19  82.37  -2.72  12.90
  122  116  146    51.70   5.63  -7.88  51.92   5.73  -7.88
  161  149  130    61.31   0.51  13.14  61.32   0.15  13.24
  162  174  194    68.48  -1.46  -7.93  69.14  -1.28  -8.02
   46   73   44    23.99  -5.82   3.79  23.69  -5.61   3.35
   24    1   29     7.73  17.05  -4.57   8.16  17.14  -3.87
  179  210  212    76.15  -7.85  -7.34  76.18  -8.15  -7.55
  172  205  183    73.88 -11.00   1.92  73.62 -11.22   1.65
   76  108   78    38.81  -8.35   3.00  38.75  -8.40   2.78
   54   23   44    17.43  17.54  -0.89  17.15  17.47  -1.46
   23   54   50    16.16  -4.22  -7.62  16.23  -4.73  -7.32
  228  200  191    80.54   4.33  10.62  80.12   3.91  10.25
  108  117   83    46.41  -4.00  11.98  45.96  -3.59  12.23
  134  170  145    61.12 -11.76   3.47  60.92 -11.72   3.01
  233  195  213    81.00   8.97   2.14  81.26   8.73   2.80
  162  154  191    65.58   5.09  -9.14  65.33   5.22  -9.75
  182  186  149    71.14  -5.69  15.54  71.02  -5.12  14.63
  210  215  249    81.19   1.59 -15.38  80.95   1.72 -15.39
  110   97   75    43.08   3.31  12.65  43.06   3.27  12.60
  191  166  204    71.83   8.32  -6.26  71.46   8.52  -6.66
   81   71  106    35.24  10.98 -11.15  35.79  11.19 -11.32
  185  185  224    74.10   2.66 -13.39  75.28   2.43 -12.49
   61   82   96    32.46   0.18 -12.15  32.53   0.61 -11.24
  209  169  187    73.81   9.50   4.48  74.56   8.99   4.53
   67   61   31    25.67   3.83  12.71  25.44   3.52  12.85
  104  105  143    47.38   5.83 -13.24  46.76   6.23 -13.34
  204  198  242    77.98   4.51 -15.35  78.38   4.34 -15.44
   64   93   54    32.00  -7.38   7.09  31.45  -7.36   6.99
  156  188  199    70.28  -7.23  -9.47  70.76  -6.85  -9.97
  156  114  124    55.16  11.18   9.32  54.71  11.15   8.74
   62   42   23    21.11   9.75  11.55  21.34   9.18  12.24
  177  222  193    77.21 -14.35   1.04  76.89 -14.31   1.53
  219  236  190    84.59  -9.34  13.95  84.77  -8.34  13.44
  149  144  106    58.13  -2.46  18.82  58.40  -2.41  18.83
  128  172  166    61.79 -11.88  -5.18  61.81 -12.77  -4.68
  251  204  229    85.18  12.21   0.76  84.95  11.69   1.40
  171  169  127    66.22  -4.42  19.71  65.71  -4.70  19.61
  202  249  223    85.29 -13.82  -1.27  85.18 -13.96  -1.81
   54   21   61    18.70  21.03  -6.72  19.12  21.64  -6.68
  200  215  169    78.60  -9.01  15.19  78.76  -8.81  14.77
  122   89  132    46.99  14.76  -6.53  46.45  14.29  -6.35
  124   81  100    44.07  14.75   4.48  44.32  14.91   4.72
  250  253  205    92.73  -6.12  16.43  92.65  -6.35  17.37
  169  199  216    73.86  -6.20 -12.06  74.00  -6.76 -11.89
  118  154  163    57.69  -8.03  -8.98  57.64  -8.45  -8.61
  161  208  168    72.32 -16.49   5.87  72.04 -16.45   6.13
  124   80  116    44.76  16.97  -1.38  45.07  16.42  -0.72
  174  128  143    61.22  11.60   8.86  60.71  11.97   8.86
   97   54   74    32.81  18.29   3.04  33.18  18.06   3.05
  128  140   95    54.03  -6.93  16.58  53.46  -6.31  16.82
   30   73   56    21.49  -9.47  -5.37  21.85  -9.09  -4.82
   25   27   68    14.39  12.53 -16.71  14.41  12.77 -16.77
  190  142  185    67.93  14.08  -1.53  67.95  14.12  -1.50
  114   69   81    39.41  15.94   7.06  39.36  15.55   7.21
  186  139  138    64.80   9.86  15.34  64.65   9.73  14.90
   85   96  131    42.07   4.00 -15.66  41.54   3.74 -15.16
   81   37   81    27.49  23.18  -5.07  27.73  22.62  -5.51
  120  122  168    54.07   5.34 -15.23  54.18   5.50 -15.39
  105   73  119    41.01  16.66  -8.59  41.54  16.89  -8.67
  162  150  114    61.40  -0.93  19.98  61.36  -1.23  19.97
  216  177  228    76.86  12.40  -9.38  76.92  12.03  -9.06
  241  237  189    87.91  -4.55  19.76  87.19  -4.51  20.13
   70  101  117    39.27  -3.28 -14.78  39.32  -3.37 -15.02
   86  134  115    47.79 -13.29  -4.21  48.49 -13.22  -4.14
  113  153  104    54.45 -14.84  10.78  53.77 -14.92  10.51
  121  101  150    49.96  11.79 -11.47  50.60  11.79 -11.38
   98   88   51    38.69   2.54  17.89  38.86   2.09  17.53
  157  110  160    57.10  16.34  -3.92  56.96  16.33  -4.06
  183  132  161    64.31  13.61   4.92  64.10  13.60   4.81
  233  195  249    81.47  13.35 -13.17  80.92  13.19 -12.79
  181  208  236    76.35  -4.31 -16.55  76.39  -5.03 -16.54
  100  142   91    50.30 -15.03  10.39  50.12 -15.03   9.76
   50   65   17    22.67  -3.06  15.60  22.87  -2.88  16.40
  207  163  218    73.98  13.93  -8.62  75.17  13.23  -8.30
  151  120   99    54.50   5.71  18.49  55.04   5.11  18.30
   60   12   17    15.61  20.60   8.97  15.58  21.06   9.14
   12   46   60    12.91  -2.17 -15.86  12.99  -2.40 -15.93
  195  253  253    86.15 -12.96 -13.40  86.18 -13.05 -13.28
  209  231  174    82.09 -11.57  17.42  81.70 -11.23  15.79
  174  231  211    78.35 -16.09  -5.19  78.07 -16.26  -5.29
  173  194  230    73.75  -2.17 -17.31  73.80  -2.03 -17.01
  186  182  131    70.92  -4.95  23.54  70.33  -5.32  23.22
   55   40    6    18.75   7.73  17.98  19.44   6.80  18.49
  181  157  126    66.28   1.74  21.14  66.11   0.66  21.03
  181  239  190    80.07 -19.32   5.29  80.28 -19.14   5.45
   35   86   62    25.16 -12.42  -4.92  25.73 -11.48  -4.40
   10   60   18    14.29 -16.41   3.59  14.45 -15.84   4.76
  204  205  148    77.37  -6.60  23.48  77.96  -6.26  23.67
   66   70  119    33.30   9.91 -20.29  33.65   9.49 -19.94
   66  119  103    40.92 -13.42  -8.36  40.92 -13.36  -8.70
  217  214  159    80.55  -5.31  23.24  80.43  -5.22  22.91
   87   70   35    32.17   5.85  18.21  32.81   5.81  17.90
  186  232  173    79.32 -17.75  12.35  79.05 -17.65  13.15
   80   91   38    34.66  -3.34  18.87  35.25  -3.71  18.77
  144   88  144    51.04  20.65  -4.38  50.50  20.82  -4.41
   86  141  142    50.51 -13.38 -12.06  50.42 -13.61 -12.02
   84  135   79    45.74 -17.21   9.44  45.82 -17.61   9.93
   94   87  144    43.23  11.48 -18.81  42.52  11.65 -18.73
  137  140  197    60.56   5.36 -19.03  59.88   4.89 -18.93
  108  134   77    49.42 -10.95  17.30  49.58 -10.64  17.68
  157  212  151    71.90 -20.68  12.38  71.79 -20.64  12.64
  108   52   57    34.17  20.37  12.83  34.34  19.77  12.77
  175  204  143    72.97 -14.03  18.76  73.21 -14.09  18.85
   29   65   11    18.69 -10.64  12.53  18.99  -9.68  13.69
  231  205  168    81.40   1.70  21.69  81.18   1.62  21.94
  249  201  185    83.97   8.89  18.39  83.71   8.13  17.56
   36   90   92    27.93 -10.09 -16.90  28.47  -9.38 -16.74
   95  111   54    41.93  -6.37  19.82  41.99  -6.81  20.31
  206  183  144    74.50   0.55  22.82  74.76   0.71  22.92
  202  146  140    68.94  11.24  19.35  68.99  10.90  19.65
   78  104   47    36.79  -8.03  16.56  36.53  -8.22  16.45
  165  175  230    70.29   2.70 -20.85  70.56   2.64 -21.22
  113   54   99    37.62  24.43  -1.05  37.40  24.45  -1.52
  119  128   68    50.04  -6.55  23.44  50.11  -6.36  23.76
  155  155  220    66.32   6.60 -21.65  66.74   6.46 -22.53
  154  219  206    74.39 -17.58  -8.99  74.88 -17.64  -8.44
  153  190  218    70.79  -6.30 -17.30  70.90  -5.97 -17.76
   86   37   28    25.76  19.15  15.76  25.88  18.52  15.69
  146  211  183    71.33 -19.50  -2.96  70.81 -19.90  -2.97
  118  170  107    57.84 -19.86  13.67  57.62 -19.85  13.59
  220  154  155    73.42  13.98  18.41  73.30  14.16  18.60
   76  138  129    47.58 -16.18 -11.25  47.99 -16.04 -11.34
  178  246  215    81.30 -19.70  -3.63  81.46 -20.02  -3.91
  145  190  125    65.38 -18.39  16.77  65.37 -18.23  16.42
   55   90  116    34.14  -2.33 -20.46  34.67  -2.38 -20.05
  120  129  185    56.10   4.58 -20.30  55.61   4.97 -20.59
   85  148   89    48.98 -21.70   7.89  49.71 -21.77   8.16
  239  236  171    87.11  -5.94  26.92  86.55  -5.89  28.42
  145  156   92    59.13  -8.73  25.06  59.01  -8.55  25.58
   49    0   59    15.05  29.81  -7.47  15.38  30.13  -6.68
  132  199  180    67.55 -19.18  -6.18  67.58 -19.63  -6.12
  231  162  169    75.94  15.07  16.05  75.92  14.97  15.53
  160  109  175    58.14  18.87  -8.59  58.39  18.47  -8.84
  141  153  209    63.60   2.98 -20.89  63.26   3.26 -22.08
  105  147  171    55.59  -7.42 -16.05  56.20  -7.07 -16.01
   23   79   18    20.61 -17.97  10.06  21.53 -17.15  10.61
  148  118  185    58.29  14.34 -14.57  58.47  14.55 -14.07
  163  181  114    66.47 -11.46  24.60  66.29 -11.40  25.03
  110   80  145    44.87  17.90 -15.40  44.88  17.94 -15.20
  248  177  247    81.00  22.54 -10.97  80.44  21.97  -9.99
   31    8   69    13.56  23.40 -15.60  14.36  23.92 -15.18
  203  134  195    68.95  20.58  -3.07  69.34  21.03  -3.20
  117  184  116    60.11 -24.67  12.14  60.00 -25.31  12.54
  183  115  148    61.10  18.45   7.88  61.03  18.69   7.86
  114  182  163    61.36 -19.53  -5.98  61.24 -19.73  -6.23
  144  176  108    62.47 -15.09  21.19  62.16 -14.77  21.61
   26   60   89    20.74   0.49 -21.94  21.00   0.04 -22.05
  106   61   42    35.07  14.75  19.76  35.64  13.99  19.12
  180  219  253    78.12  -6.40 -23.18  77.55  -6.36 -22.55
   18   81   81    20.79 -12.82 -18.48  21.38 -13.27 -18.33
   63    1   31    14.39  29.17   4.13  14.97  28.46   3.96
  206  225  153    80.46 -12.24  24.42  80.46 -12.26  23.65
   72  139  107    45.83 -20.03  -4.55  45.60 -19.44  -4.86
   62   50  116    28.80  18.34 -21.91  28.82  17.94 -21.87
  148  110   80    52.13   7.37  23.82  52.03   7.41  23.66
  100   93  162    46.59  12.31 -22.51  46.48  11.74 -23.08
  163  237  226    78.05 -18.93 -12.12  78.15 -19.03 -11.65
  171  236  162    77.64 -24.37  13.89  77.82 -24.49  13.68
    2   22   66     8.37   7.68 -22.50   8.14   8.24 -23.01
  109  178  180    61.00 -17.17 -13.64  60.83 -17.40 -13.33
  103  163   93    54.48 -22.60  13.95  54.46 -22.28  13.99
   60  127  128    42.15 -15.80 -18.15  42.13 -15.40 -18.27
  111   79   44    39.55   8.89  23.30  39.73   8.55  22.65
  160  100   90    52.81  14.50  21.57  52.84  14.98  21.92
  121  186  193    64.80 -15.55 -14.75  64.26 -15.97 -14.99
  165  134  207    64.28  14.57 -16.86  64.51  14.92 -16.67
   25   25   91    16.56  17.95 -24.46  16.40  18.20 -25.12
  123   99   55    45.44   4.71  25.67  46.14   4.91  25.24
  139   70  115    45.51  24.22   2.35  45.50  23.44   2.80
  171  100  133    56.14  20.19   8.53  56.15  20.10   9.02
  118   50   84    37.07  26.03   5.26  37.10  25.33   5.03
   45  113   70    32.80 -19.64  -2.06  32.84 -18.89  -1.59
  243  167  232    78.63  22.38  -6.26  78.60  22.34  -5.90
  118  167  191    61.21  -9.45 -17.33  61.21  -9.89 -17.30
  177  254  239    83.17 -19.39 -11.49  83.62 -19.03 -11.15
  237  161  210    76.89  20.25   0.91  77.23  19.78   1.02
  169  192  246    72.70  -0.61 -24.66  72.40  -0.25 -25.01
  177  165  242    70.38   9.98 -23.92  70.26  10.13 -23.94
  184  224  148    77.45 -18.27  21.25  77.32 -18.44  21.90
   27   95   47    24.44 -20.24   0.91  24.05 -19.98   0.19
   85   90  157    43.27   9.89 -25.54  43.29  10.14 -25.04
  172  103   99    55.48  16.84  21.95  55.20  17.40  21.45
  124   63  134    43.13  26.54  -9.22  43.26  26.10  -8.75
  133   36  130    39.28  40.14  -6.47  39.26  40.06  -7.12
  106  250   46    64.55 -57.40  49.80  64.43 -57.83  49.08
  144    9  119    36.10  53.01  -0.12  36.01  53.03  -0.14
    0  255  168    48.14 -66.44 -27.93  48.64 -65.42 -28.86
   10  239  143    46.63 -66.81 -20.25  46.56 -68.26 -20.24
   22   17  162    19.92  34.58 -48.37  19.89  35.67 -48.47
  170    6  182    40.85  63.60 -10.48  41.47  63.88  -9.97
   48   32  153    26.28  29.83 -38.77  25.88  29.36 -39.74
  192    2  160    42.39  68.18   1.17  42.40  67.32   1.49
  175  130    9    58.01   8.46  66.54  58.83   8.35  67.82
  184  159    1    63.13   2.42  76.70  62.69   2.95  76.32
  141  137  172    59.05   4.66  -9.36  58.88   4.39  -9.58
  170  144  162    63.70   7.06   2.50  64.01   6.76   2.45
  217  201   52    76.68  -5.85  67.25  76.46  -5.93  67.09
  242  213   67    82.82  -2.29  67.94  82.71  -2.86  67.90
   16  216  210    50.70 -45.14 -45.17  50.57 -45.46 -45.70
   26  203  237    52.28 -34.99 -53.34  52.12 -36.29 -55.04
  245   13  239    52.96  77.37 -10.26  52.33  76.82 -12.05
  255    2  211    50.07  80.19   3.95  49.86  80.51   4.22
  206  175  241    75.24  12.26 -16.83  75.06  11.83 -17.31
  215  189  214    77.88   6.97  -2.93  77.81   7.16  -2.99
   19  255  222    59.48 -53.40 -38.67  58.84 -53.14 -38.47
   34  253  250    64.80 -46.57 -44.16  64.32 -45.36 -43.47
  181   53  120    49.98  41.25  11.32  50.46  40.83  11.87
  195   70  143    55.74  37.77   7.85  55.79  37.73   7.53
  127   25  185    39.77  49.82 -24.97  40.01  50.17 -25.77
  154   37  173    44.41  48.37 -14.22  44.78  48.33 -14.95
  189  178  199    72.67   3.52  -3.62  72.36   3.22  -3.82
  177  148  131    64.23   4.29  16.82  64.37   3.94  16.77
  229  141   61    70.61  16.74  57.42  70.76  16.44  57.33
  251  124   77    72.45  28.68  54.45  72.10  28.72  53.73
  125   49   81    38.14  27.74   8.28  38.24  27.38   8.14
  140   44   53    39.08  31.52  23.31  38.83  30.82  22.59
  125  109    0    44.85   2.81  52.81  44.38   2.86  51.90
  138   85   17    44.44  13.55  45.13  44.61  13.37  45.78
   94  161   78    52.25 -25.57  17.38  52.25 -25.92  17.64
  118  182   83    59.09 -26.81  25.13  58.86 -27.19  25.20
  247  126  109    72.30  27.67  39.89  72.49  27.01  39.98
  184   56  170    52.01  44.86  -5.36  51.72  44.99  -5.35
  163  173  146    65.98  -5.80  10.50  65.96  -5.60  10.60
   16  199  139    42.44 -53.02 -24.50  42.67 -52.92 -24.82
   37  176  148    46.05 -39.99 -25.12  46.28 -40.35 -25.05
  198   16  244    48.75  69.93 -23.23  48.45  69.83 -23.34
  202   46  232    54.45  58.65 -22.50  54.44  59.17 -24.37
  189  152  101    66.35   3.82  32.58  65.96   3.62  32.94
    9   30   47     9.41   1.49 -12.87   9.00   1.33 -13.35
   37   16   56    14.01  18.40  -9.65  14.47  19.49  -9.84
    3  117  227    31.82   0.56 -68.79  32.07   0.57 -68.56
  155  151  107    60.30  -3.48  21.09  60.47  -3.17  21.26
   29  217  115    48.21 -62.98  -8.73  48.39 -63.35  -9.41
  238  114  235    71.25  38.76 -13.30  71.12  38.97 -13.95
   80   86  121    38.80   6.04 -14.95  38.82   5.66 -15.07
  100  110  111    44.63  -0.41  -2.59  44.22  -0.36  -2.59
  134  224  128    69.65 -34.02  17.71  70.12 -33.54  17.24
  162  208  122    70.99 -20.67  24.72  71.19 -20.41  25.08
   28  196  184    48.66 -42.45 -37.17  48.67 -43.69 -37.38
   47  220  196    57.86 -45.10 -30.97  58.18 -45.63 -31.32
   96   16  255    36.84  59.10 -51.46  36.71  59.79 -51.07
  115    4  231    36.18  62.08 -39.03  36.36  61.40 -38.50
  163  220  166    74.40 -20.35   8.58  74.60 -19.89   9.18
  166  252  173    79.45 -30.08  10.71  79.46 -29.95  10.59
   84   48  185    37.79  33.40 -38.60  38.38  33.49 -39.25
   94   23  166    33.47  43.21 -28.26  33.51  43.99 -28.62
   55   62  178    34.56  20.57 -45.69  35.08  20.46 -45.34
  171   80   39    50.60  23.76  44.45  50.65  23.67  44.10
  188   60   59    50.62  36.50  37.28  50.60  36.79  37.42
   68  253  193    66.89 -52.70 -18.06  66.07 -51.97 -17.10
   11  241   99    43.99 -78.30  -3.50  43.83 -78.62  -2.74
  100  250  201    71.66 -42.52 -13.89  71.55 -41.81 -14.46
  144  108  152    54.42  13.75  -4.95  54.53  13.45  -5.07
  171   99  169    57.92  24.02  -4.61  58.61  23.66  -3.88
  215   78  218    62.53  45.77 -14.27  62.57  46.01 -13.85
  242   60  225    62.25  59.04 -11.55  61.93  57.75 -10.43
  111  241  111    67.53 -49.57  20.97  68.10 -49.64  21.03
   12  155  184    37.89 -26.79 -47.54  38.43 -27.09 -47.90
  143  252  200    77.42 -33.17  -4.07  76.83 -32.52  -4.18
   18  123  177    34.39 -13.69 -48.40  34.49 -14.31 -48.75
  143   81  172    51.29  26.50 -15.13  51.03  26.08 -15.34
  183   74   89    52.60  30.36  25.45  52.72  30.35  24.89
  141   29  227    43.78  54.68 -34.09  43.89  54.72 -34.35
  159   33  255    46.21  60.21 -38.60  45.98  60.27 -39.28
  159   77  128    50.54  26.48   4.39  50.35  26.36   4.74
   12   39  138    18.12  17.47 -44.05  18.01  17.42 -45.19
   14   69  123    20.73  -0.36 -36.88  21.02  -0.28 -36.89
   22  255   61    48.78 -84.39  19.64  49.35 -85.97  20.24
   33  248   30    51.41 -76.43  35.58  51.45 -76.71  36.32
  219   68  251    60.76  54.39 -26.15  60.78  54.72 -25.60
  248  193  220    82.77  13.76   2.21  82.83  13.84   2.72
  227  217   23    79.98  -6.30  86.00  79.68  -7.55  86.26
  255  199   29    82.98   5.79  87.96  83.88   5.44  88.26
   20  177   18    36.88 -57.29  23.65  36.89 -57.03  24.26
   32  149    3    33.26 -42.04  30.90  33.75 -40.95  30.10
  188   22  206    47.31  62.92 -15.07  47.18  64.59 -15.98
   30  116   11    28.05 -29.81  20.97  28.15 -29.74  21.74
  147   19   75    37.30  45.97  14.05  37.51  46.21  14.42
  163   16   45    39.05  48.86  28.87  39.12  49.29  28.11
   20  102   55    23.93 -24.99  -3.37  23.68 -25.61  -4.47
   26  133   42    30.66 -37.06   8.19  30.55 -37.36   8.03
  156  171   79    62.81 -12.07  35.68  62.60 -11.64  36.32
  195  195   78    72.87  -9.88  49.48  73.01 -10.08  49.69
   74  202  184    59.31 -33.87 -21.26  59.44 -33.75 -21.79
   88   39   28    26.54  18.89  16.57  26.73  18.40  16.74
  104   29   57    29.29  29.91   9.28  29.26  29.79   8.87
  156  141  239    64.53  14.10 -29.60  64.73  13.62 -29.79
  162  173  251    69.45   5.48 -30.64  69.12   5.11 -29.56
  160   97  231    58.15  29.80 -30.57  58.06  29.80 -30.47
  185  119  241    65.20  27.64 -26.15  65.26  27.26 -26.03
   70   34   63    23.63  19.35  -2.37  23.55  18.73  -2.58
  187   82  251    59.00  44.09 -33.76  58.56  43.36 -32.75
  243  173   59    77.52  10.05  65.83  77.43   9.98  64.68
   86  142   35    44.39 -21.18  30.84  44.53 -21.21  30.45
   89  150    1    43.86 -21.56  48.32  43.40 -21.46  47.46
   20  223    9    45.54 -71.59  35.67  45.59 -70.35  35.74
  124  188   47    59.68 -28.31  44.16  59.88 -28.75  43.10
  126  205   16    61.03 -31.70  61.15  61.17 -32.31  62.42
  220   43  159    54.97  55.97   7.03  54.69  56.05   7.14
  252   57  153    62.66  57.38  17.87  62.28  56.85  17.08
   75    1   51    18.33  35.36   1.76  18.81  35.10   1.69
    3  220  173    43.73 -55.06 -36.60  43.42 -55.17 -35.55
   69  106   17    33.77 -11.84  27.66  33.61 -11.78  28.71
   93   85    1    34.54   2.18  38.38  34.53   2.69  39.26
  107   66  133    41.30  21.95 -13.54  41.37  22.66 -13.51
   14   76  176    25.83   6.65 -54.94  26.40   6.56 -55.07
   39   96  160    34.34  -1.89 -40.97  34.47  -1.88 -40.88
    3   13   78     9.21  15.79 -26.46   9.33  16.37 -26.76
    3   43  242    24.38  38.83 -78.33  24.31  38.65 -80.18
    9   68  217    26.91  20.17 -70.39  27.06  20.36 -70.96
  190  128   57    61.70  11.02  48.10  61.72  11.13  47.02
   91  154  224    57.26  -5.12 -37.34  57.06  -4.18 -37.31
  110  149  194    57.88  -4.00 -22.91  57.93  -3.98 -23.16
    6  170   97    32.07 -50.73 -14.69  31.86 -50.67 -14.35
   18  138   86    30.57 -37.27 -12.28  30.88 -38.47 -11.97
   81   32  217    36.26  45.12 -48.67  36.10  45.64 -50.49
  187  241  200    81.41 -17.37   3.18  81.30 -17.28   3.53
  171   89    3    50.97  22.13  63.44  51.85  23.10  63.31
   80   63   82    31.36  11.00  -3.85  31.54  10.73  -3.56
  247  196  184    82.81   9.47  17.21  82.76   9.37  16.87
    6  101  146    24.35 -11.58 -42.67  24.57 -11.51 -42.15
  203  132  171    67.94  18.72   6.00  68.74  18.42   5.53
   92  198    5    53.32 -38.19  56.17  53.35 -37.85  55.07
   94  214  156    63.24 -37.32  -4.24  63.39 -37.14  -3.62
  111  201  199    66.05 -22.33 -17.08  65.83 -22.86 -17.12
  143  208  215    71.79 -15.26 -15.75  71.90 -15.64 -16.70
   74  233  223    66.46 -38.33 -29.11  67.19 -38.14 -28.36
  205  111   18    61.27  21.77  68.04  61.03  21.67  68.65
  126  225   64    65.65 -41.39  41.52  65.42 -41.78  40.97
   76  198  234    61.56 -23.76 -37.79  61.22 -22.78 -37.58
  255   50  192    60.72  63.44   3.74  60.69  64.04   2.90
  174  243  242    80.75 -16.32 -15.05  80.69 -16.67 -15.45
  209  254  246    87.99 -11.14  -7.77  88.12 -11.48  -7.97
    0  100   86    17.75 -24.86 -22.20  17.39 -23.42 -22.41
  242  127  147    72.18  27.83  23.57  72.51  27.22  23.31
  248   94  163    68.10  42.16  14.80  68.32  41.51  14.95
  130   75  231    50.68  33.75 -39.86  50.79  33.12 -39.72
   58    1  134    21.22  43.15 -27.55  22.14  41.90 -26.19
   62    1   97    19.98  38.51 -14.83  20.42  38.34 -13.92
   67  238  147    61.46 -55.45  -4.55  60.67 -56.07  -3.57
  131  191  169    65.49 -17.87  -3.25  65.46 -18.21  -3.11
  220  163  136    74.13   9.79  27.08  74.04  10.25  27.42
  226  166  173    75.77  12.96  13.72  76.14  12.86  13.77
  194   57   20    50.99  38.92  55.81  50.84  37.97  56.59
   84   31  103    28.62  29.59 -11.58  28.47  29.13 -12.16
  219  114  200    68.28  30.86  -3.45  68.18  31.72  -3.65
  240  112   32    68.31  29.56  70.58  68.35  29.15  70.46
  226   54   80    57.29  47.92  38.66  57.57  47.28  39.23
  242   67  112    62.54  47.59  31.44  62.88  46.76  31.90
  222  252   41    85.07 -20.72  81.61  84.86 -19.83  80.97
  248  252   13    88.62  -9.98 100.38  88.76  -9.78 101.82
  213  179   16    72.00   1.60  79.99  72.28   1.34  81.24
   33   66   51    20.54  -6.22  -3.63  20.81  -5.97  -2.95
   86   93   49    36.91  -2.28  16.02  37.19  -2.35  16.02
    4   55   76    12.16  -5.34 -23.47  12.22  -6.02 -23.37
  168   34    3    41.48  41.52  51.64  41.79  42.34  52.35
  188   31   89    46.74  50.90  22.83  46.29  50.85  22.62
  252  150  237    77.96  31.33  -8.48  77.19  30.74  -8.09
  187  207  252    77.15  -0.93 -22.96  76.77  -0.85 -22.17
  241  251   75    88.41 -14.20  68.87  88.55 -13.05  69.85
  255  233  193    89.58   0.21  20.96  89.99   0.49  20.49
  200  199  122    75.39  -7.53  32.65  75.70  -7.65  33.28
   49  196    0    44.74 -50.65  44.15  44.92 -49.04  43.99
  223   40   40    54.37  52.26  53.10  54.23  51.58  53.35
   10    5  225    22.42  52.25 -68.07  22.17  52.15 -67.79
   39   16  201    25.92  45.05 -55.44  25.85  45.44 -55.38
  229    2  173    47.39  74.29   7.02  47.46  74.32   7.35
   40   77   88    26.61  -3.89 -15.74  26.77  -3.38 -14.90
    4    1  131    13.29  33.33 -42.47  13.57  33.50 -41.70
   60   64    5    24.31   0.24  24.36  25.05   0.34  23.41
  184  223   42    73.94 -22.31  67.06  74.10 -23.35  67.23
  203  238   73    79.69 -22.32  58.62  80.15 -21.81  57.26
  183  241  117    78.41 -27.19  35.45  77.79 -27.51  34.29
  213   90   53    60.28  30.08  50.85  60.46  30.22  49.28
  119  113  231    55.66  16.60 -38.62  56.05  16.83 -39.06
   36  181   68    43.18 -53.26   6.56  42.79 -53.35   6.56
   53  212   50    51.49 -59.40  25.85  51.74 -60.90  25.90
  246  251  115    90.55 -12.21  53.15  89.99 -11.15  54.62
   31   15   16     9.67  10.66   2.32   9.24  11.28   2.27
  130   99   83    47.29   7.47  15.47  47.21   7.65  15.55
  132  130   57    52.24  -4.44  32.65  52.81  -4.69  32.14
  250  255  159    92.13  -9.69  35.49  92.22  -9.70  36.07
   65  129  121    43.32 -16.16 -13.66  43.57 -15.60 -13.36
   83  148  159    51.95 -14.75 -17.40  51.58 -14.69 -17.36
   93  167  124    54.71 -24.11   0.36  54.82 -23.89   0.57
  216  222  176    81.77  -6.74  17.16  81.68  -6.60  16.30
  244  234  255    89.85   3.37  -7.20  89.89   3.79  -7.77
   52  151  194    48.10 -17.64 -40.31  48.32 -16.87 -40.97
   41   32  255    31.75  49.91 -69.64  31.59  49.69 -70.10
  153  254   77    74.80 -44.86  48.15  74.10 -44.21  46.57
  116  187  239    65.71 -10.12 -32.11  65.64 -10.60 -32.15
  158  156   37    59.81  -6.59  53.36  60.26  -7.27  52.38
   58  137   69    40.13 -26.48   5.90  39.47 -26.55   5.68
   94  107  163    47.99   5.29 -22.50  47.72   5.38 -22.53
  157  251   24    73.48 -38.17  72.27  73.56 -38.75  73.10
   29   93  252    36.07  17.41 -73.51  35.76  16.67 -73.52
   68  250    3    57.70 -61.59  58.77  57.64 -59.57  56.75
   62  246   79    57.85 -69.64  21.68  57.78 -68.44  21.39
  253   14   19    55.42  71.37  64.61  54.55  71.56  63.29
  128  244  242    75.59 -26.86 -23.65  75.82 -27.07 -23.98
  235   74    7    61.51  42.95  77.91  61.25  41.78  76.83
   93    1    3    19.68  32.76  21.47  19.39  33.14  21.63
   85   61  255    41.61  38.53 -59.35  41.14  38.47 -59.48
  251  197  130    83.19   7.88  41.53  82.87   7.28  41.42
   27  147  255    44.20  -6.73 -67.09  43.94  -7.26 -67.18
  241   10  123    51.20  71.22  25.57  51.46  70.77  25.31
  250    3   71    51.27  74.96  43.68  51.01  74.72  43.00
