CGATS.17
NUMBER_OF_FIELDS	7
BEGIN_DATA_FORMAT
SAMPLE_ID	RGB_R	RGB_G	RGB_B	LAB_L	LAB_A	LAB_B
END_DATA_FORMAT
NUMBER_OF_SETS	536
BEGIN_DATA
1	    0.00	    0.00	    0.00	    1.38	   -1.28	    0.91
2	    5.00	    5.00	    5.00	    3.74	    1.25	    0.41
3	   10.00	   10.00	   10.00	    5.41	    3.32	    0.23
4	   15.00	   15.00	   15.00	    6.38	    4.83	   -0.50
5	   20.00	   20.00	   20.00	    8.03	    6.20	   -1.18
6	   25.00	   25.00	   25.00	    9.66	    6.21	   -1.31
7	   30.00	   30.00	   30.00	   11.55	    5.68	   -1.92
8	   35.00	   35.00	   35.00	   13.51	    5.76	   -2.20
9	   40.00	   40.00	   40.00	   15.63	    5.45	   -1.86
10	   45.00	   45.00	   45.00	   17.96	    5.28	   -1.73
11	   50.00	   50.00	   50.00	   20.65	    4.54	   -2.30
12	   55.00	   55.00	   55.00	   22.77	    4.24	   -2.01
13	   60.00	   60.00	   60.00	   24.45	    3.98	   -2.00
14	   65.00	   65.00	   65.00	   27.44	    3.71	   -1.34
15	   70.00	   70.00	   70.00	   29.00	    3.30	   -1.11
16	   75.00	   75.00	   75.00	   31.77	    3.49	   -1.56
17	   80.00	   80.00	   80.00	   33.93	    3.13	   -1.16
18	   85.00	   85.00	   85.00	   35.60	    3.07	   -0.91
19	   90.00	   90.00	   90.00	   37.57	    2.82	   -0.48
20	   95.00	   95.00	   95.00	   39.44	    2.64	   -0.21
21	  100.00	  100.00	  100.00	   41.75	    2.10	    0.45
22	  105.00	  105.00	  105.00	   43.44	    1.75	    0.65
23	  110.00	  110.00	  110.00	   45.46	    1.83	    0.59
24	  115.00	  115.00	  115.00	   47.64	    1.11	    1.25
25	  120.00	  120.00	  120.00	   49.07	    1.04	    1.68
26	  125.00	  125.00	  125.00	   50.96	    0.95	    1.90
27	  130.00	  130.00	  130.00	   52.97	    0.60	    2.57
28	  135.00	  135.00	  135.00	   54.24	    0.38	    2.66
29	  140.00	  140.00	  140.00	   56.82	    0.06	    2.38
30	  145.00	  145.00	  145.00	   58.30	   -0.31	    2.52
31	  150.00	  150.00	  150.00	   60.35	   -0.45	    2.56
32	  155.00	  155.00	  155.00	   61.97	   -0.01	    2.47
33	  160.00	  160.00	  160.00	   63.79	   -0.17	    2.73
34	  165.00	  165.00	  165.00	   65.82	   -0.76	    2.85
35	  170.00	  170.00	  170.00	   67.19	   -0.27	    2.24
36	  175.00	  175.00	  175.00	   68.89	   -0.46	    2.24
37	  180.00	  180.00	  180.00	   70.92	   -0.50	    1.87
38	  185.00	  185.00	  185.00	   72.26	   -0.44	    1.75
39	  190.00	  190.00	  190.00	   73.43	   -0.55	    1.06
40	  195.00	  195.00	  195.00	   75.32	   -0.98	    1.23
41	  200.00	  200.00	  200.00	   76.65	   -0.77	    0.81
42	  205.00	  205.00	  205.00	   77.81	   -0.93	   -0.03
43	  210.00	  210.00	  210.00	   79.67	   -0.85	   -0.10
44	  215.00	  215.00	  215.00	   81.02	   -0.72	   -0.64
45	  220.00	  220.00	  220.00	   83.24	   -0.28	   -0.37
46	  225.00	  225.00	  225.00	   84.32	   -0.18	   -0.62
47	  230.00	  230.00	  230.00	   86.79	   -0.43	   -0.64
48	  235.00	  235.00	  235.00	   88.71	   -0.13	   -0.47
49	  240.00	  240.00	  240.00	   90.07	   -0.30	   -0.76
50	  245.00	  245.00	  245.00	   92.15	   -0.76	   -1.93
51	  250.00	  250.00	  250.00	   93.36	   -1.05	   -1.55
52	  255.00	  255.00	  255.00	   94.69	   -1.16	   -1.83
53	  222.00	  219.00	  219.00	   83.10	    0.43	    0.38
54	  121.00	  125.00	  124.00	   50.82	    0.37	    1.35
55	  176.00	  170.00	  170.00	   67.94	    0.76	    3.89
56	   41.00	   35.00	   37.00	   14.72	    7.94	   -1.16
57	  150.00	  143.00	  149.00	   59.03	    2.26	    1.75
58	  109.00	  117.00	  109.00	   46.68	   -1.26	    1.67
59	  139.00	  146.00	  137.00	   57.31	   -2.47	    4.77
60	  237.00	  242.00	  248.00	   90.13	   -0.81	   -4.80
61	   12.00	   23.00	   19.00	    6.99	    0.27	   -2.07
62	  205.00	  195.00	  192.00	   76.27	    0.98	    4.61
63	   70.00	   70.00	   82.00	   31.42	    5.18	   -5.67
64	   17.00	    9.00	   21.00	    6.92	    9.79	   -2.71
65	  124.00	  138.00	  131.00	   53.73	   -2.99	    1.55
66	   18.00	    9.00	    4.00	    6.69	    5.58	    3.45
67	   91.00	   91.00	   75.00	   37.38	    1.50	    5.51
68	  203.00	  218.00	  222.00	   80.17	   -4.20	   -5.55
69	  126.00	  124.00	  142.00	   52.75	    2.76	   -4.36
70	   87.00	  105.00	   92.00	   40.04	   -3.84	   -0.94
71	   76.00	   79.00	   94.00	   34.24	    4.65	   -7.29
72	  178.00	  186.00	  198.00	   72.27	   -1.53	   -4.85
73	  137.00	  134.00	  155.00	   56.92	    3.57	   -6.26
74	  253.00	  229.00	  246.00	   89.92	    5.72	   -2.69
75	  194.00	  181.00	  170.00	   72.70	    0.73	    9.09
76	  123.00	  100.00	  113.00	   46.31	    8.57	    1.54
77	  148.00	  160.00	  173.00	   63.21	   -1.92	   -4.69
78	  170.00	  158.00	  145.00	   65.05	   -0.24	   10.40
79	  117.00	   93.00	   98.00	   43.96	    8.62	    4.86
80	  195.00	  173.00	  199.00	   72.45	    6.41	   -3.25
81	  190.00	  217.00	  197.00	   78.03	   -9.31	    1.77
82	  200.00	  209.00	  181.00	   77.57	   -5.82	    9.48
83	  136.00	  163.00	  161.00	   61.14	   -7.26	   -2.17
84	   59.00	   34.00	   36.00	   19.02	   12.62	    3.52
85	  186.00	  182.00	  211.00	   73.20	    2.53	   -8.62
86	   56.00	   82.00	   64.00	   28.71	   -4.94	   -1.26
87	   13.00	   38.00	   36.00	    9.77	   -3.60	   -7.90
88	  150.00	  121.00	  138.00	   55.67	    8.17	    2.98
89	   29.00	   25.00	    3.00	   11.38	    3.50	    9.39
90	   96.00	   78.00	   68.00	   36.03	    7.16	    8.02
91	   51.00	   75.00	   47.00	   25.05	   -4.97	    3.04
92	  242.00	  252.00	  219.00	   91.52	   -6.74	   10.60
93	  160.00	  161.00	  130.00	   63.47	   -3.74	   14.90
94	   83.00	   54.00	   57.00	   28.56	   12.62	    4.57
95	  209.00	  220.00	  187.00	   80.60	   -6.81	   10.81
96	  242.00	  241.00	  208.00	   88.98	   -4.53	   13.22
97	  236.00	  202.00	  213.00	   82.65	    6.88	    3.97
98	  247.00	  212.00	  216.00	   85.99	    6.36	    6.01
99	  211.00	  215.00	  246.00	   81.61	    1.37	  -13.27
100	  116.00	  138.00	  150.00	   54.19	   -3.51	   -7.45
101	   45.00	   71.00	   77.00	   25.61	   -1.35	  -10.41
102	  173.00	  138.00	  152.00	   62.94	    8.52	    6.01
103	    6.00	   32.00	    1.00	    9.95	   -8.77	    6.55
104	   89.00	   98.00	  123.00	   42.13	    3.05	  -11.65
105	  121.00	  156.00	  127.00	   56.30	  -12.19	    4.23
106	   10.00	   20.00	   42.00	    7.72	    5.72	  -11.41
107	   67.00	   74.00	   41.00	   28.07	   -0.74	   10.26
108	  211.00	  195.00	  233.00	   78.28	    6.09	  -10.85
109	  163.00	  185.00	  200.00	   71.24	   -3.70	   -8.59
110	  188.00	  151.00	  168.00	   67.90	    9.07	    4.93
111	  159.00	  138.00	  175.00	   62.63	    8.03	   -5.78
112	  138.00	  138.00	  102.00	   55.54	   -2.80	   16.43
113	   38.00	    5.00	   10.00	    9.15	   16.38	    5.07
114	   62.00	   59.00	   28.00	   24.26	    2.53	   12.94
115	   88.00	   92.00	   57.00	   37.54	   -0.91	   13.00
116	   67.00	   54.00	   89.00	   29.01	   12.95	  -10.68
117	  173.00	  212.00	  180.00	   74.98	  -13.50	    4.28
118	  110.00	  147.00	  139.00	   54.29	  -10.60	   -3.34
119	  201.00	  232.00	  192.00	   81.32	  -12.02	    7.66
120	   32.00	    8.00	   42.00	   11.09	   19.91	   -6.06
121	  207.00	  173.00	  214.00	   75.36	   10.16	   -6.09
122	   50.00	   87.00	   87.00	   30.54	   -5.61	  -10.15
123	  155.00	  196.00	  167.00	   69.21	  -13.88	    3.66
124	  191.00	  170.00	  150.00	   69.99	    1.26	   15.20
125	  176.00	  191.00	  218.00	   74.12	   -1.81	  -12.06
126	   92.00	  124.00	  131.00	   48.01	   -5.91	   -9.92
127	  203.00	  161.00	  164.00	   72.58	    8.09	   11.64
128	  148.00	  155.00	  114.00	   59.89	   -5.93	   17.30
129	   95.00	  111.00	   71.00	   42.56	   -5.45	   12.35
130	   40.00	   47.00	   79.00	   21.33	    8.72	  -15.77
131	  115.00	  157.00	  156.00	   57.27	  -11.70	   -6.66
132	  167.00	  164.00	  208.00	   68.73	    4.49	  -13.66
133	   28.00	   54.00	   67.00	   19.03	   -0.15	  -13.20
134	  229.00	  184.00	  198.00	   78.49	    9.73	    6.41
135	   41.00	   62.00	   23.00	   20.92	   -4.19	   10.76
136	  114.00	   73.00	   89.00	   40.63	   14.76	    4.47
137	   75.00	  117.00	   80.00	   40.75	  -10.78	    3.35
138	  141.00	  120.00	   98.00	   52.88	    3.24	   15.77
139	   82.00	   80.00	   41.00	   33.18	    0.70	   15.68
140	  142.00	  108.00	  152.00	   54.26	   13.08	   -5.43
141	    5.00	    0.00	   40.00	    7.07	   15.21	  -12.28
142	  175.00	  129.00	  164.00	   63.15	   13.49	    1.82
143	  249.00	  227.00	  200.00	   87.47	    1.23	   15.53
144	  158.00	  150.00	  197.00	   64.13	    6.55	  -13.65
145	  220.00	  172.00	  181.00	   75.84	   10.38	   10.16
146	  194.00	  198.00	  243.00	   77.07	    1.91	  -17.47
147	  225.00	  255.00	  205.00	   89.26	  -12.83	   12.93
148	   54.00	   28.00	   12.00	   16.87	   11.38	   12.59
149	  180.00	  229.00	  205.00	   78.53	  -14.99	   -1.73
150	   29.00	   72.00	   37.00	   21.04	  -11.01	    2.64
151	  144.00	   98.00	  122.00	   50.85	   14.33	    4.69
152	   98.00	  138.00	   92.00	   49.74	  -13.60	    8.19
153	  161.00	  197.00	  210.00	   72.79	   -8.10	  -11.55
154	   40.00	   84.00	   69.00	   26.96	   -8.95	   -6.04
155	  133.00	   87.00	  106.00	   46.22	   15.35	    5.65
156	  253.00	  202.00	  237.00	   84.89	   13.93	   -2.48
157	  230.00	  201.00	  252.00	   81.54	   10.52	  -14.52
158	  130.00	  178.00	  162.00	   63.15	  -14.69	   -2.47
159	  245.00	  196.00	  194.00	   82.73	    9.94	   12.16
160	  140.00	  189.00	  187.00	   66.69	  -13.38	   -8.66
161	  113.00	   72.00	   67.00	   39.42	   12.90	   12.68
162	  116.00	   87.00	  134.00	   45.76	   14.41	   -9.24
163	   77.00	   60.00	  106.00	   32.93	   14.78	  -13.36
164	  146.00	   98.00	  102.00	   50.86	   13.11	   12.64
165	  177.00	  213.00	  162.00	   75.62	  -14.64	   13.05
166	  165.00	  160.00	  116.00	   63.19	   -3.60	   21.38
167	  157.00	  115.00	  164.00	   57.92	   14.65	   -4.79
168	   52.00	   71.00	   99.00	   29.46	    3.52	  -16.51
169	  183.00	  234.00	  236.00	   79.89	  -12.59	  -12.69
170	   99.00	  149.00	  102.00	   52.21	  -17.61	    6.77
171	  142.00	  151.00	  194.00	   62.44	    2.18	  -16.05
172	   88.00	  138.00	  106.00	   48.84	  -15.38	   -0.26
173	  208.00	  249.00	  194.00	   85.21	  -15.31	   10.98
174	   63.00	   20.00	   67.00	   20.83	   24.62	   -6.11
175	  142.00	  195.00	  149.00	   66.49	  -19.14	    6.74
176	  212.00	  202.00	  158.00	   78.38	   -2.53	   21.48
177	  253.00	  197.00	  222.00	   84.11	   13.22	    3.18
178	   25.00	   72.00	   73.00	   21.36	   -8.15	  -13.77
179	   67.00	  117.00	   99.00	   40.47	  -12.43	   -7.00
180	   75.00	  114.00	   64.00	   39.00	  -11.38	   10.15
181	   93.00	  106.00	   56.00	   41.21	   -5.41	   17.24
182	  128.00	   92.00	   77.00	   46.15	    9.48	   16.05
183	   54.00	   31.00	   80.00	   22.22	   19.60	  -12.85
184	   45.00	    6.00	   54.00	   14.59	   25.67	   -6.93
185	   58.00	   43.00	   93.00	   26.13	   17.13	  -15.31
186	   75.00	  127.00	  116.00	   45.13	  -12.45	   -9.20
187	   53.00	   55.00	  104.00	   27.11	   11.93	  -19.51
188	  174.00	  231.00	  223.00	   78.06	  -15.24	  -10.12
189	  229.00	  180.00	  172.00	   77.71	    9.38	   16.60
190	   77.00	   51.00	   27.00	   26.11	    9.70	   15.68
191	  204.00	  148.00	  202.00	   71.38	   16.85	   -4.68
192	  240.00	  234.00	  182.00	   86.52	   -4.93	   22.83
193	  109.00	   87.00	   57.00	   40.50	    5.86	   17.65
194	  193.00	  137.00	  173.00	   67.12	   15.07	    3.44
195	  124.00	  173.00	  181.00	   61.82	  -11.98	  -11.53
196	    3.00	   54.00	   24.00	   11.34	  -16.51	   -1.47
197	   93.00	   40.00	   87.00	   30.73	   24.94	   -4.06
198	   91.00	  132.00	  147.00	   50.17	   -7.83	  -13.41
199	   49.00	  103.00	   82.00	   32.94	  -12.19	   -7.05
200	   48.00	  102.00	   67.00	   31.60	  -13.09	   -1.00
201	  114.00	  104.00	  161.00	   50.39	   10.78	  -16.66
202	   83.00	   88.00	  139.00	   40.50	    7.91	  -19.66
203	   94.00	   51.00	   40.00	   30.18	   15.38	   14.99
204	  191.00	  132.00	  145.00	   64.70	   14.14	   13.10
205	  250.00	  188.00	  243.00	   82.78	   18.31	   -6.61
206	  129.00	  188.00	  147.00	   63.90	  -19.38	    3.49
207	  245.00	  183.00	  203.00	   81.07	   14.47	    7.85
208	   14.00	   10.00	   63.00	   11.12	   17.28	  -18.49
209	  180.00	  242.00	  212.00	   80.65	  -18.17	   -3.05
210	    7.00	   59.00	   60.00	   13.36	  -10.64	  -15.70
211	  138.00	   81.00	  124.00	   47.32	   19.89	    0.22
212	   56.00	   97.00	   42.00	   30.18	  -11.15	   10.52
213	  196.00	  216.00	  155.00	   77.82	  -11.78	   19.83
214	   98.00	  133.00	   76.00	   47.28	  -13.01	   14.92
215	    0.00	   17.00	   53.00	    6.83	    6.14	  -18.48
216	  151.00	  125.00	  185.00	   59.61	   12.36	  -13.01
217	  121.00	   64.00	   79.00	   40.11	   18.82	    9.20
218	  160.00	  146.00	  101.00	   60.33	   -1.06	   24.36
219	   15.00	   61.00	    7.00	   15.97	  -14.39	   10.68
220	   68.00	   75.00	  126.00	   35.40	    8.31	  -21.58
221	  228.00	  175.00	  239.00	   77.88	   17.49	  -10.98
222	  175.00	  152.00	  215.00	   69.23	   10.89	  -15.87
223	  215.00	  152.00	  173.00	   72.90	   14.79	   10.04
224	   75.00	   25.00	   19.00	   21.83	   19.85	   15.05
225	  151.00	  215.00	  179.00	   72.44	  -20.47	   -0.38
226	  233.00	  168.00	  206.00	   77.37	   16.28	    2.95
227	  117.00	   58.00	  116.00	   40.08	   24.99	   -5.48
228	   57.00	    5.00	    1.00	   12.64	   21.44	   13.47
229	  158.00	  167.00	  223.00	   69.30	    3.57	  -21.38
230	  104.00	  166.00	  136.00	   57.03	  -19.57	   -0.92
231	  202.00	  156.00	  221.00	   73.50	   15.11	  -11.81
232	  163.00	  101.00	  155.00	   55.62	   20.12	   -1.62
233	  217.00	  163.00	  152.00	   74.37	    9.55	   20.26
234	  252.00	  248.00	  185.00	   91.44	   -5.71	   25.00
235	   61.00	  121.00	   67.00	   37.38	  -17.77	    5.17
236	  208.00	  166.00	  232.00	   74.51	   14.17	  -13.59
237	  165.00	  213.00	  148.00	   73.51	  -19.14	   15.72
238	  100.00	   72.00	   41.00	   35.85	    8.43	   19.12
239	   53.00	   99.00	  113.00	   34.83	   -6.71	  -18.40
240	  200.00	  179.00	  135.00	   73.21	   -0.08	   24.88
241	  185.00	  253.00	  223.00	   84.10	  -19.97	   -3.80
242	  160.00	   97.00	  115.00	   53.00	   17.26	   12.20
243	  118.00	  122.00	   61.00	   48.81	   -5.41	   25.19
244	   18.00	   77.00	   26.00	   19.65	  -17.90	    5.07
245	  221.00	  154.00	  211.00	   74.38	   18.90	   -4.07
246	  171.00	  202.00	  136.00	   72.11	  -14.85	   21.08
247	  153.00	  220.00	  162.00	   72.85	  -23.19	    8.73
248	   90.00	   30.00	   35.00	   25.11	   23.76	   12.57
249	  105.00	   44.00	   77.00	   32.96	   24.85	    3.07
250	    2.00	   45.00	   61.00	    9.67	   -5.78	  -19.44
251	  141.00	  130.00	  197.00	   59.48	    9.51	  -19.33
252	   81.00	   20.00	   49.00	   22.52	   27.97	    4.57
253	  109.00	  146.00	   81.00	   51.51	  -15.01	   17.85
254	  176.00	  234.00	  164.00	   78.27	  -22.18	   14.27
255	   89.00	   99.00	   36.00	   38.44	   -4.34	   23.85
256	   96.00	   52.00	  116.00	   35.71	   23.38	  -12.15
257	   68.00	  133.00	   99.00	   43.75	  -19.06	   -4.36
258	  101.00	  169.00	  122.00	   55.95	  -22.77	    3.55
259	   18.00	   81.00	   50.00	   20.50	  -18.01	   -4.00
260	   95.00	  163.00	  161.00	   55.71	  -18.30	  -12.52
261	  216.00	  247.00	  174.00	   85.26	  -14.59	   20.69
262	  109.00	  120.00	  178.00	   52.97	    4.81	  -21.61
263	   59.00	  125.00	   88.00	   39.39	  -18.40	   -3.51
264	  103.00	  157.00	   89.00	   53.21	  -20.82	   13.96
265	  172.00	  107.00	  103.00	   56.51	   15.86	   20.65
266	  146.00	  186.00	  218.00	   69.77	   -6.07	  -19.99
267	  167.00	   98.00	  141.00	   55.56	   21.14	    4.66
268	   81.00	   67.00	   17.00	   30.31	    4.61	   25.00
269	   28.00	   83.00	   93.00	   25.31	   -8.62	  -20.38
270	  121.00	   89.00	  158.00	   49.45	   17.73	  -15.68
271	   82.00	  104.00	  151.00	   44.38	    2.66	  -22.01
272	  121.00	  139.00	  193.00	   57.74	    1.95	  -21.88
273	   74.00	    9.00	   70.00	   21.43	   32.97	   -3.70
274	  147.00	  214.00	  221.00	   73.40	  -15.68	  -16.92
275	  180.00	  126.00	  108.00	   60.86	   10.97	   23.33
276	    0.00	   65.00	   46.00	   11.65	  -19.08	  -10.99
277	  179.00	  175.00	  107.00	   67.87	   -6.15	   30.85
278	  115.00	  177.00	  105.00	   58.64	  -23.72	   14.22
279	  173.00	  250.00	  179.00	   80.21	  -26.34	    9.16
280	  125.00	  199.00	  183.00	   66.43	  -20.67	   -9.28
281	   92.00	  128.00	  164.00	   51.24	   -3.68	  -19.58
282	   61.00	   45.00	  114.00	   27.76	   19.83	  -21.87
283	  226.00	  150.00	  154.00	   73.91	   16.88	   19.76
284	  187.00	  215.00	  139.00	   76.07	  -15.65	   24.42
285	  180.00	  152.00	  229.00	   70.19	   14.02	  -20.01
286	   56.00	  127.00	  121.00	   41.12	  -17.41	  -17.31
287	   24.00	   77.00	    9.00	   20.89	  -17.08	   14.65
288	   75.00	   51.00	    7.00	   25.99	    9.03	   24.90
289	   32.00	  102.00	   91.00	   29.08	  -15.85	  -16.19
290	  196.00	  161.00	  120.00	   69.60	    3.53	   27.52
291	  132.00	   60.00	  102.00	   42.67	   25.28	    4.11
292	  225.00	  241.00	  162.00	   85.42	  -11.21	   26.71
293	   46.00	   24.00	   94.00	   21.42	   23.88	  -19.68
294	  125.00	   79.00	   53.00	   43.12	   12.31	   23.17
295	  141.00	  246.00	   73.00	   71.41	  -44.74	   44.96
296	   26.00	    0.00	    0.00	    5.88	   11.47	    4.44
297	   47.00	   11.00	   19.00	   12.81	   17.93	    4.85
298	   46.00	    5.00	  255.00	   30.84	   60.65	  -60.53
299	   61.00	  120.00	   14.00	   33.90	  -20.05	   30.38
300	   66.00	  133.00	   41.00	   39.42	  -23.31	   20.05
301	  228.00	   36.00	  193.00	   55.06	   63.72	   -3.85
302	  231.00	    6.00	  189.00	   48.40	   73.51	    1.36
303	  132.00	   93.00	   96.00	   46.64	   11.35	    9.91
304	  146.00	  120.00	   97.00	   53.97	    4.01	   17.97
305	   70.00	    5.00	    0.00	   15.32	   25.15	   17.49
306	   13.00	   68.00	  241.00	   28.92	   26.26	  -77.04
307	   65.00	    4.00	  181.00	   26.01	   48.37	  -38.00
308	   31.00	   90.00	  252.00	   35.99	   18.56	  -73.59
309	   66.00	  248.00	  235.00	   67.85	  -43.46	  -32.44
310	   87.00	  252.00	  213.00	   70.44	  -43.67	  -20.11
311	   36.00	  250.00	  223.00	   62.67	  -50.51	  -35.47
312	   51.00	  226.00	  211.00	   61.10	  -43.94	  -34.28
313	   29.00	   52.00	  208.00	   30.06	   27.66	  -64.04
314	  175.00	  110.00	   95.00	   57.27	   14.90	   25.17
315	  158.00	  255.00	    2.00	   73.88	  -33.74	   82.47
316	  171.00	  248.00	   29.00	   75.58	  -34.76	   74.18
317	  139.00	   25.00	  106.00	   37.19	   43.49	    2.32
318	  162.00	   11.00	  121.00	   39.29	   56.03	    3.93
319	  177.00	  179.00	   70.00	   67.10	   -9.18	   46.35
320	  177.00	  206.00	   85.00	   71.87	  -18.58	   43.22
321	  200.00	  143.00	  180.00	   69.74	   15.12	    3.22
322	  225.00	  146.00	  162.00	   73.40	   18.23	   15.45
323	    2.00	   39.00	  241.00	   23.24	   40.33	  -80.01
324	  244.00	    1.00	  240.00	   50.16	   78.67	   -7.09
325	  249.00	   20.00	  216.00	   53.92	   74.56	   -4.55
326	  239.00	   91.00	  168.00	   67.38	   40.08	   10.98
327	  254.00	   99.00	  194.00	   70.09	   44.33	    3.72
328	   56.00	   31.00	   41.00	   18.42	   13.55	    0.74
329	   86.00	  213.00	  213.00	   64.76	  -30.51	  -25.95
330	  111.00	  231.00	  209.00	   71.11	  -31.88	  -17.03
331	  164.00	  219.00	   20.00	   69.41	  -25.04	   71.84
332	  193.00	    8.00	  120.00	   43.65	   63.56	   13.30
333	  105.00	  111.00	  186.00	   51.77	    8.80	  -27.19
334	  138.00	   85.00	    4.00	   44.31	   14.84	   51.25
335	  146.00	   82.00	   34.00	   45.82	   15.97	   38.09
336	  136.00	  234.00	  116.00	   71.16	  -39.27	   24.62
337	  151.00	  211.00	  131.00	   70.60	  -24.26	   18.47
338	   46.00	  237.00	  156.00	   57.97	  -58.88	  -14.99
339	   58.00	  208.00	  155.00	   56.08	  -44.69	  -16.18
340	  206.00	  234.00	   54.00	   79.38	  -19.69	   66.85
341	  225.00	  210.00	   47.00	   78.73	   -6.31	   72.98
342	   55.00	  116.00	  102.00	   38.10	  -14.57	  -11.94
343	   58.00	  147.00	   98.00	   43.38	  -28.62	   -4.09
344	  200.00	   17.00	  170.00	   46.76	   64.09	   -1.51
345	  221.00	   21.00	  147.00	   51.24	   65.34	   11.78
346	   88.00	    5.00	  155.00	   28.20	   47.94	  -24.07
347	  103.00	   26.00	  173.00	   36.11	   44.81	  -28.85
348	  101.00	  139.00	  200.00	   55.38	   -1.38	  -29.10
349	  156.00	    0.00	   92.00	   36.17	   57.93	   10.65
350	  230.00	   78.00	   81.00	   62.19	   39.40	   40.85
351	  241.00	   84.00	  110.00	   65.38	   40.07	   34.81
352	  149.00	    1.00	    6.00	   32.78	   48.61	   33.94
353	  216.00	  150.00	  241.00	   73.46	   22.54	  -16.83
354	  224.00	  120.00	  247.00	   70.11	   35.81	  -20.33
355	   10.00	  162.00	  163.00	   36.08	  -33.67	  -39.58
356	   16.00	  132.00	  155.00	   33.78	  -23.08	  -39.48
357	    8.00	   39.00	  169.00	   19.39	   22.90	  -56.09
358	   13.00	   70.00	  165.00	   24.92	    7.57	  -52.63
359	  103.00	    5.00	  213.00	   33.89	   57.10	  -37.10
360	  255.00	  165.00	   79.00	   78.82	   16.03	   58.40
361	  134.00	    9.00	  218.00	   39.16	   59.85	  -30.14
362	  221.00	   57.00	  103.00	   56.81	   46.53	   28.92
363	   62.00	  182.00	   28.00	   46.14	  -43.68	   33.67
364	   80.00	  185.00	    2.00	   48.88	  -35.60	   50.96
365	   13.00	  231.00	   36.00	   44.18	  -79.68	   23.03
366	   36.00	  248.00	   50.00	   51.84	  -77.49	   28.60
367	   72.00	  175.00	  159.00	   53.54	  -29.05	  -16.62
368	   90.00	  171.00	  133.00	   55.23	  -25.39	   -3.34
369	   84.00	  210.00	  248.00	   65.19	  -22.91	  -38.30
370	    7.00	  102.00	  141.00	   24.58	  -13.01	  -40.08
371	  102.00	  189.00	  232.00	   64.90	  -14.79	  -31.61
372	  221.00	   88.00	   52.00	   61.77	   32.93	   51.71
373	  141.00	  220.00	  211.00	   73.48	  -21.50	  -13.40
374	  118.00	  248.00	  254.00	   75.04	  -28.51	  -29.81
375	  165.00	  178.00	  157.00	   67.43	   -5.73	    7.51
376	  150.00	  246.00	  255.00	   79.13	  -20.42	  -24.04
377	   91.00	  178.00	   68.00	   54.47	  -33.78	   23.47
378	  116.00	  180.00	   48.00	   57.79	  -28.13	   40.17
379	   59.00	   45.00	  199.00	   33.68	   33.57	  -51.79
380	   92.00	  152.00	   40.00	   48.23	  -23.99	   31.66
381	  112.00	  181.00	    3.00	   54.15	  -25.41	   59.07
382	  181.00	  141.00	  154.00	   64.28	    9.28	    8.12
383	  214.00	  166.00	  213.00	   75.38	   13.79	   -5.02
384	   59.00	   46.00	    0.00	   21.62	    5.74	   23.28
385	  237.00	  191.00	   72.00	   78.79	    2.97	   60.04
386	   16.00	   88.00	   36.00	   20.74	  -22.61	    2.16
387	   19.00	   84.00	   68.00	   21.65	  -15.77	  -11.99
388	  170.00	  194.00	   42.00	   67.11	  -16.53	   59.69
389	  123.00	  157.00	   22.00	   53.21	  -16.43	   52.29
390	  137.00	   68.00	  218.00	   50.97	   35.93	  -34.10
391	  167.00	   78.00	  210.00	   55.89	   36.08	  -22.41
392	   48.00	   90.00	   42.00	   27.20	  -10.83	    7.18
393	  131.00	  101.00	  203.00	   54.58	   19.80	  -27.47
394	  229.00	  200.00	  160.00	   80.21	    2.35	   24.27
395	  250.00	  176.00	  153.00	   80.08	   14.51	   27.91
396	  208.00	   42.00	   77.00	   51.75	   49.39	   34.60
397	  129.00	  182.00	   78.00	   59.90	  -24.10	   29.97
398	  129.00	  147.00	  135.00	   56.19	   -4.93	    2.70
399	  138.00	  157.00	  105.00	   58.38	   -9.74	   17.89
400	   52.00	   88.00	  119.00	   33.13	   -1.65	  -22.15
401	  120.00	   34.00	  146.00	   38.29	   40.64	  -15.28
402	  186.00	  141.00	   93.00	   63.89	    6.24	   33.60
403	   35.00	  214.00	   54.00	   48.15	  -67.74	   18.58
404	  247.00	  193.00	   29.00	   80.49	    5.32	   84.08
405	  254.00	  184.00	  185.00	   82.35	   14.89	   16.49
406	   77.00	  237.00	  185.00	   65.82	  -44.98	  -15.62
407	   58.00	  173.00	  124.00	   49.54	  -37.44	   -9.62
408	   81.00	   46.00	   99.00	   30.37	   21.03	  -10.81
409	  113.00	   48.00	  108.00	   36.64	   28.10	   -5.03
410	  178.00	  210.00	  155.00	   74.95	  -14.07	   15.61
411	  195.00	  230.00	  176.00	   80.17	  -14.26	   12.44
412	    3.00	  123.00	  115.00	   24.17	  -26.75	  -28.97
413	   89.00	   28.00	   34.00	   25.07	   24.08	   12.68
414	   25.00	   89.00	  208.00	   33.88	    9.39	  -63.24
415	   52.00	   74.00	  222.00	   39.33	   22.60	  -60.69
416	  139.00	  200.00	  173.00	   68.48	  -18.91	   -2.19
417	  151.00	  172.00	  188.00	   65.99	   -3.95	   -7.95
418	   38.00	  238.00	   14.00	   51.57	  -67.90	   43.54
419	  143.00	  195.00	    5.00	   62.15	  -20.19	   69.65
420	    7.00	  157.00	    8.00	   30.49	  -54.78	   21.90
421	   29.00	  131.00	    5.00	   30.30	  -36.00	   25.52
422	   36.00	  146.00	  189.00	   43.14	  -19.53	  -45.53
423	   69.00	  144.00	  180.00	   49.89	  -12.90	  -30.27
424	  227.00	  244.00	  221.00	   88.18	   -6.68	    4.73
425	  230.00	  232.00	  253.00	   87.03	    1.52	  -10.14
426	  186.00	   47.00	  242.00	   52.42	   56.79	  -30.42
427	  201.00	   19.00	  255.00	   49.40	   71.04	  -25.78
428	  207.00	  201.00	  190.00	   77.99	   -0.77	    6.70
429	    3.00	   84.00	  112.00	   18.30	  -11.57	  -32.90
430	   15.00	  168.00	  251.00	   43.68	  -18.72	  -67.23
431	   49.00	  165.00	  247.00	   51.44	  -14.05	  -56.71
432	  204.00	  110.00	  171.00	   65.01	   27.10	    4.07
433	   99.00	  186.00	  196.00	   61.40	  -20.45	  -20.22
434	  202.00	   57.00	  184.00	   55.61	   49.22	   -5.99
435	  140.00	   21.00	  250.00	   41.89	   61.75	  -39.58
436	  116.00	    8.00	   44.00	   28.12	   41.28	   14.83
437	  121.00	   36.00	   64.00	   34.11	   31.75	   12.90
438	  153.00	  118.00	  131.00	   55.47	    9.54	    6.17
439	   89.00	  121.00	  108.00	   45.12	   -7.73	   -3.74
440	  163.00	  179.00	  220.00	   71.15	    0.37	  -17.33
441	  181.00	  250.00	  151.00	   80.24	  -27.82	   22.41
442	  197.00	  133.00	  217.00	   69.59	   22.29	  -12.83
443	   72.00	   13.00	   76.00	   22.23	   31.93	   -6.42
444	   78.00	    0.00	  108.00	   23.08	   42.92	  -12.61
445	  146.00	  103.00	  162.00	   54.54	   16.85	   -8.72
446	  185.00	   33.00	    0.00	   45.14	   46.41	   58.57
447	  219.00	   33.00	    9.00	   51.53	   54.63	   65.79
448	  140.00	   33.00	  193.00	   42.92	   49.86	  -25.07
449	   73.00	   57.00	  169.00	   37.08	   24.86	  -36.77
450	  163.00	  241.00	  193.00	   77.53	  -24.35	    0.34
451	   28.00	  117.00	   77.00	   29.61	  -25.43	   -9.24
452	    8.00	  252.00	    1.00	   49.88	  -79.41	   40.38
453	  249.00	  153.00	  228.00	   77.45	   27.74	   -5.20
454	  106.00	  131.00	   70.00	   48.49	  -10.65	   19.12
455	  125.00	  215.00	   65.00	   63.99	  -38.25	   39.21
456	   49.00	   83.00	    7.00	   26.12	   -9.29	   23.18
457	    7.00	  190.00	  185.00	   41.14	  -41.67	  -43.18
458	  254.00	  110.00	  228.00	   72.39	   43.08	   -8.69
459	   89.00	  158.00	  246.00	   58.03	   -3.35	  -44.47
460	  119.00	  139.00	  242.00	   58.81	    7.88	  -39.86
461	  220.00	  116.00	  107.00	   66.29	   23.93	   33.08
462	  255.00	  120.00	  113.00	   73.12	   31.77	   39.28
463	  143.00	  192.00	  247.00	   69.05	   -5.21	  -30.04
464	  224.00	   21.00	  103.00	   50.97	   62.99	   27.95
465	   90.00	   64.00	   31.00	   32.06	    8.80	   19.31
466	    9.00	  193.00	    5.00	   38.14	  -66.58	   28.99
467	  164.00	   18.00	  166.00	   41.64	   56.80	   -8.98
468	   47.00	   61.00	   66.00	   23.42	    1.63	   -7.31
469	   44.00	   36.00	   99.00	   22.67	   18.67	  -22.27
470	   62.00	   26.00	  129.00	   26.35	   31.55	  -26.74
471	  165.00	   75.00	  252.00	   54.10	   43.24	  -38.03
472	  238.00	   57.00	  155.00	   61.04	   51.76	   13.31
473	    2.00	  170.00	  217.00	   38.97	  -24.44	  -59.02
474	   13.00	  251.00	  149.00	   49.58	  -70.55	  -19.65
475	   63.00	  181.00	  200.00	   54.86	  -26.82	  -33.74
476	  107.00	   87.00	   70.00	   40.47	    6.24	   12.19
477	  209.00	   93.00	  139.00	   61.99	   31.72	   15.43
478	  245.00	  140.00	  194.00	   75.14	   27.07	    6.63
479	   88.00	   76.00	  215.00	   45.92	   24.27	  -45.47
480	   54.00	  108.00	  157.00	   39.46	   -3.69	  -32.93
481	   82.00	   86.00	  148.00	   41.33	    9.75	  -23.19
482	   28.00	  178.00	   56.00	   39.57	  -55.39	    8.49
483	  206.00	   54.00	  137.00	   54.78	   46.46	   12.27
484	   15.00	  222.00	  204.00	   50.98	  -48.11	  -42.62
485	  177.00	  249.00	   81.00	   77.21	  -34.07	   50.14
486	   42.00	    6.00	  210.00	   25.30	   50.20	  -53.66
487	  204.00	  246.00	  108.00	   82.17	  -23.08	   44.56
488	  228.00	  219.00	  117.00	   81.96	   -6.64	   43.36
489	  173.00	    8.00	  233.00	   43.71	   67.24	  -24.76
490	   12.00	   39.00	  118.00	   16.24	   13.41	  -38.44
491	  244.00	  161.00	    9.00	   75.15	   15.05	   89.42
492	  249.00	  188.00	  111.00	   81.38	    8.90	   46.85
493	  254.00	  238.00	  195.00	   90.26	   -1.01	   20.15
494	    6.00	    2.00	  233.00	   22.58	   54.31	  -69.82
495	  252.00	  242.00	  157.00	   89.85	   -5.31	   37.24
496	  249.00	   43.00	   31.00	   59.27	   56.57	   66.25
497	   98.00	  246.00	   63.00	   63.34	  -59.04	   38.25
498	  124.00	  240.00	   35.00	   66.25	  -46.75	   57.15
499	   35.00	  187.00	   96.00	   45.97	  -53.28	   -5.34
500	  196.00	   71.00	    5.00	   53.51	   34.88	   66.42
501	  234.00	   79.00	    7.00	   61.93	   40.01	   77.29
502	  251.00	  254.00	  120.00	   91.76	  -10.45	   52.21
503	  211.00	  160.00	   70.00	   70.30	    6.58	   51.99
504	  204.00	   95.00	  212.00	   63.94	   35.29	  -13.25
505	   98.00	   56.00	  247.00	   42.69	   40.22	  -54.15
506	    1.00	  170.00	  105.00	   30.14	  -48.92	  -19.05
507	   32.00	    1.00	  131.00	   18.40	   38.06	  -33.28
508	   31.00	  223.00	  111.00	   49.74	  -66.32	   -5.49
509	  242.00	  237.00	   85.00	   86.47	   -8.19	   65.13
510	    3.00	  117.00	  189.00	   30.01	   -9.90	  -55.10
511	  186.00	  195.00	  250.00	   75.14	    2.28	  -22.85
512	  187.00	  229.00	  230.00	   79.15	  -10.89	  -10.47
513	  140.00	   68.00	  143.00	   47.22	   28.10	   -6.64
514	   97.00	  110.00	   31.00	   41.44	   -6.31	   30.31
515	  242.00	   83.00	  255.00	   66.30	   54.72	  -21.60
516	   19.00	  227.00	  251.00	   57.35	  -41.85	  -53.22
517	  254.00	    5.00	   19.00	   52.74	   75.36	   61.92
518	  170.00	   52.00	  119.00	   47.84	   38.51	    8.80
519	  182.00	  125.00	  254.00	   65.29	   27.40	  -30.88
520	    5.00	  235.00	   82.00	   40.25	  -78.97	    0.75
521	  109.00	  208.00	  146.00	   64.41	  -32.49	    2.76
522	   85.00	  105.00	  245.00	   49.77	   17.44	  -52.22
523	  200.00	  183.00	   15.00	   70.02	   -2.79	   78.52
524	  164.00	  136.00	    1.00	   55.49	    4.63	   67.11
525	  204.00	  121.00	    1.00	   61.69	   21.24	   77.80
526	   85.00	  223.00	   28.00	   57.53	  -52.11	   47.57
527	  180.00	  134.00	   42.00	   60.76	    6.39	   52.76
528	  231.00	    5.00	   59.00	   48.50	   69.21	   42.69
529	  162.00	   56.00	   71.00	   45.35	   31.74	   23.80
530	  198.00	  178.00	  118.00	   72.04	   -1.82	   31.38
531	   12.00	   42.00	   17.00	   10.70	   -8.84	    2.78
532	  255.00	  120.00	   61.00	   72.26	   31.65	   62.42
533	  251.00	  245.00	   25.00	   88.49	   -8.68	   95.79
534	  183.00	    6.00	   50.00	   41.65	   58.42	   30.34
535	   90.00	  255.00	  126.00	   64.96	  -60.22	   11.51
536	    9.00	    7.00	   66.00	    9.54	   18.48	  -20.27
END_DATA
