DESCRIPTOR	"Chart 400 Patches"
NUMBER_OF_FIELDS	5
BEGIN_DATA_FORMAT
SAMPLE_ID	SAMPLE_NAME	RGB_R	RGB_G	RGB_B	
END_DATA_FORMAT

NUMBER_OF_SETS	400
BEGIN_DATA
1	-	    0.00	    0.00	    0.00	
2	-	   42.50	    0.00	    0.00	
3	-	   85.00	    0.00	    0.00	
4	-	  127.50	    0.00	    0.00	
5	-	  170.00	    0.00	    0.00	
6	-	  212.50	    0.00	    0.00	
7	-	  255.00	    0.00	    0.00	
8	-	    0.00	   36.43	    0.00	
9	-	   42.50	   36.43	    0.00	
10	-	   85.00	   36.43	    0.00	
11	-	  127.50	   36.43	    0.00	
12	-	  170.00	   36.43	    0.00	
13	-	  212.50	   36.43	    0.00	
14	-	  255.00	   36.43	    0.00	
15	-	    0.00	   72.86	    0.00	
16	-	   42.50	   72.86	    0.00	
17	-	   85.00	   72.86	    0.00	
18	-	  127.50	   72.86	    0.00	
19	-	  170.00	   72.86	    0.00	
20	-	  212.50	   72.86	    0.00	
21	-	  255.00	   72.86	    0.00	
22	-	    0.00	  109.29	    0.00	
23	-	   42.50	  109.29	    0.00	
24	-	   85.00	  109.29	    0.00	
25	-	  127.50	  109.29	    0.00	
26	-	  170.00	  109.29	    0.00	
27	-	  212.50	  109.29	    0.00	
28	-	  255.00	  109.29	    0.00	
29	-	    0.00	  145.71	    0.00	
30	-	   42.50	  145.71	    0.00	
31	-	   85.00	  145.71	    0.00	
32	-	  127.50	  145.71	    0.00	
33	-	  170.00	  145.71	    0.00	
34	-	  212.50	  145.71	    0.00	
35	-	  255.00	  145.71	    0.00	
36	-	    0.00	  182.14	    0.00	
37	-	   42.50	  182.14	    0.00	
38	-	   85.00	  182.14	    0.00	
39	-	  127.50	  182.14	    0.00	
40	-	  170.00	  182.14	    0.00	
41	-	  212.50	  182.14	    0.00	
42	-	  255.00	  182.14	    0.00	
43	-	    0.00	  218.57	    0.00	
44	-	   42.50	  218.57	    0.00	
45	-	   85.00	  218.57	    0.00	
46	-	  127.50	  218.57	    0.00	
47	-	  170.00	  218.57	    0.00	
48	-	  212.50	  218.57	    0.00	
49	-	  255.00	  218.57	    0.00	
50	-	    0.00	  255.00	    0.00	
51	-	   42.50	  255.00	    0.00	
52	-	   85.00	  255.00	    0.00	
53	-	  127.50	  255.00	    0.00	
54	-	  170.00	  255.00	    0.00	
55	-	  212.50	  255.00	    0.00	
56	-	  255.00	  255.00	    0.00	
57	-	    0.00	    0.00	   42.50	
58	-	   42.50	    0.00	   42.50	
59	-	   85.00	    0.00	   42.50	
60	-	  127.50	    0.00	   42.50	
61	-	  170.00	    0.00	   42.50	
62	-	  212.50	    0.00	   42.50	
63	-	  255.00	    0.00	   42.50	
64	-	    0.00	   36.43	   42.50	
65	-	   42.50	   36.43	   42.50	
66	-	   85.00	   36.43	   42.50	
67	-	  127.50	   36.43	   42.50	
68	-	  170.00	   36.43	   42.50	
69	-	  212.50	   36.43	   42.50	
70	-	  255.00	   36.43	   42.50	
71	-	    0.00	   72.86	   42.50	
72	-	   42.50	   72.86	   42.50	
73	-	   85.00	   72.86	   42.50	
74	-	  127.50	   72.86	   42.50	
75	-	  170.00	   72.86	   42.50	
76	-	  212.50	   72.86	   42.50	
77	-	  255.00	   72.86	   42.50	
78	-	    0.00	  109.29	   42.50	
79	-	   42.50	  109.29	   42.50	
80	-	   85.00	  109.29	   42.50	
81	-	  127.50	  109.29	   42.50	
82	-	  170.00	  109.29	   42.50	
83	-	  212.50	  109.29	   42.50	
84	-	  255.00	  109.29	   42.50	
85	-	    0.00	  145.71	   42.50	
86	-	   42.50	  145.71	   42.50	
87	-	   85.00	  145.71	   42.50	
88	-	  127.50	  145.71	   42.50	
89	-	  170.00	  145.71	   42.50	
90	-	  212.50	  145.71	   42.50	
91	-	  255.00	  145.71	   42.50	
92	-	    0.00	  182.14	   42.50	
93	-	   42.50	  182.14	   42.50	
94	-	   85.00	  182.14	   42.50	
95	-	  127.50	  182.14	   42.50	
96	-	  170.00	  182.14	   42.50	
97	-	  212.50	  182.14	   42.50	
98	-	  255.00	  182.14	   42.50	
99	-	    0.00	  218.57	   42.50	
100	-	   42.50	  218.57	   42.50	
101	-	   85.00	  218.57	   42.50	
102	-	  127.50	  218.57	   42.50	
103	-	  170.00	  218.57	   42.50	
104	-	  212.50	  218.57	   42.50	
105	-	  255.00	  218.57	   42.50	
106	-	    0.00	  255.00	   42.50	
107	-	   42.50	  255.00	   42.50	
108	-	   85.00	  255.00	   42.50	
109	-	  127.50	  255.00	   42.50	
110	-	  170.00	  255.00	   42.50	
111	-	  212.50	  255.00	   42.50	
112	-	  255.00	  255.00	   42.50	
113	-	    0.00	    0.00	   85.00	
114	-	   42.50	    0.00	   85.00	
115	-	   85.00	    0.00	   85.00	
116	-	  127.50	    0.00	   85.00	
117	-	  170.00	    0.00	   85.00	
118	-	  212.50	    0.00	   85.00	
119	-	  255.00	    0.00	   85.00	
120	-	    0.00	   36.43	   85.00	
121	-	   42.50	   36.43	   85.00	
122	-	   85.00	   36.43	   85.00	
123	-	  127.50	   36.43	   85.00	
124	-	  170.00	   36.43	   85.00	
125	-	  212.50	   36.43	   85.00	
126	-	  255.00	   36.43	   85.00	
127	-	    0.00	   72.86	   85.00	
128	-	   42.50	   72.86	   85.00	
129	-	   85.00	   72.86	   85.00	
130	-	  127.50	   72.86	   85.00	
131	-	  170.00	   72.86	   85.00	
132	-	  212.50	   72.86	   85.00	
133	-	  255.00	   72.86	   85.00	
134	-	    0.00	  109.29	   85.00	
135	-	   42.50	  109.29	   85.00	
136	-	   85.00	  109.29	   85.00	
137	-	  127.50	  109.29	   85.00	
138	-	  170.00	  109.29	   85.00	
139	-	  212.50	  109.29	   85.00	
140	-	  255.00	  109.29	   85.00	
141	-	    0.00	  145.71	   85.00	
142	-	   42.50	  145.71	   85.00	
143	-	   85.00	  145.71	   85.00	
144	-	  127.50	  145.71	   85.00	
145	-	  170.00	  145.71	   85.00	
146	-	  212.50	  145.71	   85.00	
147	-	  255.00	  145.71	   85.00	
148	-	    0.00	  182.14	   85.00	
149	-	   42.50	  182.14	   85.00	
150	-	   85.00	  182.14	   85.00	
151	-	  127.50	  182.14	   85.00	
152	-	  170.00	  182.14	   85.00	
153	-	  212.50	  182.14	   85.00	
154	-	  255.00	  182.14	   85.00	
155	-	    0.00	  218.57	   85.00	
156	-	   42.50	  218.57	   85.00	
157	-	   85.00	  218.57	   85.00	
158	-	  127.50	  218.57	   85.00	
159	-	  170.00	  218.57	   85.00	
160	-	  212.50	  218.57	   85.00	
161	-	  255.00	  218.57	   85.00	
162	-	    0.00	  255.00	   85.00	
163	-	   42.50	  255.00	   85.00	
164	-	   85.00	  255.00	   85.00	
165	-	  127.50	  255.00	   85.00	
166	-	  170.00	  255.00	   85.00	
167	-	  212.50	  255.00	   85.00	
168	-	  255.00	  255.00	   85.00	
169	-	    0.00	    0.00	  127.50	
170	-	   42.50	    0.00	  127.50	
171	-	   85.00	    0.00	  127.50	
172	-	  127.50	    0.00	  127.50	
173	-	  170.00	    0.00	  127.50	
174	-	  212.50	    0.00	  127.50	
175	-	  255.00	    0.00	  127.50	
176	-	    0.00	   36.43	  127.50	
177	-	   42.50	   36.43	  127.50	
178	-	   85.00	   36.43	  127.50	
179	-	  127.50	   36.43	  127.50	
180	-	  170.00	   36.43	  127.50	
181	-	  212.50	   36.43	  127.50	
182	-	  255.00	   36.43	  127.50	
183	-	    0.00	   72.86	  127.50	
184	-	   42.50	   72.86	  127.50	
185	-	   85.00	   72.86	  127.50	
186	-	  127.50	   72.86	  127.50	
187	-	  170.00	   72.86	  127.50	
188	-	  212.50	   72.86	  127.50	
189	-	  255.00	   72.86	  127.50	
190	-	    0.00	  109.29	  127.50	
191	-	   42.50	  109.29	  127.50	
192	-	   85.00	  109.29	  127.50	
193	-	  127.50	  109.29	  127.50	
194	-	  170.00	  109.29	  127.50	
195	-	  212.50	  109.29	  127.50	
196	-	  255.00	  109.29	  127.50	
197	-	    0.00	  145.71	  127.50	
198	-	   42.50	  145.71	  127.50	
199	-	   85.00	  145.71	  127.50	
200	-	  127.50	  145.71	  127.50	
201	-	  170.00	  145.71	  127.50	
202	-	  212.50	  145.71	  127.50	
203	-	  255.00	  145.71	  127.50	
204	-	    0.00	  182.14	  127.50	
205	-	   42.50	  182.14	  127.50	
206	-	   85.00	  182.14	  127.50	
207	-	  127.50	  182.14	  127.50	
208	-	  170.00	  182.14	  127.50	
209	-	  212.50	  182.14	  127.50	
210	-	  255.00	  182.14	  127.50	
211	-	    0.00	  218.57	  127.50	
212	-	   42.50	  218.57	  127.50	
213	-	   85.00	  218.57	  127.50	
214	-	  127.50	  218.57	  127.50	
215	-	  170.00	  218.57	  127.50	
216	-	  212.50	  218.57	  127.50	
217	-	  255.00	  218.57	  127.50	
218	-	    0.00	  255.00	  127.50	
219	-	   42.50	  255.00	  127.50	
220	-	   85.00	  255.00	  127.50	
221	-	  127.50	  255.00	  127.50	
222	-	  170.00	  255.00	  127.50	
223	-	  212.50	  255.00	  127.50	
224	-	  255.00	  255.00	  127.50	
225	-	    0.00	    0.00	  170.00	
226	-	   42.50	    0.00	  170.00	
227	-	   85.00	    0.00	  170.00	
228	-	  127.50	    0.00	  170.00	
229	-	  170.00	    0.00	  170.00	
230	-	  212.50	    0.00	  170.00	
231	-	  255.00	    0.00	  170.00	
232	-	    0.00	   36.43	  170.00	
233	-	   42.50	   36.43	  170.00	
234	-	   85.00	   36.43	  170.00	
235	-	  127.50	   36.43	  170.00	
236	-	  170.00	   36.43	  170.00	
237	-	  212.50	   36.43	  170.00	
238	-	  255.00	   36.43	  170.00	
239	-	    0.00	   72.86	  170.00	
240	-	   42.50	   72.86	  170.00	
241	-	   85.00	   72.86	  170.00	
242	-	  127.50	   72.86	  170.00	
243	-	  170.00	   72.86	  170.00	
244	-	  212.50	   72.86	  170.00	
245	-	  255.00	   72.86	  170.00	
246	-	    0.00	  109.29	  170.00	
247	-	   42.50	  109.29	  170.00	
248	-	   85.00	  109.29	  170.00	
249	-	  127.50	  109.29	  170.00	
250	-	  170.00	  109.29	  170.00	
251	-	  212.50	  109.29	  170.00	
252	-	  255.00	  109.29	  170.00	
253	-	    0.00	  145.71	  170.00	
254	-	   42.50	  145.71	  170.00	
255	-	   85.00	  145.71	  170.00	
256	-	  127.50	  145.71	  170.00	
257	-	  170.00	  145.71	  170.00	
258	-	  212.50	  145.71	  170.00	
259	-	  255.00	  145.71	  170.00	
260	-	    0.00	  182.14	  170.00	
261	-	   42.50	  182.14	  170.00	
262	-	   85.00	  182.14	  170.00	
263	-	  127.50	  182.14	  170.00	
264	-	  170.00	  182.14	  170.00	
265	-	  212.50	  182.14	  170.00	
266	-	  255.00	  182.14	  170.00	
267	-	    0.00	  218.57	  170.00	
268	-	   42.50	  218.57	  170.00	
269	-	   85.00	  218.57	  170.00	
270	-	  127.50	  218.57	  170.00	
271	-	  170.00	  218.57	  170.00	
272	-	  212.50	  218.57	  170.00	
273	-	  255.00	  218.57	  170.00	
274	-	    0.00	  255.00	  170.00	
275	-	   42.50	  255.00	  170.00	
276	-	   85.00	  255.00	  170.00	
277	-	  127.50	  255.00	  170.00	
278	-	  170.00	  255.00	  170.00	
279	-	  212.50	  255.00	  170.00	
280	-	  255.00	  255.00	  170.00	
281	-	    0.00	    0.00	  212.50	
282	-	   42.50	    0.00	  212.50	
283	-	   85.00	    0.00	  212.50	
284	-	  127.50	    0.00	  212.50	
285	-	  170.00	    0.00	  212.50	
286	-	  212.50	    0.00	  212.50	
287	-	  255.00	    0.00	  212.50	
288	-	    0.00	   36.43	  212.50	
289	-	   42.50	   36.43	  212.50	
290	-	   85.00	   36.43	  212.50	
291	-	  127.50	   36.43	  212.50	
292	-	  170.00	   36.43	  212.50	
293	-	  212.50	   36.43	  212.50	
294	-	  255.00	   36.43	  212.50	
295	-	    0.00	   72.86	  212.50	
296	-	   42.50	   72.86	  212.50	
297	-	   85.00	   72.86	  212.50	
298	-	  127.50	   72.86	  212.50	
299	-	  170.00	   72.86	  212.50	
300	-	  212.50	   72.86	  212.50	
301	-	  255.00	   72.86	  212.50	
302	-	    0.00	  109.29	  212.50	
303	-	   42.50	  109.29	  212.50	
304	-	   85.00	  109.29	  212.50	
305	-	  127.50	  109.29	  212.50	
306	-	  170.00	  109.29	  212.50	
307	-	  212.50	  109.29	  212.50	
308	-	  255.00	  109.29	  212.50	
309	-	    0.00	  145.71	  212.50	
310	-	   42.50	  145.71	  212.50	
311	-	   85.00	  145.71	  212.50	
312	-	  127.50	  145.71	  212.50	
313	-	  170.00	  145.71	  212.50	
314	-	  212.50	  145.71	  212.50	
315	-	  255.00	  145.71	  212.50	
316	-	    0.00	  182.14	  212.50	
317	-	   42.50	  182.14	  212.50	
318	-	   85.00	  182.14	  212.50	
319	-	  127.50	  182.14	  212.50	
320	-	  170.00	  182.14	  212.50	
321	-	  212.50	  182.14	  212.50	
322	-	  255.00	  182.14	  212.50	
323	-	    0.00	  218.57	  212.50	
324	-	   42.50	  218.57	  212.50	
325	-	   85.00	  218.57	  212.50	
326	-	  127.50	  218.57	  212.50	
327	-	  170.00	  218.57	  212.50	
328	-	  212.50	  218.57	  212.50	
329	-	  255.00	  218.57	  212.50	
330	-	    0.00	  255.00	  212.50	
331	-	   42.50	  255.00	  212.50	
332	-	   85.00	  255.00	  212.50	
333	-	  127.50	  255.00	  212.50	
334	-	  170.00	  255.00	  212.50	
335	-	  212.50	  255.00	  212.50	
336	-	  255.00	  255.00	  212.50	
337	-	    0.00	    0.00	  255.00	
338	-	   42.50	    0.00	  255.00	
339	-	   85.00	    0.00	  255.00	
340	-	  127.50	    0.00	  255.00	
341	-	  170.00	    0.00	  255.00	
342	-	  212.50	    0.00	  255.00	
343	-	  255.00	    0.00	  255.00	
344	-	    0.00	   36.43	  255.00	
345	-	   42.50	   36.43	  255.00	
346	-	   85.00	   36.43	  255.00	
347	-	  127.50	   36.43	  255.00	
348	-	  170.00	   36.43	  255.00	
349	-	  212.50	   36.43	  255.00	
350	-	  255.00	   36.43	  255.00	
351	-	    0.00	   72.86	  255.00	
352	-	   42.50	   72.86	  255.00	
353	-	   85.00	   72.86	  255.00	
354	-	  127.50	   72.86	  255.00	
355	-	  170.00	   72.86	  255.00	
356	-	  212.50	   72.86	  255.00	
357	-	  255.00	   72.86	  255.00	
358	-	    0.00	  109.29	  255.00	
359	-	   42.50	  109.29	  255.00	
360	-	   85.00	  109.29	  255.00	
361	-	  127.50	  109.29	  255.00	
362	-	  170.00	  109.29	  255.00	
363	-	  212.50	  109.29	  255.00	
364	-	  255.00	  109.29	  255.00	
365	-	    0.00	  145.71	  255.00	
366	-	   42.50	  145.71	  255.00	
367	-	   85.00	  145.71	  255.00	
368	-	  127.50	  145.71	  255.00	
369	-	  170.00	  145.71	  255.00	
370	-	  212.50	  145.71	  255.00	
371	-	  255.00	  145.71	  255.00	
372	-	    0.00	  182.14	  255.00	
373	-	   42.50	  182.14	  255.00	
374	-	   85.00	  182.14	  255.00	
375	-	  127.50	  182.14	  255.00	
376	-	  170.00	  182.14	  255.00	
377	-	  212.50	  182.14	  255.00	
378	-	  255.00	  182.14	  255.00	
379	-	    0.00	  218.57	  255.00	
380	-	   42.50	  218.57	  255.00	
381	-	   85.00	  218.57	  255.00	
382	-	  127.50	  218.57	  255.00	
383	-	  170.00	  218.57	  255.00	
384	-	  212.50	  218.57	  255.00	
385	-	  255.00	  218.57	  255.00	
386	-	    0.00	  255.00	  255.00	
387	-	   42.50	  255.00	  255.00	
388	-	   85.00	  255.00	  255.00	
389	-	  127.50	  255.00	  255.00	
390	-	  170.00	  255.00	  255.00	
391	-	  212.50	  255.00	  255.00	
392	-	  255.00	  255.00	  255.00	
393	-	   85.00	   85.00	   85.00	
394	-	  170.00	  170.00	  170.00	
395	-	   85.00	    0.00	    0.00	
396	-	  170.00	    0.00	    0.00	
397	-	    0.00	   72.86	    0.00	
398	-	    0.00	  182.14	    0.00	
399	-	    0.00	    0.00	   85.00	
400	-	    0.00	    0.00	  170.00	
END_DATA
