NUMBER_OF_FIELDS 4
BEGIN_DATA_FORMAT
SAMPLE_ID RGB_R RGB_G RGB_B
END_DATA_FORMAT

NUMBER_OF_SETS 957
BEGIN_DATA
1    0.0000    0.0000    0.0000
2    0.0000    0.0000   36.0000
3    0.0000    0.0000   73.0000
4    0.0000    0.0000  109.0000
5    0.0000    0.0000  146.0000
6    0.0000    0.0000  182.0000
7    0.0000    0.0000  219.0000
8    0.0000    0.0000  255.0000
9    0.0000   36.0000    0.0000
10    0.0000   36.0000   36.0000
11    0.0000   36.0000   73.0000
12    0.0000   36.0000  109.0000
13    0.0000   36.0000  146.0000
14    0.0000   36.0000  182.0000
15    0.0000   36.0000  219.0000
16    0.0000   36.0000  255.0000
17    0.0000   73.0000    0.0000
18    0.0000   73.0000   36.0000
19    0.0000   73.0000   73.0000
20    0.0000   73.0000  109.0000
21    0.0000   73.0000  146.0000
22    0.0000   73.0000  182.0000
23    0.0000   73.0000  219.0000
24    0.0000   73.0000  255.0000
25    0.0000  109.0000    0.0000
26    0.0000  109.0000   36.0000
27    0.0000  109.0000   73.0000
28    0.0000  109.0000  109.0000
29    0.0000  109.0000  146.0000
30    0.0000  109.0000  182.0000
31    0.0000  109.0000  219.0000
32    0.0000  109.0000  255.0000
33    0.0000  146.0000    0.0000
34    0.0000  146.0000   36.0000
35    0.0000  146.0000   73.0000
36    0.0000  146.0000  109.0000
37    0.0000  146.0000  146.0000
38    0.0000  146.0000  182.0000
39    0.0000  146.0000  219.0000
40    0.0000  146.0000  255.0000
41    0.0000  182.0000    0.0000
42    0.0000  182.0000   36.0000
43    0.0000  182.0000   73.0000
44    0.0000  182.0000  109.0000
45    0.0000  182.0000  146.0000
46    0.0000  182.0000  182.0000
47    0.0000  182.0000  219.0000
48    0.0000  182.0000  255.0000
49    0.0000  219.0000    0.0000
50    0.0000  219.0000   36.0000
51    0.0000  219.0000   73.0000
52    0.0000  219.0000  109.0000
53    0.0000  219.0000  146.0000
54    0.0000  219.0000  182.0000
55    0.0000  219.0000  219.0000
56    0.0000  219.0000  255.0000
57    0.0000  255.0000    0.0000
58    0.0000  255.0000   36.0000
59    0.0000  255.0000   73.0000
60    0.0000  255.0000  109.0000
61    0.0000  255.0000  146.0000
62    0.0000  255.0000  182.0000
63    0.0000  255.0000  219.0000
64    0.0000  255.0000  255.0000
65   36.0000    0.0000    0.0000
66   36.0000    0.0000   36.0000
67   36.0000    0.0000   73.0000
68   36.0000    0.0000  109.0000
69   36.0000    0.0000  146.0000
70   36.0000    0.0000  182.0000
71   36.0000    0.0000  219.0000
72   36.0000    0.0000  255.0000
73   36.0000   36.0000    0.0000
74   36.0000   36.0000   36.0000
75   36.0000   36.0000   73.0000
76   36.0000   36.0000  109.0000
77   36.0000   36.0000  146.0000
78   36.0000   36.0000  182.0000
79   36.0000   36.0000  219.0000
80   36.0000   36.0000  255.0000
81   36.0000   73.0000    0.0000
82   36.0000   73.0000   36.0000
83   36.0000   73.0000   73.0000
84   36.0000   73.0000  109.0000
85   36.0000   73.0000  146.0000
86   36.0000   73.0000  182.0000
87   36.0000   73.0000  219.0000
88   36.0000   73.0000  255.0000
89   36.0000  109.0000    0.0000
90   36.0000  109.0000   36.0000
91   36.0000  109.0000   73.0000
92   36.0000  109.0000  109.0000
93   36.0000  109.0000  146.0000
94   36.0000  109.0000  182.0000
95   36.0000  109.0000  219.0000
96   36.0000  109.0000  255.0000
97   36.0000  146.0000    0.0000
98   36.0000  146.0000   36.0000
99   36.0000  146.0000   73.0000
100   36.0000  146.0000  109.0000
101   36.0000  146.0000  146.0000
102   36.0000  146.0000  182.0000
103   36.0000  146.0000  219.0000
104   36.0000  146.0000  255.0000
105   36.0000  182.0000    0.0000
106   36.0000  182.0000   36.0000
107   36.0000  182.0000   73.0000
108   36.0000  182.0000  109.0000
109   36.0000  182.0000  146.0000
110   36.0000  182.0000  182.0000
111   36.0000  182.0000  219.0000
112   36.0000  182.0000  255.0000
113   36.0000  219.0000    0.0000
114   36.0000  219.0000   36.0000
115   36.0000  219.0000   73.0000
116   36.0000  219.0000  109.0000
117   36.0000  219.0000  146.0000
118   36.0000  219.0000  182.0000
119   36.0000  219.0000  219.0000
120   36.0000  219.0000  255.0000
121   36.0000  255.0000    0.0000
122   36.0000  255.0000   36.0000
123   36.0000  255.0000   73.0000
124   36.0000  255.0000  109.0000
125   36.0000  255.0000  146.0000
126   36.0000  255.0000  182.0000
127   36.0000  255.0000  219.0000
128   36.0000  255.0000  255.0000
129   73.0000    0.0000    0.0000
130   73.0000    0.0000   36.0000
131   73.0000    0.0000   73.0000
132   73.0000    0.0000  109.0000
133   73.0000    0.0000  146.0000
134   73.0000    0.0000  182.0000
135   73.0000    0.0000  219.0000
136   73.0000    0.0000  255.0000
137   73.0000   36.0000    0.0000
138   73.0000   36.0000   36.0000
139   73.0000   36.0000   73.0000
140   73.0000   36.0000  109.0000
141   73.0000   36.0000  146.0000
142   73.0000   36.0000  182.0000
143   73.0000   36.0000  219.0000
144   73.0000   36.0000  255.0000
145   73.0000   73.0000    0.0000
146   73.0000   73.0000   36.0000
147   73.0000   73.0000   73.0000
148   73.0000   73.0000  109.0000
149   73.0000   73.0000  146.0000
150   73.0000   73.0000  182.0000
151   73.0000   73.0000  219.0000
152   73.0000   73.0000  255.0000
153   73.0000  109.0000    0.0000
154   73.0000  109.0000   36.0000
155   73.0000  109.0000   73.0000
156   73.0000  109.0000  109.0000
157   73.0000  109.0000  146.0000
158   73.0000  109.0000  182.0000
159   73.0000  109.0000  219.0000
160   73.0000  109.0000  255.0000
161   73.0000  146.0000    0.0000
162   73.0000  146.0000   36.0000
163   73.0000  146.0000   73.0000
164   73.0000  146.0000  109.0000
165   73.0000  146.0000  146.0000
166   73.0000  146.0000  182.0000
167   73.0000  146.0000  219.0000
168   73.0000  146.0000  255.0000
169   73.0000  182.0000    0.0000
170   73.0000  182.0000   36.0000
171   73.0000  182.0000   73.0000
172   73.0000  182.0000  109.0000
173   73.0000  182.0000  146.0000
174   73.0000  182.0000  182.0000
175   73.0000  182.0000  219.0000
176   73.0000  182.0000  255.0000
177   73.0000  219.0000    0.0000
178   73.0000  219.0000   36.0000
179   73.0000  219.0000   73.0000
180   73.0000  219.0000  109.0000
181   73.0000  219.0000  146.0000
182   73.0000  219.0000  182.0000
183   73.0000  219.0000  219.0000
184   73.0000  219.0000  255.0000
185   73.0000  255.0000    0.0000
186   73.0000  255.0000   36.0000
187   73.0000  255.0000   73.0000
188   73.0000  255.0000  109.0000
189   73.0000  255.0000  146.0000
190   73.0000  255.0000  182.0000
191   73.0000  255.0000  219.0000
192   73.0000  255.0000  255.0000
193  109.0000    0.0000    0.0000
194  109.0000    0.0000   36.0000
195  109.0000    0.0000   73.0000
196  109.0000    0.0000  109.0000
197  109.0000    0.0000  146.0000
198  109.0000    0.0000  182.0000
199  109.0000    0.0000  219.0000
200  109.0000    0.0000  255.0000
201  109.0000   36.0000    0.0000
202  109.0000   36.0000   36.0000
203  109.0000   36.0000   73.0000
204  109.0000   36.0000  109.0000
205  109.0000   36.0000  146.0000
206  109.0000   36.0000  182.0000
207  109.0000   36.0000  219.0000
208  109.0000   36.0000  255.0000
209  109.0000   73.0000    0.0000
210  109.0000   73.0000   36.0000
211  109.0000   73.0000   73.0000
212  109.0000   73.0000  109.0000
213  109.0000   73.0000  146.0000
214  109.0000   73.0000  182.0000
215  109.0000   73.0000  219.0000
216  109.0000   73.0000  255.0000
217  109.0000  109.0000    0.0000
218  109.0000  109.0000   36.0000
219  109.0000  109.0000   73.0000
220  109.0000  109.0000  109.0000
221  109.0000  109.0000  146.0000
222  109.0000  109.0000  182.0000
223  109.0000  109.0000  219.0000
224  109.0000  109.0000  255.0000
225  109.0000  146.0000    0.0000
226  109.0000  146.0000   36.0000
227  109.0000  146.0000   73.0000
228  109.0000  146.0000  109.0000
229  109.0000  146.0000  146.0000
230  109.0000  146.0000  182.0000
231  109.0000  146.0000  219.0000
232  109.0000  146.0000  255.0000
233  109.0000  182.0000    0.0000
234  109.0000  182.0000   36.0000
235  109.0000  182.0000   73.0000
236  109.0000  182.0000  109.0000
237  109.0000  182.0000  146.0000
238  109.0000  182.0000  182.0000
239  109.0000  182.0000  219.0000
240  109.0000  182.0000  255.0000
241  109.0000  219.0000    0.0000
242  109.0000  219.0000   36.0000
243  109.0000  219.0000   73.0000
244  109.0000  219.0000  109.0000
245  109.0000  219.0000  146.0000
246  109.0000  219.0000  182.0000
247  109.0000  219.0000  219.0000
248  109.0000  219.0000  255.0000
249  109.0000  255.0000    0.0000
250  109.0000  255.0000   36.0000
251  109.0000  255.0000   73.0000
252  109.0000  255.0000  109.0000
253  109.0000  255.0000  146.0000
254  109.0000  255.0000  182.0000
255  109.0000  255.0000  219.0000
256  109.0000  255.0000  255.0000
257  146.0000    0.0000    0.0000
258  146.0000    0.0000   36.0000
259  146.0000    0.0000   73.0000
260  146.0000    0.0000  109.0000
261  146.0000    0.0000  146.0000
262  146.0000    0.0000  182.0000
263  146.0000    0.0000  219.0000
264  146.0000    0.0000  255.0000
265  146.0000   36.0000    0.0000
266  146.0000   36.0000   36.0000
267  146.0000   36.0000   73.0000
268  146.0000   36.0000  109.0000
269  146.0000   36.0000  146.0000
270  146.0000   36.0000  182.0000
271  146.0000   36.0000  219.0000
272  146.0000   36.0000  255.0000
273  146.0000   73.0000    0.0000
274  146.0000   73.0000   36.0000
275  146.0000   73.0000   73.0000
276  146.0000   73.0000  109.0000
277  146.0000   73.0000  146.0000
278  146.0000   73.0000  182.0000
279  146.0000   73.0000  219.0000
280  146.0000   73.0000  255.0000
281  146.0000  109.0000    0.0000
282  146.0000  109.0000   36.0000
283  146.0000  109.0000   73.0000
284  146.0000  109.0000  109.0000
285  146.0000  109.0000  146.0000
286  146.0000  109.0000  182.0000
287  146.0000  109.0000  219.0000
288  146.0000  109.0000  255.0000
289  146.0000  146.0000    0.0000
290  146.0000  146.0000   36.0000
291  146.0000  146.0000   73.0000
292  146.0000  146.0000  109.0000
293  146.0000  146.0000  146.0000
294  146.0000  146.0000  182.0000
295  146.0000  146.0000  219.0000
296  146.0000  146.0000  255.0000
297  146.0000  182.0000    0.0000
298  146.0000  182.0000   36.0000
299  146.0000  182.0000   73.0000
300  146.0000  182.0000  109.0000
301  146.0000  182.0000  146.0000
302  146.0000  182.0000  182.0000
303  146.0000  182.0000  219.0000
304  146.0000  182.0000  255.0000
305  146.0000  219.0000    0.0000
306  146.0000  219.0000   36.0000
307  146.0000  219.0000   73.0000
308  146.0000  219.0000  109.0000
309  146.0000  219.0000  146.0000
310  146.0000  219.0000  182.0000
311  146.0000  219.0000  219.0000
312  146.0000  219.0000  255.0000
313  146.0000  255.0000    0.0000
314  146.0000  255.0000   36.0000
315  146.0000  255.0000   73.0000
316  146.0000  255.0000  109.0000
317  146.0000  255.0000  146.0000
318  146.0000  255.0000  182.0000
319  146.0000  255.0000  219.0000
320  146.0000  255.0000  255.0000
321  182.0000    0.0000    0.0000
322  182.0000    0.0000   36.0000
323  182.0000    0.0000   73.0000
324  182.0000    0.0000  109.0000
325  182.0000    0.0000  146.0000
326  182.0000    0.0000  182.0000
327  182.0000    0.0000  219.0000
328  182.0000    0.0000  255.0000
329  182.0000   36.0000    0.0000
330  182.0000   36.0000   36.0000
331  182.0000   36.0000   73.0000
332  182.0000   36.0000  109.0000
333  182.0000   36.0000  146.0000
334  182.0000   36.0000  182.0000
335  182.0000   36.0000  219.0000
336  182.0000   36.0000  255.0000
337  182.0000   73.0000    0.0000
338  182.0000   73.0000   36.0000
339  182.0000   73.0000   73.0000
340  182.0000   73.0000  109.0000
341  182.0000   73.0000  146.0000
342  182.0000   73.0000  182.0000
343  182.0000   73.0000  219.0000
344  182.0000   73.0000  255.0000
345  182.0000  109.0000    0.0000
346  182.0000  109.0000   36.0000
347  182.0000  109.0000   73.0000
348  182.0000  109.0000  109.0000
349  182.0000  109.0000  146.0000
350  182.0000  109.0000  182.0000
351  182.0000  109.0000  219.0000
352  182.0000  109.0000  255.0000
353  182.0000  146.0000    0.0000
354  182.0000  146.0000   36.0000
355  182.0000  146.0000   73.0000
356  182.0000  146.0000  109.0000
357  182.0000  146.0000  146.0000
358  182.0000  146.0000  182.0000
359  182.0000  146.0000  219.0000
360  182.0000  146.0000  255.0000
361  182.0000  182.0000    0.0000
362  182.0000  182.0000   36.0000
363  182.0000  182.0000   73.0000
364  182.0000  182.0000  109.0000
365  182.0000  182.0000  146.0000
366  182.0000  182.0000  182.0000
367  182.0000  182.0000  219.0000
368  182.0000  182.0000  255.0000
369  182.0000  219.0000    0.0000
370  182.0000  219.0000   36.0000
371  182.0000  219.0000   73.0000
372  182.0000  219.0000  109.0000
373  182.0000  219.0000  146.0000
374  182.0000  219.0000  182.0000
375  182.0000  219.0000  219.0000
376  182.0000  219.0000  255.0000
377  182.0000  255.0000    0.0000
378  182.0000  255.0000   36.0000
379  182.0000  255.0000   73.0000
380  182.0000  255.0000  109.0000
381  182.0000  255.0000  146.0000
382  182.0000  255.0000  182.0000
383  182.0000  255.0000  219.0000
384  182.0000  255.0000  255.0000
385  219.0000    0.0000    0.0000
386  219.0000    0.0000   36.0000
387  219.0000    0.0000   73.0000
388  219.0000    0.0000  109.0000
389  219.0000    0.0000  146.0000
390  219.0000    0.0000  182.0000
391  219.0000    0.0000  219.0000
392  219.0000    0.0000  255.0000
393  219.0000   36.0000    0.0000
394  219.0000   36.0000   36.0000
395  219.0000   36.0000   73.0000
396  219.0000   36.0000  109.0000
397  219.0000   36.0000  146.0000
398  219.0000   36.0000  182.0000
399  219.0000   36.0000  219.0000
400  219.0000   36.0000  255.0000
401  219.0000   73.0000    0.0000
402  219.0000   73.0000   36.0000
403  219.0000   73.0000   73.0000
404  219.0000   73.0000  109.0000
405  219.0000   73.0000  146.0000
406  219.0000   73.0000  182.0000
407  219.0000   73.0000  219.0000
408  219.0000   73.0000  255.0000
409  219.0000  109.0000    0.0000
410  219.0000  109.0000   36.0000
411  219.0000  109.0000   73.0000
412  219.0000  109.0000  109.0000
413  219.0000  109.0000  146.0000
414  219.0000  109.0000  182.0000
415  219.0000  109.0000  219.0000
416  219.0000  109.0000  255.0000
417  219.0000  146.0000    0.0000
418  219.0000  146.0000   36.0000
419  219.0000  146.0000   73.0000
420  219.0000  146.0000  109.0000
421  219.0000  146.0000  146.0000
422  219.0000  146.0000  182.0000
423  219.0000  146.0000  219.0000
424  219.0000  146.0000  255.0000
425  219.0000  182.0000    0.0000
426  219.0000  182.0000   36.0000
427  219.0000  182.0000   73.0000
428  219.0000  182.0000  109.0000
429  219.0000  182.0000  146.0000
430  219.0000  182.0000  182.0000
431  219.0000  182.0000  219.0000
432  219.0000  182.0000  255.0000
433  219.0000  219.0000    0.0000
434  219.0000  219.0000   36.0000
435  219.0000  219.0000   73.0000
436  219.0000  219.0000  109.0000
437  219.0000  219.0000  146.0000
438  219.0000  219.0000  182.0000
439  219.0000  219.0000  219.0000
440  219.0000  219.0000  255.0000
441  219.0000  255.0000    0.0000
442  219.0000  255.0000   36.0000
443  219.0000  255.0000   73.0000
444  219.0000  255.0000  109.0000
445  219.0000  255.0000  146.0000
446  219.0000  255.0000  182.0000
447  219.0000  255.0000  219.0000
448  219.0000  255.0000  255.0000
449  255.0000    0.0000    0.0000
450  255.0000    0.0000   36.0000
451  255.0000    0.0000   73.0000
452  255.0000    0.0000  109.0000
453  255.0000    0.0000  146.0000
454  255.0000    0.0000  182.0000
455  255.0000    0.0000  219.0000
456  255.0000    0.0000  255.0000
457  255.0000   36.0000    0.0000
458  255.0000   36.0000   36.0000
459  255.0000   36.0000   73.0000
460  255.0000   36.0000  109.0000
461  255.0000   36.0000  146.0000
462  255.0000   36.0000  182.0000
463  255.0000   36.0000  219.0000
464  255.0000   36.0000  255.0000
465  255.0000   73.0000    0.0000
466  255.0000   73.0000   36.0000
467  255.0000   73.0000   73.0000
468  255.0000   73.0000  109.0000
469  255.0000   73.0000  146.0000
470  255.0000   73.0000  182.0000
471  255.0000   73.0000  219.0000
472  255.0000   73.0000  255.0000
473  255.0000  109.0000    0.0000
474  255.0000  109.0000   36.0000
475  255.0000  109.0000   73.0000
476  255.0000  109.0000  109.0000
477  255.0000  109.0000  146.0000
478  255.0000  109.0000  182.0000
479  255.0000  109.0000  219.0000
480  255.0000  109.0000  255.0000
481  255.0000  146.0000    0.0000
482  255.0000  146.0000   36.0000
483  255.0000  146.0000   73.0000
484  255.0000  146.0000  109.0000
485  255.0000  146.0000  146.0000
486  255.0000  146.0000  182.0000
487  255.0000  146.0000  219.0000
488  255.0000  146.0000  255.0000
489  255.0000  182.0000    0.0000
490  255.0000  182.0000   36.0000
491  255.0000  182.0000   73.0000
492  255.0000  182.0000  109.0000
493  255.0000  182.0000  146.0000
494  255.0000  182.0000  182.0000
495  255.0000  182.0000  219.0000
496  255.0000  182.0000  255.0000
497  255.0000  219.0000    0.0000
498  255.0000  219.0000   36.0000
499  255.0000  219.0000   73.0000
500  255.0000  219.0000  109.0000
501  255.0000  219.0000  146.0000
502  255.0000  219.0000  182.0000
503  255.0000  219.0000  219.0000
504  255.0000  219.0000  255.0000
505  255.0000  255.0000    0.0000
506  255.0000  255.0000   36.0000
507  255.0000  255.0000   73.0000
508  255.0000  255.0000  109.0000
509  255.0000  255.0000  146.0000
510  255.0000  255.0000  182.0000
511  255.0000  255.0000  219.0000
512  255.0000  255.0000  255.0000
513   18.0000   18.0000   18.0000
514   18.0000   18.0000   55.0000
515   18.0000   18.0000   91.0000
516   18.0000   18.0000  128.0000
517   18.0000   18.0000  164.0000
518   18.0000   18.0000  200.0000
519   18.0000   18.0000  237.0000
520   18.0000   55.0000   18.0000
521   18.0000   55.0000   55.0000
522   18.0000   55.0000   91.0000
523   18.0000   55.0000  128.0000
524   18.0000   55.0000  164.0000
525   18.0000   55.0000  200.0000
526   18.0000   55.0000  237.0000
527   18.0000   91.0000   18.0000
528   18.0000   91.0000   55.0000
529   18.0000   91.0000   91.0000
530   18.0000   91.0000  128.0000
531   18.0000   91.0000  164.0000
532   18.0000   91.0000  200.0000
533   18.0000   91.0000  237.0000
534   18.0000  128.0000   18.0000
535   18.0000  128.0000   55.0000
536   18.0000  128.0000   91.0000
537   18.0000  128.0000  128.0000
538   18.0000  128.0000  164.0000
539   18.0000  128.0000  200.0000
540   18.0000  128.0000  237.0000
541   18.0000  164.0000   18.0000
542   18.0000  164.0000   55.0000
543   18.0000  164.0000   91.0000
544   18.0000  164.0000  128.0000
545   18.0000  164.0000  164.0000
546   18.0000  164.0000  200.0000
547   18.0000  164.0000  237.0000
548   18.0000  200.0000   18.0000
549   18.0000  200.0000   55.0000
550   18.0000  200.0000   91.0000
551   18.0000  200.0000  128.0000
552   18.0000  200.0000  164.0000
553   18.0000  200.0000  200.0000
554   18.0000  200.0000  237.0000
555   18.0000  237.0000   18.0000
556   18.0000  237.0000   55.0000
557   18.0000  237.0000   91.0000
558   18.0000  237.0000  128.0000
559   18.0000  237.0000  164.0000
560   18.0000  237.0000  200.0000
561   18.0000  237.0000  237.0000
562   55.0000   18.0000   18.0000
563   55.0000   18.0000   55.0000
564   55.0000   18.0000   91.0000
565   55.0000   18.0000  128.0000
566   55.0000   18.0000  164.0000
567   55.0000   18.0000  200.0000
568   55.0000   18.0000  237.0000
569   55.0000   55.0000   18.0000
570   55.0000   55.0000   55.0000
571   55.0000   55.0000   91.0000
572   55.0000   55.0000  128.0000
573   55.0000   55.0000  164.0000
574   55.0000   55.0000  200.0000
575   55.0000   55.0000  237.0000
576   55.0000   91.0000   18.0000
577   55.0000   91.0000   55.0000
578   55.0000   91.0000   91.0000
579   55.0000   91.0000  128.0000
580   55.0000   91.0000  164.0000
581   55.0000   91.0000  200.0000
582   55.0000   91.0000  237.0000
583   55.0000  128.0000   18.0000
584   55.0000  128.0000   55.0000
585   55.0000  128.0000   91.0000
586   55.0000  128.0000  128.0000
587   55.0000  128.0000  164.0000
588   55.0000  128.0000  200.0000
589   55.0000  128.0000  237.0000
590   55.0000  164.0000   18.0000
591   55.0000  164.0000   55.0000
592   55.0000  164.0000   91.0000
593   55.0000  164.0000  128.0000
594   55.0000  164.0000  164.0000
595   55.0000  164.0000  200.0000
596   55.0000  164.0000  237.0000
597   55.0000  200.0000   18.0000
598   55.0000  200.0000   55.0000
599   55.0000  200.0000   91.0000
600   55.0000  200.0000  128.0000
601   55.0000  200.0000  164.0000
602   55.0000  200.0000  200.0000
603   55.0000  200.0000  237.0000
604   55.0000  237.0000   18.0000
605   55.0000  237.0000   55.0000
606   55.0000  237.0000   91.0000
607   55.0000  237.0000  128.0000
608   55.0000  237.0000  164.0000
609   55.0000  237.0000  200.0000
610   55.0000  237.0000  237.0000
611   91.0000   18.0000   18.0000
612   91.0000   18.0000   55.0000
613   91.0000   18.0000   91.0000
614   91.0000   18.0000  128.0000
615   91.0000   18.0000  164.0000
616   91.0000   18.0000  200.0000
617   91.0000   18.0000  237.0000
618   91.0000   55.0000   18.0000
619   91.0000   55.0000   55.0000
620   91.0000   55.0000   91.0000
621   91.0000   55.0000  128.0000
622   91.0000   55.0000  164.0000
623   91.0000   55.0000  200.0000
624   91.0000   55.0000  237.0000
625   91.0000   91.0000   18.0000
626   91.0000   91.0000   55.0000
627   91.0000   91.0000   91.0000
628   91.0000   91.0000  128.0000
629   91.0000   91.0000  164.0000
630   91.0000   91.0000  200.0000
631   91.0000   91.0000  237.0000
632   91.0000  128.0000   18.0000
633   91.0000  128.0000   55.0000
634   91.0000  128.0000   91.0000
635   91.0000  128.0000  128.0000
636   91.0000  128.0000  164.0000
637   91.0000  128.0000  200.0000
638   91.0000  128.0000  237.0000
639   91.0000  164.0000   18.0000
640   91.0000  164.0000   55.0000
641   91.0000  164.0000   91.0000
642   91.0000  164.0000  128.0000
643   91.0000  164.0000  164.0000
644   91.0000  164.0000  200.0000
645   91.0000  164.0000  237.0000
646   91.0000  200.0000   18.0000
647   91.0000  200.0000   55.0000
648   91.0000  200.0000   91.0000
649   91.0000  200.0000  128.0000
650   91.0000  200.0000  164.0000
651   91.0000  200.0000  200.0000
652   91.0000  200.0000  237.0000
653   91.0000  237.0000   18.0000
654   91.0000  237.0000   55.0000
655   91.0000  237.0000   91.0000
656   91.0000  237.0000  128.0000
657   91.0000  237.0000  164.0000
658   91.0000  237.0000  200.0000
659   91.0000  237.0000  237.0000
660  128.0000   18.0000   18.0000
661  128.0000   18.0000   55.0000
662  128.0000   18.0000   91.0000
663  128.0000   18.0000  128.0000
664  128.0000   18.0000  164.0000
665  128.0000   18.0000  200.0000
666  128.0000   18.0000  237.0000
667  128.0000   55.0000   18.0000
668  128.0000   55.0000   55.0000
669  128.0000   55.0000   91.0000
670  128.0000   55.0000  128.0000
671  128.0000   55.0000  164.0000
672  128.0000   55.0000  200.0000
673  128.0000   55.0000  237.0000
674  128.0000   91.0000   18.0000
675  128.0000   91.0000   55.0000
676  128.0000   91.0000   91.0000
677  128.0000   91.0000  128.0000
678  128.0000   91.0000  164.0000
679  128.0000   91.0000  200.0000
680  128.0000   91.0000  237.0000
681  128.0000  128.0000   18.0000
682  128.0000  128.0000   55.0000
683  128.0000  128.0000   91.0000
684  128.0000  128.0000  128.0000
685  128.0000  128.0000  164.0000
686  128.0000  128.0000  200.0000
687  128.0000  128.0000  237.0000
688  128.0000  164.0000   18.0000
689  128.0000  164.0000   55.0000
690  128.0000  164.0000   91.0000
691  128.0000  164.0000  128.0000
692  128.0000  164.0000  164.0000
693  128.0000  164.0000  200.0000
694  128.0000  164.0000  237.0000
695  128.0000  200.0000   18.0000
696  128.0000  200.0000   55.0000
697  128.0000  200.0000   91.0000
698  128.0000  200.0000  128.0000
699  128.0000  200.0000  164.0000
700  128.0000  200.0000  200.0000
701  128.0000  200.0000  237.0000
702  128.0000  237.0000   18.0000
703  128.0000  237.0000   55.0000
704  128.0000  237.0000   91.0000
705  128.0000  237.0000  128.0000
706  128.0000  237.0000  164.0000
707  128.0000  237.0000  200.0000
708  128.0000  237.0000  237.0000
709  164.0000   18.0000   18.0000
710  164.0000   18.0000   55.0000
711  164.0000   18.0000   91.0000
712  164.0000   18.0000  128.0000
713  164.0000   18.0000  164.0000
714  164.0000   18.0000  200.0000
715  164.0000   18.0000  237.0000
716  164.0000   55.0000   18.0000
717  164.0000   55.0000   55.0000
718  164.0000   55.0000   91.0000
719  164.0000   55.0000  128.0000
720  164.0000   55.0000  164.0000
721  164.0000   55.0000  200.0000
722  164.0000   55.0000  237.0000
723  164.0000   91.0000   18.0000
724  164.0000   91.0000   55.0000
725  164.0000   91.0000   91.0000
726  164.0000   91.0000  128.0000
727  164.0000   91.0000  164.0000
728  164.0000   91.0000  200.0000
729  164.0000   91.0000  237.0000
730  164.0000  128.0000   18.0000
731  164.0000  128.0000   55.0000
732  164.0000  128.0000   91.0000
733  164.0000  128.0000  128.0000
734  164.0000  128.0000  164.0000
735  164.0000  128.0000  200.0000
736  164.0000  128.0000  237.0000
737  164.0000  164.0000   18.0000
738  164.0000  164.0000   55.0000
739  164.0000  164.0000   91.0000
740  164.0000  164.0000  128.0000
741  164.0000  164.0000  164.0000
742  164.0000  164.0000  200.0000
743  164.0000  164.0000  237.0000
744  164.0000  200.0000   18.0000
745  164.0000  200.0000   55.0000
746  164.0000  200.0000   91.0000
747  164.0000  200.0000  128.0000
748  164.0000  200.0000  164.0000
749  164.0000  200.0000  200.0000
750  164.0000  200.0000  237.0000
751  164.0000  237.0000   18.0000
752  164.0000  237.0000   55.0000
753  164.0000  237.0000   91.0000
754  164.0000  237.0000  128.0000
755  164.0000  237.0000  164.0000
756  164.0000  237.0000  200.0000
757  164.0000  237.0000  237.0000
758  200.0000   18.0000   18.0000
759  200.0000   18.0000   55.0000
760  200.0000   18.0000   91.0000
761  200.0000   18.0000  128.0000
762  200.0000   18.0000  164.0000
763  200.0000   18.0000  200.0000
764  200.0000   18.0000  237.0000
765  200.0000   55.0000   18.0000
766  200.0000   55.0000   55.0000
767  200.0000   55.0000   91.0000
768  200.0000   55.0000  128.0000
769  200.0000   55.0000  164.0000
770  200.0000   55.0000  200.0000
771  200.0000   55.0000  237.0000
772  200.0000   91.0000   18.0000
773  200.0000   91.0000   55.0000
774  200.0000   91.0000   91.0000
775  200.0000   91.0000  128.0000
776  200.0000   91.0000  164.0000
777  200.0000   91.0000  200.0000
778  200.0000   91.0000  237.0000
779  200.0000  128.0000   18.0000
780  200.0000  128.0000   55.0000
781  200.0000  128.0000   91.0000
782  200.0000  128.0000  128.0000
783  200.0000  128.0000  164.0000
784  200.0000  128.0000  200.0000
785  200.0000  128.0000  237.0000
786  200.0000  164.0000   18.0000
787  200.0000  164.0000   55.0000
788  200.0000  164.0000   91.0000
789  200.0000  164.0000  128.0000
790  200.0000  164.0000  164.0000
791  200.0000  164.0000  200.0000
792  200.0000  164.0000  237.0000
793  200.0000  200.0000   18.0000
794  200.0000  200.0000   55.0000
795  200.0000  200.0000   91.0000
796  200.0000  200.0000  128.0000
797  200.0000  200.0000  164.0000
798  200.0000  200.0000  200.0000
799  200.0000  200.0000  237.0000
800  200.0000  237.0000   18.0000
801  200.0000  237.0000   55.0000
802  200.0000  237.0000   91.0000
803  200.0000  237.0000  128.0000
804  200.0000  237.0000  164.0000
805  200.0000  237.0000  200.0000
806  200.0000  237.0000  237.0000
807  237.0000   18.0000   18.0000
808  237.0000   18.0000   55.0000
809  237.0000   18.0000   91.0000
810  237.0000   18.0000  128.0000
811  237.0000   18.0000  164.0000
812  237.0000   18.0000  200.0000
813  237.0000   18.0000  237.0000
814  237.0000   55.0000   18.0000
815  237.0000   55.0000   55.0000
816  237.0000   55.0000   91.0000
817  237.0000   55.0000  128.0000
818  237.0000   55.0000  164.0000
819  237.0000   55.0000  200.0000
820  237.0000   55.0000  237.0000
821  237.0000   91.0000   18.0000
822  237.0000   91.0000   55.0000
823  237.0000   91.0000   91.0000
824  237.0000   91.0000  128.0000
825  237.0000   91.0000  164.0000
826  237.0000   91.0000  200.0000
827  237.0000   91.0000  237.0000
828  237.0000  128.0000   18.0000
829  237.0000  128.0000   55.0000
830  237.0000  128.0000   91.0000
831  237.0000  128.0000  128.0000
832  237.0000  128.0000  164.0000
833  237.0000  128.0000  200.0000
834  237.0000  128.0000  237.0000
835  237.0000  164.0000   18.0000
836  237.0000  164.0000   55.0000
837  237.0000  164.0000   91.0000
838  237.0000  164.0000  128.0000
839  237.0000  164.0000  164.0000
840  237.0000  164.0000  200.0000
841  237.0000  164.0000  237.0000
842  237.0000  200.0000   18.0000
843  237.0000  200.0000   55.0000
844  237.0000  200.0000   91.0000
845  237.0000  200.0000  128.0000
846  237.0000  200.0000  164.0000
847  237.0000  200.0000  200.0000
848  237.0000  200.0000  237.0000
849  237.0000  237.0000   18.0000
850  237.0000  237.0000   55.0000
851  237.0000  237.0000   91.0000
852  237.0000  237.0000  128.0000
853  237.0000  237.0000  164.0000
854  237.0000  237.0000  200.0000
855  237.0000  237.0000  237.0000
856    8.0000    0.0000    0.0000
857    0.0000    8.0000    0.0000
858    0.0000    0.0000    8.0000
859   10.0000   10.0000   10.0000
860   18.0000    6.0000    6.0000
861    6.0000   18.0000    6.0000
862    6.0000    6.0000   18.0000
863   20.0000   20.0000   20.0000
864   28.0000   16.0000   16.0000
865   16.0000   28.0000   16.0000
866   16.0000   16.0000   28.0000
867   30.0000   30.0000   30.0000
868   38.0000   26.0000   26.0000
869   26.0000   38.0000   26.0000
870   26.0000   26.0000   38.0000
871   40.0000   40.0000   40.0000
872   48.0000   36.0000   36.0000
873   36.0000   48.0000   36.0000
874   36.0000   36.0000   48.0000
875   50.0000   50.0000   50.0000
876   58.0000   46.0000   46.0000
877   46.0000   58.0000   46.0000
878   46.0000   46.0000   58.0000
879   59.0000   59.0000   59.0000
880   67.0000   55.0000   55.0000
881   55.0000   67.0000   55.0000
882   55.0000   55.0000   67.0000
883   69.0000   69.0000   69.0000
884   77.0000   65.0000   65.0000
885   65.0000   77.0000   65.0000
886   65.0000   65.0000   77.0000
887   79.0000   79.0000   79.0000
888   87.0000   75.0000   75.0000
889   75.0000   87.0000   75.0000
890   75.0000   75.0000   87.0000
891   89.0000   89.0000   89.0000
892   97.0000   85.0000   85.0000
893   85.0000   97.0000   85.0000
894   85.0000   85.0000   97.0000
895   99.0000   99.0000   99.0000
896  107.0000   95.0000   95.0000
897   95.0000  107.0000   95.0000
898   95.0000   95.0000  107.0000
899  117.0000  105.0000  105.0000
900  105.0000  117.0000  105.0000
901  105.0000  105.0000  117.0000
902  119.0000  119.0000  119.0000
903  127.0000  115.0000  115.0000
904  115.0000  127.0000  115.0000
905  115.0000  115.0000  127.0000
906  129.0000  129.0000  129.0000
907  137.0000  125.0000  125.0000
908  125.0000  137.0000  125.0000
909  125.0000  125.0000  137.0000
910  139.0000  139.0000  139.0000
911  147.0000  135.0000  135.0000
912  135.0000  147.0000  135.0000
913  135.0000  135.0000  147.0000
914  149.0000  149.0000  149.0000
915  157.0000  145.0000  145.0000
916  145.0000  157.0000  145.0000
917  145.0000  145.0000  157.0000
918  158.0000  158.0000  158.0000
919  166.0000  154.0000  154.0000
920  154.0000  166.0000  154.0000
921  154.0000  154.0000  166.0000
922  168.0000  168.0000  168.0000
923  176.0000  164.0000  164.0000
924  164.0000  176.0000  164.0000
925  164.0000  164.0000  176.0000
926  178.0000  178.0000  178.0000
927  186.0000  174.0000  174.0000
928  174.0000  186.0000  174.0000
929  174.0000  174.0000  186.0000
930  188.0000  188.0000  188.0000
931  196.0000  184.0000  184.0000
932  184.0000  196.0000  184.0000
933  184.0000  184.0000  196.0000
934  198.0000  198.0000  198.0000
935  206.0000  194.0000  194.0000
936  194.0000  206.0000  194.0000
937  194.0000  194.0000  206.0000
938  208.0000  208.0000  208.0000
939  216.0000  204.0000  204.0000
940  204.0000  216.0000  204.0000
941  204.0000  204.0000  216.0000
942  218.0000  218.0000  218.0000
943  226.0000  214.0000  214.0000
944  214.0000  226.0000  214.0000
945  214.0000  214.0000  226.0000
946  228.0000  228.0000  228.0000
947  236.0000  224.0000  224.0000
948  224.0000  236.0000  224.0000
949  224.0000  224.0000  236.0000
950  238.0000  238.0000  238.0000
951  246.0000  234.0000  234.0000
952  234.0000  246.0000  234.0000
953  234.0000  234.0000  246.0000
954  248.0000  248.0000  248.0000
955  255.0000  244.0000  244.0000
956  244.0000  255.0000  244.0000
957  244.0000  244.0000  255.0000
END_DATA
