NUMBER_OF_FIELDS 4
BEGIN_DATA_FORMAT
SampleID	RGB_R	RGB_G	RGB_B
END_DATA_FORMAT

NUMBER_OF_SETS	1914
BEGIN_DATA
1	188.00	116.00	  0.00
2	  3.00	114.00	 97.00
3	110.00	100.00	 53.00
4	 48.00	 48.00	  0.00
5	105.00	 52.00	 48.00
6	 48.00	  0.00	111.00
7	 57.00	 53.00	 55.00
8	  0.00	244.00	  1.00
9	144.00	  1.00	189.00
10	  3.00	  0.00	  0.00
11	 42.00	255.00	 42.00
12	128.00	164.00	200.00
13	183.00	132.00	161.00
14	206.00	183.00	144.00
15	212.00	109.00	  0.00
16	255.00	 36.00	146.00
17	153.00	190.00	218.00
18	219.00	 73.00	 36.00
19	237.00	 91.00	200.00
20	200.00	 18.00	 91.00
21	146.00	 73.00	219.00
22	239.00	236.00	171.00
23	200.00	237.00	 18.00
24	128.00	128.00	237.00
25	 77.00	 65.00	 65.00
26	109.00	219.00	146.00
27	182.00	219.00	109.00
28	252.00	 57.00	153.00
29	 23.00	 79.00	 18.00
30	212.00	  0.00	255.00
31	255.00	 36.00	182.00
32	146.00	146.00	109.00
33	182.00	255.00	  0.00
34	146.00	182.00	109.00
35	124.00	 63.00	134.00
36	179.00	210.00	212.00
37	134.00	170.00	145.00
38	 73.00	255.00	219.00
39	154.00	166.00	154.00
40	157.00	212.00	151.00
41	 36.00	219.00	109.00
42	 42.00	182.00	212.00
43	 55.00	 55.00	 55.00
44	255.00	  0.00	  0.00
45	212.00	 36.00	170.00
46	  0.00	146.00	146.00
47	 73.00	  0.00	109.00
48	212.00	255.00	 42.00
49	219.00	  0.00	 36.00
50	 88.00	 39.00	 28.00
51	 55.00	164.00	200.00
52	 73.00	109.00	 73.00
53	174.00	128.00	143.00
54	 36.00	 36.00	255.00
55	114.00	 69.00	 81.00
56	 36.00	109.00	 36.00
57	 55.00	200.00	200.00
58	 30.00	 30.00	 30.00
59	189.00	152.00	101.00
60	223.00	 40.00	 40.00
61	230.00	230.00	230.00
62	 75.00	 64.00	 89.00
63	 85.00	145.00	 85.00
64	 73.00	  0.00	255.00
65	255.00	  0.00	 85.00
66	237.00	128.00	164.00
67	  6.00	101.00	146.00
68	162.00	150.00	114.00
69	  0.00	182.00	 42.00
70	156.00	141.00	239.00
71	200.00	164.00	164.00
72	146.00	 36.00	109.00
73	 36.00	219.00	182.00
74	128.00	172.00	166.00
75	248.00	 94.00	163.00
76	146.00	  0.00	146.00
77	 85.00	145.00	127.00
78	 42.00	145.00	127.00
79	219.00	255.00	182.00
80	 91.00	128.00	128.00
81	 62.00	 50.00	116.00
82	237.00	128.00	 91.00
83	 85.00	148.00	 89.00
84	147.00	 19.00	 75.00
85	 73.00	255.00	255.00
86	 36.00	  0.00	182.00
87	 73.00	182.00	 73.00
88	182.00	182.00	255.00
89	250.00	  3.00	 71.00
90	182.00	146.00	 36.00
91	127.00	182.00	255.00
92	 42.00	109.00	212.00
93	 85.00	182.00	127.00
94	219.00	255.00	 73.00
95	 36.00	146.00	182.00
96	255.00	 73.00	255.00
97	182.00	146.00	219.00
98	 10.00	 60.00	 18.00
99	242.00	213.00	 67.00
100	 73.00	146.00	109.00
101	164.00	 18.00	128.00
102	  0.00	219.00	109.00
103	 86.00	142.00	 35.00
104	 62.00	246.00	 79.00
105	255.00	255.00	109.00
106	219.00	182.00	 73.00
107	  0.00	 73.00	219.00
108	200.00	 18.00	128.00
109	  0.00	182.00	 73.00
110	 73.00	 36.00	146.00
111	 73.00	255.00	 36.00
112	212.00	182.00	255.00
113	118.00	182.00	 83.00
114	 76.00	138.00	129.00
115	  5.00	  5.00	  5.00
116	146.00	219.00	 73.00
117	219.00	 36.00	255.00
118	 18.00	 18.00	 91.00
119	226.00	166.00	173.00
120	169.00	192.00	246.00
121	 55.00	 91.00	164.00
122	109.00	 73.00	 36.00
123	200.00	164.00	 91.00
124	130.00	 99.00	 83.00
125	237.00	237.00	237.00
126	 18.00	 55.00	128.00
127	170.00	145.00	170.00
128	109.00	109.00	  0.00
129	 85.00	  0.00	255.00
130	 73.00	 36.00	 36.00
131	 18.00	200.00	164.00
132	 91.00	164.00	 55.00
133	 91.00	237.00	200.00
134	182.00	 73.00	219.00
135	164.00	 55.00	237.00
136	127.00	 36.00	212.00
137	182.00	219.00	 36.00
138	 85.00	255.00	212.00
139	  0.00	109.00	  0.00
140	255.00	219.00	219.00
141	109.00	182.00	255.00
142	219.00	 73.00	219.00
143	 42.00	218.00	  0.00
144	 84.00	 48.00	185.00
145	170.00	255.00	255.00
146	182.00	109.00	219.00
147	 26.00	133.00	 42.00
148	111.00	201.00	199.00
149	171.00	 80.00	 39.00
150	213.00	238.00	244.00
151	 42.00	255.00	255.00
152	255.00	 36.00	  0.00
153	 65.00	 65.00	 77.00
154	200.00	200.00	200.00
155	109.00	182.00	182.00
156	255.00	 36.00	 42.00
157	212.00	 36.00	255.00
158	  0.00	255.00	168.00
159	255.00	145.00	 42.00
160	  0.00	  0.00	 73.00
161	 37.00	 16.00	 56.00
162	238.00	238.00	238.00
163	212.00	145.00	  0.00
164	219.00	114.00	200.00
165	146.00	182.00	219.00
166	239.00	245.00	214.00
167	 93.00	 85.00	  1.00
168	 48.00	 32.00	153.00
169	242.00	 60.00	225.00
170	127.00	218.00	 85.00
171	 73.00	182.00	 36.00
172	109.00	219.00	109.00
173	188.00	188.00	188.00
174	252.00	150.00	237.00
175	 36.00	  0.00	 73.00
176	  0.00	 72.00	  0.00
177	 18.00	123.00	177.00
178	128.00	128.00	 91.00
179	146.00	 73.00	 73.00
180	  0.00	109.00	127.00
181	214.00	226.00	214.00
182	255.00	255.00	127.00
183	109.00	 36.00	 36.00
184	184.00	223.00	 42.00
185	127.00	  0.00	170.00
186	 40.00	 40.00	 40.00
187	182.00	 36.00	  0.00
188	146.00	 36.00	219.00
189	219.00	  0.00	109.00
190	 85.00	 72.00	255.00
191	 86.00	141.00	142.00
192	146.00	109.00	 73.00
193	154.00	181.00	162.00
194	 55.00	 91.00	 91.00
195	  4.00	  1.00	131.00
196	 38.00	 26.00	 26.00
197	 50.00	 65.00	 17.00
198	 42.00	109.00	 42.00
199	 55.00	164.00	237.00
200	209.00	169.00	187.00
201	 73.00	182.00	219.00
202	 58.00	137.00	 69.00
203	 85.00	 72.00	170.00
204	145.00	145.00	145.00
205	 55.00	200.00	 91.00
206	100.00	100.00	100.00
207	241.00	237.00	189.00
208	 85.00	182.00	212.00
209	219.00	219.00	255.00
210	 55.00	128.00	128.00
211	217.00	214.00	159.00
212	248.00	248.00	248.00
213	125.00	137.00	125.00
214	127.00	145.00	170.00
215	 55.00	 55.00	 55.00
216	255.00	182.00	219.00
217	 55.00	 18.00	 18.00
218	  3.00	117.00	227.00
219	 23.00	 54.00	 50.00
220	188.00	 31.00	 89.00
221	 48.00	 36.00	 36.00
222	 96.00	 16.00	255.00
223	200.00	 55.00	128.00
224	 36.00	219.00	 73.00
225	 65.00	129.00	121.00
226	130.00	 75.00	231.00
227	 18.00	128.00	 91.00
228	219.00	182.00	146.00
229	255.00	109.00	109.00
230	 73.00	255.00	  0.00
231	170.00	109.00	255.00
232	 85.00	255.00	  0.00
233	238.00	220.00	249.00
234	  0.00	255.00	 73.00
235	215.00	 78.00	218.00
236	247.00	126.00	109.00
237	170.00	218.00	255.00
238	  0.00	  0.00	  0.00
239	219.00	  0.00	 73.00
240	255.00	  0.00	 73.00
241	145.00	156.00	 92.00
242	 26.00	 26.00	 38.00
243	 67.00	 55.00	 55.00
244	  0.00	 36.00	 73.00
245	255.00	  0.00	 42.00
246	237.00	 55.00	 55.00
247	 73.00	146.00	146.00
248	 89.00	150.00	  1.00
249	146.00	255.00	219.00
250	212.00	182.00	 42.00
251	 18.00	 91.00	 55.00
252	244.00	244.00	255.00
253	109.00	109.00	219.00
254	  0.00	145.00	170.00
255	255.00	255.00	255.00
256	 97.00	 85.00	 85.00
257	140.00	140.00	140.00
258	220.00	154.00	155.00
259	 36.00	 90.00	 92.00
260	 91.00	 18.00	237.00
261	 36.00	182.00	219.00
262	  0.00	109.00	255.00
263	128.00	200.00	164.00
264	186.00	182.00	131.00
265	237.00	 18.00	 18.00
266	  6.00	  6.00	 18.00
267	108.00	117.00	 83.00
268	255.00	255.00	170.00
269	255.00	 36.00	127.00
270	 91.00	200.00	128.00
271	146.00	  0.00	219.00
272	127.00	109.00	127.00
273	200.00	200.00	164.00
274	  9.00	 68.00	217.00
275	255.00	146.00	146.00
276	255.00	255.00	  0.00
277	170.00	 36.00	212.00
278	174.00	174.00	186.00
279	216.00	204.00	204.00
280	188.00	 22.00	206.00
281	255.00	 36.00	 85.00
282	128.00	164.00	 91.00
283	 85.00	255.00	 42.00
284	  0.00	  0.00	109.00
285	 73.00	219.00	146.00
286	 20.00	223.00	  9.00
287	  0.00	182.00	219.00
288	 27.00	147.00	255.00
289	237.00	 91.00	 91.00
290	 73.00	 36.00	219.00
291	241.00	 10.00	123.00
292	251.00	204.00	229.00
293	 26.00	 38.00	 26.00
294	170.00	182.00	 85.00
295	  0.00	182.00	  0.00
296	120.00	120.00	120.00
297	  0.00	 73.00	255.00
298	200.00	200.00	 55.00
299	212.00	218.00	  0.00
300	127.00	  0.00	127.00
301	127.00	255.00	170.00
302	255.00	219.00	146.00
303	  0.00	  0.00	182.00
304	168.00	 34.00	  3.00
305	128.00	237.00	200.00
306	120.00	129.00	185.00
307	 73.00	219.00	182.00
308	 73.00	182.00	109.00
309	128.00	 18.00	237.00
310	127.00	109.00	 42.00
311	177.00	148.00	131.00
312	 94.00	214.00	156.00
313	100.00	250.00	201.00
314	185.00	119.00	241.00
315	 58.00	  1.00	134.00
316	 55.00	 18.00	128.00
317	125.00	 49.00	 81.00
318	219.00	182.00	255.00
319	127.00	109.00	  0.00
320	255.00	255.00	212.00
321	200.00	 55.00	 91.00
322	255.00	 36.00	212.00
323	255.00	 73.00	  0.00
324	 28.00	 16.00	 16.00
325	 42.00	182.00	 42.00
326	109.00	219.00	  0.00
327	200.00	199.00	122.00
328	182.00	182.00	146.00
329	255.00	146.00	219.00
330	 36.00	 36.00	146.00
331	160.00	 97.00	231.00
332	219.00	109.00	182.00
333	 63.00	  1.00	 31.00
334	255.00	 73.00	109.00
335	182.00	 73.00	255.00
336	 20.00	177.00	 18.00
337	 85.00	 36.00	170.00
338	 42.00	 36.00	255.00
339	164.00	 91.00	200.00
340	 36.00	 73.00	109.00
341	 55.00	128.00	 18.00
342	  0.00	  0.00	  0.00
343	  0.00	255.00	 42.00
344	200.00	 91.00	164.00
345	212.00	145.00	 42.00
346	128.00	128.00	200.00
347	219.00	146.00	 36.00
348	200.00	128.00	128.00
349	 49.00	  0.00	 59.00
350	 73.00	219.00	 73.00
351	 36.00	 36.00	  0.00
352	 73.00	 73.00	 36.00
353	182.00	146.00	109.00
354	  0.00	  0.00	127.00
355	161.00	208.00	168.00
356	249.00	201.00	185.00
357	  0.00	  0.00	170.00
358	237.00	 91.00	 18.00
359	255.00	109.00	255.00
360	 42.00	218.00	 85.00
361	216.00	177.00	228.00
362	 55.00	 55.00	128.00
363	170.00	182.00	212.00
364	 55.00	128.00	164.00
365	153.00	254.00	 77.00
366	 95.00	 95.00	107.00
367	170.00	109.00	170.00
368	212.00	 72.00	255.00
369	108.00	131.00	103.00
370	 66.00	119.00	103.00
371	  0.00	 36.00	 36.00
372	146.00	 73.00	109.00
373	219.00	146.00	219.00
374	 55.00	 18.00	237.00
375	164.00	164.00	176.00
376	114.00	182.00	163.00
377	 18.00	164.00	200.00
378	200.00	 91.00	 91.00
379	248.00	252.00	 13.00
380	  0.00	 36.00	255.00
381	 42.00	109.00	255.00
382	170.00	218.00	 42.00
383	164.00	237.00	164.00
384	 85.00	218.00	170.00
385	 73.00	 73.00	  0.00
386	219.00	219.00	182.00
387	 18.00	 18.00	 18.00
388	172.00	205.00	183.00
389	109.00	146.00	182.00
390	 47.00	 60.00	 55.00
391	 42.00	 72.00	127.00
392	146.00	146.00	255.00
393	170.00	  6.00	182.00
394	219.00	 36.00	109.00
395	237.00	 18.00	200.00
396	 75.00	 87.00	 75.00
397	 73.00	146.00	182.00
398	 73.00	255.00	 73.00
399	 20.00	 20.00	 20.00
400	 70.00	 34.00	 63.00
401	  0.00	109.00	 85.00
402	 42.00	 72.00	 85.00
403	 70.00	101.00	117.00
404	234.00	246.00	234.00
405	 76.00	108.00	 78.00
406	212.00	218.00	127.00
407	219.00	146.00	109.00
408	242.00	127.00	147.00
409	109.00	146.00	219.00
410	237.00	 18.00	 55.00
411	  0.00	  0.00	 85.00
412	 14.00	 76.00	176.00
413	 80.00	 63.00	 82.00
414	237.00	164.00	164.00
415	156.00	171.00	 79.00
416	  0.00	 36.00	  0.00
417	164.00	 55.00	200.00
418	159.00	 33.00	255.00
419	111.00	241.00	111.00
420	109.00	  0.00	109.00
421	 91.00	 18.00	 18.00
422	182.00	 36.00	 73.00
423	 42.00	218.00	170.00
424	 85.00	145.00	212.00
425	  0.00	219.00	  0.00
426	219.00	109.00	  0.00
427	234.00	234.00	246.00
428	146.00	 73.00	146.00
429	 97.00	 54.00	 74.00
430	106.00	 61.00	 42.00
431	255.00	218.00	127.00
432	 22.00	255.00	 61.00
433	182.00	219.00	182.00
434	109.00	219.00	 36.00
435	127.00	 36.00	255.00
436	128.00	237.00	 91.00
437	  0.00	255.00	170.00
438	  0.00	182.00	170.00
439	 30.00	116.00	 11.00
440	212.00	  0.00	127.00
441	255.00	109.00	127.00
442	109.00	 73.00	182.00
443	237.00	234.00	236.00
444	 46.00	 58.00	 46.00
445	219.00	146.00	146.00
446	134.00	117.00	114.00
447	 42.00	218.00	212.00
448	182.00	 36.00	109.00
449	135.00	135.00	147.00
450	228.00	228.00	228.00
451	139.00	 70.00	115.00
452	224.00	224.00	236.00
453	164.00	 55.00	 91.00
454	146.00	  0.00	 36.00
455	175.00	204.00	143.00
456	220.00	 43.00	159.00
457	127.00	 72.00	255.00
458	117.00	184.00	116.00
459	 55.00	128.00	237.00
460	 85.00	218.00	127.00
461	  0.00	146.00	182.00
462	128.00	 18.00	 91.00
463	255.00	109.00	146.00
464	170.00	109.00	127.00
465	  0.00	255.00	212.00
466	146.00	  0.00	255.00
467	219.00	219.00	 73.00
468	128.00	164.00	128.00
469	  6.00	170.00	 97.00
470	202.00	249.00	223.00
471	127.00	 36.00	127.00
472	 91.00	164.00	200.00
473	237.00	 55.00	 18.00
474	255.00	145.00	212.00
475	 85.00	145.00	 42.00
476	255.00	  0.00	182.00
477	  3.00	220.00	173.00
478	128.00	200.00	237.00
479	182.00	  0.00	182.00
480	182.00	 73.00	 36.00
481	164.00	 91.00	 91.00
482	 91.00	 91.00	164.00
483	157.00	251.00	 24.00
484	212.00	218.00	 85.00
485	170.00	255.00	127.00
486	200.00	 18.00	 55.00
487	128.00	 18.00	164.00
488	127.00	182.00	170.00
489	 42.00	182.00	 85.00
490	127.00	218.00	 42.00
491	 42.00	109.00	  0.00
492	255.00	 72.00	255.00
493	222.00	252.00	 41.00
494	109.00	182.00	 36.00
495	  0.00	145.00	127.00
496	 20.00	 20.00	 20.00
497	164.00	 91.00	 55.00
498	219.00	 36.00	146.00
499	182.00	 73.00	146.00
500	174.00	231.00	211.00
501	 86.00	101.00	104.00
502	 36.00	146.00	 36.00
503	 15.00	 15.00	 15.00
504	 36.00	182.00	255.00
505	255.00	219.00	255.00
506	 26.00	203.00	237.00
507	 10.00	  5.00	225.00
508	105.00	105.00	117.00
509	 73.00	255.00	109.00
510	161.00	149.00	130.00
511	  0.00	 36.00	212.00
512	 36.00	  0.00	219.00
513	200.00	164.00	128.00
514	 91.00	237.00	237.00
515	 85.00	  0.00	  0.00
516	146.00	  0.00	 73.00
517	109.00	  0.00	  0.00
518	110.00	149.00	194.00
519	 18.00	 55.00	200.00
520	237.00	237.00	164.00
521	200.00	128.00	 18.00
522	 36.00	146.00	109.00
523	  0.00	182.00	255.00
524	 36.00	182.00	  0.00
525	170.00	  0.00	212.00
526	133.00	 36.00	130.00
527	253.00	 14.00	 19.00
528	246.00	234.00	234.00
529	240.00	240.00	240.00
530	 75.00	  1.00	 51.00
531	111.00	 79.00	 44.00
532	250.00	250.00	250.00
533	188.00	 60.00	 59.00
534	212.00	182.00	170.00
535	255.00	218.00	212.00
536	219.00	255.00	  0.00
537	 55.00	128.00	200.00
538	 98.00	 88.00	 51.00
539	 40.00	 40.00	 40.00
540	164.00	164.00	 18.00
541	219.00	 36.00	219.00
542	237.00	200.00	 91.00
543	 11.00	241.00	 99.00
544	182.00	 73.00	109.00
545	158.00	156.00	 37.00
546	 55.00	200.00	164.00
547	146.00	255.00	109.00
548	 85.00	 72.00	 85.00
549	130.00	130.00	130.00
550	 94.00	107.00	163.00
551	  0.00	 36.00	255.00
552	200.00	 91.00	128.00
553	255.00	 36.00	 73.00
554	156.00	114.00	124.00
555	 73.00	  0.00	 73.00
556	 42.00	 36.00	 85.00
557	  0.00	 36.00	127.00
558	 36.00	  0.00	109.00
559	219.00	236.00	190.00
560	210.00	210.00	210.00
561	128.00	237.00	 55.00
562	 85.00	 85.00	 85.00
563	 85.00	182.00	 85.00
564	109.00	255.00	109.00
565	  0.00	  0.00	212.00
566	118.00	 50.00	 84.00
567	 40.00	 77.00	 88.00
568	 16.00	 16.00	 28.00
569	200.00	 55.00	200.00
570	164.00	128.00	 55.00
571	 55.00	200.00	 55.00
572	255.00	  0.00	255.00
573	255.00	233.00	193.00
574	  0.00	 73.00	 36.00
575	200.00	 18.00	237.00
576	237.00	 18.00	164.00
577	242.00	 67.00	112.00
578	115.00	  4.00	231.00
579	171.00	236.00	162.00
580	 36.00	 73.00	255.00
581	  0.00	 36.00	109.00
582	 36.00	255.00	  0.00
583	 34.00	253.00	250.00
584	 36.00	219.00	255.00
585	255.00	219.00	 73.00
586	109.00	146.00	 73.00
587	180.00	180.00	180.00
588	127.00	182.00	  0.00
589	128.00	 55.00	237.00
590	255.00	 73.00	182.00
591	200.00	215.00	169.00
592	164.00	 55.00	 18.00
593	127.00	115.00	115.00
594	219.00	 68.00	251.00
595	146.00	109.00	255.00
596	 69.00	 69.00	 69.00
597	 86.00	 93.00	 49.00
598	 18.00	 91.00	164.00
599	202.00	146.00	140.00
600	156.00	158.00	154.00
601	124.00	 80.00	116.00
602	255.00	182.00	 85.00
603	237.00	 55.00	 91.00
604	 85.00	 36.00	127.00
605	146.00	 36.00	  0.00
606	157.00	150.00	167.00
607	255.00	145.00	  0.00
608	 94.00	 87.00	144.00
609	  0.00	 72.00	170.00
610	127.00	  0.00	212.00
611	255.00	219.00	  0.00
612	237.00	128.00	200.00
613	128.00	128.00	 55.00
614	 85.00	255.00	255.00
615	 51.00	 71.00	 65.00
616	128.00	128.00	164.00
617	231.00	205.00	168.00
618	109.00	109.00	146.00
619	  0.00	255.00	146.00
620	 73.00	 36.00	109.00
621	164.00	 18.00	 55.00
622	255.00	 72.00	 85.00
623	164.00	 18.00	 91.00
624	 73.00	 36.00	255.00
625	255.00	 36.00	  0.00
626	 42.00	 72.00	212.00
627	 67.00	238.00	147.00
628	 18.00	164.00	 91.00
629	 91.00	 91.00	237.00
630	  3.00	 43.00	242.00
631	 73.00	  0.00	219.00
632	127.00	 36.00	 85.00
633	120.00	122.00	168.00
634	  0.00	109.00	182.00
635	  0.00	146.00	  0.00
636	 85.00	218.00	212.00
637	 36.00	109.00	219.00
638	128.00	 55.00	164.00
639	237.00	 91.00	237.00
640	244.00	234.00	255.00
641	200.00	128.00	 55.00
642	 18.00	 55.00	 91.00
643	212.00	 72.00	170.00
644	  0.00	219.00	 73.00
645	  0.00	109.00	170.00
646	182.00	182.00	 36.00
647	212.00	182.00	 85.00
648	127.00	 72.00	 85.00
649	212.00	109.00	127.00
650	 25.00	 27.00	 68.00
651	 20.00	102.00	 55.00
652	 42.00	 36.00	170.00
653	 53.00	 42.00	 41.00
654	182.00	  0.00	 36.00
655	 55.00	164.00	128.00
656	170.00	144.00	162.00
657	 85.00	109.00	 85.00
658	  0.00	100.00	 86.00
659	 55.00	 18.00	 91.00
660	109.00	  0.00	 73.00
661	255.00	145.00	 85.00
662	255.00	 73.00	 73.00
663	 42.00	182.00	170.00
664	195.00	195.00	 78.00
665	 85.00	182.00	  0.00
666	200.00	164.00	237.00
667	226.00	214.00	214.00
668	204.00	216.00	204.00
669	105.00	117.00	105.00
670	135.00	147.00	135.00
671	164.00	164.00	 91.00
672	113.00	 98.00	 98.00
673	219.00	 73.00	182.00
674	200.00	 91.00	 55.00
675	 18.00	 18.00	 55.00
676	182.00	 36.00	182.00
677	  0.00	255.00	255.00
678	212.00	109.00	212.00
679	109.00	 73.00	 73.00
680	170.00	 36.00	 42.00
681	  0.00	182.00	127.00
682	127.00	109.00	170.00
683	141.00	 29.00	227.00
684	 36.00	146.00	146.00
685	132.00	199.00	180.00
686	 35.00	 35.00	 35.00
687	200.00	237.00	 91.00
688	187.00	207.00	252.00
689	170.00	182.00	 42.00
690	 36.00	 73.00	 73.00
691	178.00	178.00	178.00
692	237.00	200.00	200.00
693	  0.00	  0.00	170.00
694	 32.00	  6.00	 11.00
695	  0.00	145.00	  0.00
696	  0.00	218.00	127.00
697	 36.00	 36.00	182.00
698	216.00	222.00	176.00
699	 73.00	 36.00	 73.00
700	  0.00	  0.00	  8.00
701	 87.00	 75.00	 75.00
702	126.00	205.00	 16.00
703	164.00	200.00	164.00
704	 85.00	 96.00	131.00
705	255.00	146.00	 73.00
706	 55.00	128.00	 55.00
707	237.00	200.00	 18.00
708	182.00	 73.00	182.00
709	109.00	146.00	 36.00
710	146.00	 73.00	255.00
711	182.00	  0.00	219.00
712	219.00	109.00	219.00
713	146.00	146.00	  0.00
714	 55.00	 18.00	164.00
715	164.00	200.00	128.00
716	200.00	200.00	237.00
717	183.00	115.00	148.00
718	181.00	239.00	190.00
719	 89.00	 89.00	 89.00
720	157.00	145.00	145.00
721	219.00	 36.00	 73.00
722	182.00	146.00	  0.00
723	  0.00	109.00	109.00
724	 50.00	 50.00	 50.00
725	 73.00	  0.00	  0.00
726	 73.00	 73.00	146.00
727	255.00	218.00	  0.00
728	146.00	255.00	146.00
729	128.00	164.00	237.00
730	109.00	 73.00	146.00
731	 55.00	 91.00	 55.00
732	170.00	145.00	  0.00
733	 36.00	146.00	  0.00
734	109.00	146.00	  0.00
735	  4.00	 55.00	 76.00
736	181.00	157.00	126.00
737	  0.00	145.00	255.00
738	237.00	237.00	 18.00
739	119.00	119.00	119.00
740	 25.00	 25.00	 91.00
741	 18.00	 18.00	237.00
742	128.00	140.00	 95.00
743	182.00	219.00	146.00
744	109.00	 73.00	  0.00
745	 91.00	200.00	 55.00
746	 73.00	146.00	  0.00
747	215.00	215.00	215.00
748	 55.00	164.00	 18.00
749	255.00	 72.00	212.00
750	  0.00	218.00	 85.00
751	  0.00	182.00	182.00
752	219.00	182.00	219.00
753	 18.00	  6.00	  6.00
754	  0.00	 72.00	  0.00
755	  6.00	 18.00	  6.00
756	 42.00	218.00	 42.00
757	  0.00	218.00	255.00
758	164.00	200.00	 55.00
759	255.00	255.00	 42.00
760	 91.00	164.00	128.00
761	147.00	135.00	135.00
762	255.00	 50.00	192.00
763	200.00	220.00	196.00
764	170.00	  0.00	127.00
765	170.00	 72.00	 85.00
766	 36.00	 36.00	219.00
767	220.00	220.00	220.00
768	 18.00	128.00	 18.00
769	 35.00	 41.00	 23.00
770	 58.00	 46.00	 46.00
771	 65.00	 77.00	 65.00
772	  0.00	  0.00	 36.00
773	 91.00	 55.00	200.00
774	  0.00	 73.00	109.00
775	 36.00	109.00	255.00
776	219.00	 73.00	146.00
777	 55.00	237.00	 18.00
778	 36.00	182.00	 36.00
779	237.00	237.00	200.00
780	 75.00	 75.00	 87.00
781	128.00	 55.00	 55.00
782	237.00	161.00	210.00
783	170.00	145.00	 42.00
784	164.00	 18.00	164.00
785	255.00	218.00	170.00
786	170.00	182.00	170.00
787	 55.00	 55.00	164.00
788	164.00	237.00	237.00
789	 16.00	 28.00	 16.00
790	170.00	  0.00	 42.00
791	 42.00	 36.00	  0.00
792	 18.00	164.00	164.00
793	203.00	132.00	171.00
794	144.00	  9.00	119.00
795	128.00	164.00	 18.00
796	200.00	 55.00	 55.00
797	 73.00	146.00	 36.00
798	127.00	218.00	212.00
799	255.00	146.00	109.00
800	 91.00	 91.00	128.00
801	 91.00	237.00	164.00
802	170.00	255.00	 42.00
803	182.00	182.00	182.00
804	 80.00	 86.00	121.00
805	 85.00	  0.00	212.00
806	171.00	169.00	127.00
807	 79.00	 79.00	 79.00
808	 91.00	164.00	237.00
809	  0.00	146.00	219.00
810	 85.00	  0.00	170.00
811	170.00	 72.00	255.00
812	 91.00	200.00	 91.00
813	219.00	182.00	109.00
814	 91.00	128.00	200.00
815	 91.00	200.00	200.00
816	106.00	250.00	 46.00
817	146.00	 73.00	 36.00
818	212.00	218.00	170.00
819	170.00	255.00	  0.00
820	 84.00	135.00	 79.00
821	212.00	  0.00	  0.00
822	 18.00	237.00	164.00
823	 80.00	 80.00	 80.00
824	255.00	 73.00	146.00
825	 42.00	182.00	127.00
826	219.00	  0.00	255.00
827	251.00	124.00	 77.00
828	  0.00	255.00	127.00
829	200.00	128.00	200.00
830	 85.00	109.00	 42.00
831	151.00	120.00	 99.00
832	109.00	 36.00	109.00
833	212.00	 36.00	 85.00
834	 95.00	107.00	 95.00
835	 85.00	218.00	 42.00
836	 36.00	 36.00	 73.00
837	170.00	218.00	 85.00
838	  0.00	109.00	219.00
839	100.00	110.00	111.00
840	255.00	145.00	170.00
841	 36.00	109.00	146.00
842	219.00	255.00	109.00
843	237.00	164.00	 91.00
844	 36.00	  0.00	 36.00
845	219.00	255.00	219.00
846	 74.00	202.00	184.00
847	255.00	 73.00	219.00
848	109.00	219.00	182.00
849	 18.00	 18.00	164.00
850	255.00	182.00	 36.00
851	118.00	167.00	191.00
852	 55.00	 91.00	237.00
853	 55.00	 62.00	178.00
854	109.00	 36.00	219.00
855	 55.00	 55.00	 67.00
856	 90.00	 90.00	 90.00
857	170.00	218.00	127.00
858	197.00	215.00	215.00
859	109.00	109.00	 36.00
860	  0.00	109.00	  0.00
861	140.00	 44.00	 53.00
862	200.00	164.00	200.00
863	205.00	111.00	 18.00
864	212.00	255.00	212.00
865	 93.00	  1.00	  3.00
866	148.00	118.00	185.00
867	 42.00	 36.00	 42.00
868	237.00	 91.00	 55.00
869	 18.00	164.00	 18.00
870	145.00	145.00	157.00
871	 91.00	237.00	 18.00
872	107.00	 66.00	133.00
873	 55.00	 91.00	128.00
874	237.00	164.00	200.00
875	 73.00	109.00	  0.00
876	198.00	198.00	198.00
877	219.00	255.00	146.00
878	 91.00	 55.00	 18.00
879	 91.00	 91.00	 55.00
880	255.00	218.00	255.00
881	137.00	140.00	197.00
882	 73.00	  0.00	146.00
883	 55.00	164.00	164.00
884	 42.00	145.00	 42.00
885	190.00	128.00	 57.00
886	 73.00	 73.00	109.00
887	 62.00	 68.00	 51.00
888	 19.00	255.00	222.00
889	165.00	134.00	207.00
890	127.00	109.00	212.00
891	109.00	182.00	109.00
892	 18.00	200.00	128.00
893	146.00	182.00	  0.00
894	 28.00	196.00	184.00
895	182.00	 36.00	219.00
896	 18.00	237.00	 18.00
897	255.00	182.00	  0.00
898	170.00	 72.00	212.00
899	212.00	218.00	255.00
900	 73.00	  0.00	182.00
901	235.00	235.00	235.00
902	  0.00	109.00	212.00
903	162.00	208.00	122.00
904	 33.00	 66.00	 51.00
905	 91.00	 55.00	 55.00
906	 85.00	 61.00	255.00
907	128.00	 91.00	128.00
908	 25.00	 25.00	 25.00
909	 73.00	109.00	109.00
910	237.00	200.00	128.00
911	  0.00	146.00	 73.00
912	  0.00	 36.00	170.00
913	 73.00	 73.00	255.00
914	  0.00	255.00	255.00
915	209.00	254.00	246.00
916	144.00	 88.00	144.00
917	182.00	182.00	  0.00
918	255.00	  0.00	146.00
919	164.00	128.00	 18.00
920	156.00	188.00	199.00
921	127.00	  0.00	  0.00
922	219.00	 73.00	255.00
923	202.00	 46.00	232.00
924	212.00	 72.00	 42.00
925	164.00	237.00	200.00
926	182.00	109.00	 73.00
927	 73.00	  0.00	 36.00
928	 85.00	255.00	127.00
929	200.00	200.00	128.00
930	 42.00	 72.00	170.00
931	163.00	173.00	146.00
932	128.00	 18.00	 55.00
933	127.00	218.00	255.00
934	 50.00	 50.00	 50.00
935	100.00	100.00	100.00
936	150.00	150.00	150.00
937	200.00	200.00	200.00
938	  0.00	255.00	255.00
939	255.00	255.00	  0.00
940	255.00	  0.00	255.00
941	180.00	255.00	255.00
942	255.00	255.00	180.00
943	255.00	180.00	255.00
944	 50.00	 50.00	 50.00
945	100.00	100.00	100.00
946	150.00	150.00	150.00
947	200.00	200.00	200.00
948	  0.00	255.00	255.00
949	255.00	255.00	  0.00
950	255.00	  0.00	255.00
951	180.00	255.00	255.00
952	255.00	255.00	180.00
953	255.00	180.00	255.00
954	 50.00	 50.00	 50.00
955	100.00	100.00	100.00
956	150.00	150.00	150.00
957	200.00	200.00	200.00
958	164.00	 91.00	164.00
959	 36.00	146.00	219.00
960	255.00	 73.00	 36.00
961	109.00	255.00	146.00
962	 42.00	145.00	255.00
963	150.00	150.00	150.00
964	 91.00	 91.00	200.00
965	  0.00	255.00	  0.00
966	 55.00	 18.00	200.00
967	 85.00	 72.00	127.00
968	103.00	163.00	 93.00
969	200.00	237.00	128.00
970	204.00	204.00	216.00
971	 55.00	 55.00	237.00
972	205.00	205.00	205.00
973	185.00	185.00	224.00
974	255.00	218.00	 42.00
975	237.00	164.00	237.00
976	127.00	182.00	127.00
977	255.00	146.00	 36.00
978	144.00	108.00	152.00
979	212.00	255.00	255.00
980	251.00	197.00	130.00
981	182.00	182.00	 73.00
982	  0.00	218.00	212.00
983	200.00	 91.00	200.00
984	128.00	237.00	164.00
985	186.00	174.00	174.00
986	182.00	109.00	  0.00
987	  0.00	  0.00	146.00
988	175.00	130.00	  9.00
989	182.00	 36.00	146.00
990	170.00	 72.00	 42.00
991	  3.00	 13.00	 78.00
992	  0.00	145.00	212.00
993	128.00	 55.00	128.00
994	128.00	 18.00	200.00
995	255.00	  0.00	  0.00
996	 85.00	  0.00	 42.00
997	164.00	 55.00	164.00
998	 73.00	 73.00	182.00
999	 18.00	164.00	 55.00
1000	183.00	241.00	117.00
1001	 36.00	182.00	146.00
1002	109.00	 36.00	146.00
1003	109.00	146.00	255.00
1004	208.00	208.00	208.00
1005	237.00	 55.00	200.00
1006	 55.00	237.00	200.00
1007	 85.00	255.00	 85.00
1008	177.00	222.00	193.00
1009	127.00	 36.00	  0.00
1010	173.00	194.00	230.00
1011	 91.00	128.00	164.00
1012	219.00	 73.00	  0.00
1013	146.00	255.00	 73.00
1014	255.00	182.00	146.00
1015	109.00	182.00	146.00
1016	 91.00	 55.00	 91.00
1017	128.00	237.00	 18.00
1018	 18.00	 91.00	237.00
1019	 42.00	145.00	 85.00
1020	 36.00	219.00	146.00
1021	 85.00	 72.00	212.00
1022	 84.00	 31.00	103.00
1023	 36.00	 36.00	109.00
1024	255.00	182.00	 42.00
1025	170.00	 72.00	127.00
1026	 42.00	255.00	127.00
1027	127.00	 72.00	 42.00
1028	237.00	200.00	237.00
1029	  0.00	109.00	 42.00
1030	123.00	 99.00	 55.00
1031	182.00	186.00	149.00
1032	164.00	 55.00	128.00
1033	  0.00	  0.00	 42.00
1034	200.00	 55.00	 18.00
1035	255.00	109.00	255.00
1036	149.00	149.00	149.00
1037	182.00	219.00	  0.00
1038	219.00	146.00	 73.00
1039	 73.00	109.00	255.00
1040	165.00	175.00	230.00
1041	 33.00	248.00	 30.00
1042	250.00	255.00	159.00
1043	124.00	188.00	 47.00
1044	200.00	164.00	 55.00
1045	255.00	182.00	  0.00
1046	170.00	109.00	212.00
1047	243.00	173.00	 59.00
1048	  0.00	146.00	255.00
1049	 36.00	255.00	255.00
1050	184.00	159.00	  1.00
1051	162.00	154.00	191.00
1052	164.00	128.00	237.00
1053	127.00	  0.00	 42.00
1054	 36.00	 73.00	 36.00
1055	 94.00	 23.00	166.00
1056	170.00	109.00	 85.00
1057	184.00	184.00	196.00
1058	230.00	215.00	236.00
1059	255.00	199.00	 29.00
1060	141.00	137.00	172.00
1061	127.00	109.00	 85.00
1062	 42.00	255.00	212.00
1063	182.00	146.00	182.00
1064	164.00	128.00	 91.00
1065	 73.00	182.00	255.00
1066	246.00	251.00	115.00
1067	127.00	255.00	  0.00
1068	 42.00	  0.00	 42.00
1069	  8.00	  0.00	  0.00
1070	200.00	200.00	200.00
1071	128.00	164.00	164.00
1072	182.00	  0.00	255.00
1073	 91.00	 18.00	128.00
1074	128.00	 91.00	 18.00
1075	170.00	  0.00	 85.00
1076	212.00	 36.00	  0.00
1077	 73.00	 36.00	182.00
1078	255.00	146.00	255.00
1079	128.00	 55.00	200.00
1080	 16.00	199.00	139.00
1081	207.00	163.00	218.00
1082	219.00	146.00	  0.00
1083	182.00	 73.00	 73.00
1084	 73.00	219.00	  0.00
1085	170.00	145.00	255.00
1086	146.00	146.00	219.00
1087	128.00	237.00	237.00
1088	143.00	252.00	200.00
1089	219.00	109.00	109.00
1090	200.00	237.00	200.00
1091	146.00	219.00	146.00
1092	127.00	218.00	127.00
1093	109.00	255.00	 36.00
1094	 55.00	200.00	237.00
1095	128.00	 18.00	128.00
1096	 37.00	176.00	148.00
1097	182.00	109.00	182.00
1098	182.00	219.00	255.00
1099	168.00	168.00	168.00
1100	170.00	170.00	170.00
1101	255.00	255.00	 73.00
1102	 91.00	 18.00	164.00
1103	164.00	176.00	164.00
1104	 36.00	 36.00	 36.00
1105	 99.00	 99.00	 99.00
1106	  0.00	109.00	 36.00
1107	186.00	232.00	173.00
1108	 91.00	164.00	164.00
1109	 55.00	 67.00	 55.00
1110	 59.00	 42.00	 57.00
1111	182.00	255.00	146.00
1112	  0.00	109.00	146.00
1113	143.00	208.00	215.00
1114	141.00	153.00	209.00
1115	  0.00	 36.00	 42.00
1116	212.00	255.00	 85.00
1117	 91.00	200.00	164.00
1118	170.00	182.00	127.00
1119	 55.00	164.00	 91.00
1120	  0.00	255.00	 36.00
1121	  0.00	  0.00	 85.00
1122	182.00	 73.00	  0.00
1123	 26.00	 60.00	 89.00
1124	 85.00	 97.00	 85.00
1125	 42.00	218.00	127.00
1126	127.00	218.00	170.00
1127	127.00	145.00	 42.00
1128	 29.00	217.00	115.00
1129	255.00	146.00	  0.00
1130	231.00	162.00	169.00
1131	204.00	205.00	148.00
1132	146.00	146.00	 73.00
1133	  0.00	 73.00	146.00
1134	 60.00	 60.00	 60.00
1135	223.00	219.00	191.00
1136	146.00	219.00	219.00
1137	219.00	 73.00	 73.00
1138	 27.00	 95.00	 47.00
1139	164.00	 91.00	 18.00
1140	 42.00	255.00	 85.00
1141	164.00	200.00	 18.00
1142	 80.00	 91.00	 38.00
1143	 55.00	 18.00	 55.00
1144	219.00	109.00	146.00
1145	 18.00	 55.00	 55.00
1146	 47.00	220.00	196.00
1147	105.00	147.00	171.00
1148	212.00	 72.00	127.00
1149	215.00	189.00	214.00
1150	  0.00	 36.00	146.00
1151	  0.00	 73.00	 73.00
1152	219.00	 73.00	109.00
1153	 85.00	 36.00	212.00
1154	 42.00	  0.00	170.00
1155	 42.00	  0.00	255.00
1156	 67.00	 61.00	 31.00
1157	 55.00	237.00	 91.00
1158	182.00	182.00	219.00
1159	137.00	125.00	125.00
1160	223.00	208.00	211.00
1161	238.00	114.00	235.00
1162	194.00	194.00	206.00
1163	 73.00	219.00	219.00
1164	255.00	255.00	255.00
1165	115.00	115.00	127.00
1166	164.00	166.00	178.00
1167	212.00	109.00	 85.00
1168	163.00	237.00	226.00
1169	 73.00	255.00	182.00
1170	255.00	  0.00	219.00
1171	  0.00	  0.00	255.00
1172	 91.00	128.00	 55.00
1173	115.00	115.00	115.00
1174	108.00	 52.00	 57.00
1175	109.00	 36.00	 73.00
1176	255.00	255.00	219.00
1177	 95.00	111.00	 54.00
1178	109.00	255.00	 73.00
1179	212.00	145.00	127.00
1180	108.00	134.00	 77.00
1181	 73.00	109.00	182.00
1182	153.00	134.00	164.00
1183	170.00	182.00	  0.00
1184	182.00	255.00	219.00
1185	182.00	 36.00	 36.00
1186	237.00	 91.00	164.00
1187	146.00	146.00	146.00
1188	128.00	237.00	128.00
1189	 73.00	 36.00	  0.00
1190	200.00	 55.00	164.00
1191	 36.00	109.00	109.00
1192	255.00	182.00	 73.00
1193	128.00	200.00	 18.00
1194	145.00	157.00	145.00
1195	255.00	109.00	 36.00
1196	177.00	165.00	242.00
1197	 14.00	 69.00	123.00
1198	101.00	109.00	117.00
1199	200.00	 18.00	 18.00
1200	217.00	201.00	 52.00
1201	127.00	255.00	 85.00
1202	219.00	  0.00	219.00
1203	237.00	237.00	 91.00
1204	127.00	 25.00	185.00
1205	  0.00	 36.00	219.00
1206	212.00	145.00	212.00
1207	 85.00	145.00	170.00
1208	 18.00	200.00	200.00
1209	 18.00	 55.00	 18.00
1210	235.00	222.00	212.00
1211	 78.00	104.00	 47.00
1212	 91.00	237.00	128.00
1213	212.00	109.00	170.00
1214	 32.00	149.00	  3.00
1215	 81.00	 37.00	 81.00
1216	109.00	255.00	255.00
1217	160.00	160.00	160.00
1218	 95.00	 95.00	 95.00
1219	128.00	 18.00	 18.00
1220	182.00	255.00	 36.00
1221	127.00	 72.00	212.00
1222	  0.00	182.00	  0.00
1223	 91.00	164.00	 91.00
1224	 45.00	 45.00	 45.00
1225	255.00	  0.00	170.00
1226	227.00	217.00	 23.00
1227	 29.00	 65.00	 11.00
1228	134.00	224.00	128.00
1229	 36.00	 73.00	219.00
1230	 50.00	 50.00	 50.00
1231	219.00	109.00	 36.00
1232	218.00	218.00	218.00
1233	109.00	 36.00	255.00
1234	 91.00	128.00	 91.00
1235	174.00	243.00	242.00
1236	146.00	255.00	255.00
1237	146.00	 73.00	182.00
1238	 91.00	 18.00	 55.00
1239	212.00	109.00	 42.00
1240	212.00	182.00	  0.00
1241	 68.00	250.00	  3.00
1242	 36.00	255.00	182.00
1243	 85.00	109.00	212.00
1244	170.00	218.00	212.00
1245	255.00	182.00	127.00
1246	121.00	101.00	150.00
1247	109.00	219.00	219.00
1248	155.00	151.00	107.00
1249	 73.00	109.00	146.00
1250	255.00	  0.00	212.00
1251	128.00	 91.00	200.00
1252	181.00	 53.00	120.00
1253	 39.00	 16.00	201.00
1254	170.00	218.00	  0.00
1255	 73.00	219.00	 36.00
1256	 16.00	216.00	210.00
1257	109.00	 36.00	  0.00
1258	113.00	153.00	104.00
1259	 49.00	196.00	  0.00
1260	 54.00	 23.00	 44.00
1261	 55.00	 55.00	200.00
1262	190.00	190.00	190.00
1263	146.00	109.00	109.00
1264	237.00	 18.00	128.00
1265	 55.00	237.00	237.00
1266	 93.00	167.00	124.00
1267	  0.00	255.00	219.00
1268	182.00	255.00	109.00
1269	237.00	164.00	 18.00
1270	 18.00	 55.00	164.00
1271	170.00	255.00	 85.00
1272	 18.00	164.00	237.00
1273	255.00	109.00	 85.00
1274	 52.00	151.00	194.00
1275	164.00	128.00	128.00
1276	255.00	 36.00	109.00
1277	146.00	182.00	182.00
1278	 86.00	 37.00	 28.00
1279	 36.00	  0.00	146.00
1280	164.00	 55.00	 55.00
1281	255.00	219.00	 36.00
1282	219.00	219.00	109.00
1283	 36.00	146.00	 73.00
1284	212.00	  0.00	 85.00
1285	 91.00	 18.00	200.00
1286	 39.00	 96.00	160.00
1287	 54.00	 21.00	 61.00
1288	255.00	255.00	182.00
1289	110.00	110.00	110.00
1290	 55.00	237.00	164.00
1291	164.00	164.00	 55.00
1292	170.00	109.00	 42.00
1293	 53.00	212.00	 50.00
1294	131.00	191.00	169.00
1295	 72.00	139.00	107.00
1296	128.00	200.00	 55.00
1297	164.00	128.00	164.00
1298	203.00	134.00	195.00
1299	127.00	 72.00	170.00
1300	194.00	206.00	194.00
1301	 73.00	146.00	 73.00
1302	255.00	219.00	109.00
1303	219.00	182.00	182.00
1304	 55.00	 55.00	 18.00
1305	 46.00	 46.00	 58.00
1306	164.00	164.00	237.00
1307	213.00	 90.00	 53.00
1308	182.00	109.00	146.00
1309	146.00	255.00	182.00
1310	206.00	175.00	241.00
1311	  0.00	  0.00	255.00
1312	200.00	 91.00	237.00
1313	 85.00	  0.00	127.00
1314	255.00	182.00	255.00
1315	  0.00	218.00	  0.00
1316	219.00	219.00	146.00
1317	109.00	146.00	109.00
1318	 36.00	  0.00	  0.00
1319	170.00	 72.00	170.00
1320	255.00	 72.00	 42.00
1321	127.00	182.00	 85.00
1322	  0.00	  0.00	  0.00
1323	 42.00	109.00	127.00
1324	 85.00	218.00	 85.00
1325	146.00	 73.00	  0.00
1326	 91.00	 91.00	 18.00
1327	 68.00	253.00	193.00
1328	182.00	  0.00	 73.00
1329	255.00	 36.00	255.00
1330	110.00	 97.00	 75.00
1331	 12.00	155.00	184.00
1332	 75.00	 75.00	 75.00
1333	170.00	 72.00	  0.00
1334	109.00	255.00	219.00
1335	 55.00	128.00	 91.00
1336	 91.00	164.00	 18.00
1337	  0.00	182.00	212.00
1338	171.00	 89.00	  3.00
1339	 42.00	 72.00	  0.00
1340	164.00	 91.00	128.00
1341	164.00	 18.00	237.00
1342	 92.00	198.00	  5.00
1343	200.00	128.00	164.00
1344	146.00	255.00	  0.00
1345	170.00	255.00	212.00
1346	 55.00	237.00	 55.00
1347	  0.00	219.00	146.00
1348	217.00	206.00	236.00
1349	 18.00	164.00	128.00
1350	 42.00	255.00	170.00
1351	 36.00	255.00	 36.00
1352	162.00	173.00	251.00
1353	192.00	  2.00	160.00
1354	109.00	  0.00	255.00
1355	255.00	109.00	 42.00
1356	146.00	  0.00	109.00
1357	128.00	 55.00	 91.00
1358	182.00	255.00	255.00
1359	224.00	236.00	224.00
1360	233.00	195.00	249.00
1361	 60.00	 12.00	 17.00
1362	143.00	 81.00	172.00
1363	200.00	164.00	 18.00
1364	 85.00	 85.00	 85.00
1365	 73.00	 73.00	219.00
1366	 85.00	 36.00	255.00
1367	 42.00	 36.00	127.00
1368	228.00	200.00	191.00
1369	 36.00	 73.00	146.00
1370	128.00	200.00	200.00
1371	154.00	154.00	166.00
1372	237.00	 18.00	237.00
1373	128.00	164.00	 55.00
1374	 87.00	 70.00	 35.00
1375	 85.00	182.00	255.00
1376	195.00	195.00	195.00
1377	127.00	255.00	212.00
1378	200.00	 91.00	 18.00
1379	164.00	200.00	 91.00
1380	219.00	  0.00	146.00
1381	 24.00	  1.00	 29.00
1382	  0.00	 72.00	 42.00
1383	229.00	141.00	 61.00
1384	219.00	146.00	255.00
1385	135.00	135.00	135.00
1386	 41.00	 32.00	255.00
1387	 55.00	200.00	 18.00
1388	207.00	228.00	214.00
1389	  0.00	 72.00	255.00
1390	 65.00	 65.00	 65.00
1391	 61.00	 82.00	 96.00
1392	165.00	165.00	165.00
1393	212.00	  0.00	212.00
1394	100.00	142.00	 91.00
1395	127.00	 72.00	127.00
1396	214.00	214.00	226.00
1397	 12.00	 46.00	 60.00
1398	160.00	100.00	 90.00
1399	170.00	 36.00	170.00
1400	236.00	224.00	224.00
1401	 36.00	181.00	 68.00
1402	166.00	154.00	154.00
1403	 18.00	200.00	 18.00
1404	109.00	 73.00	219.00
1405	164.00	200.00	200.00
1406	255.00	255.00	 85.00
1407	186.00	139.00	138.00
1408	105.00	105.00	105.00
1409	255.00	182.00	182.00
1410	 18.00	 18.00	128.00
1411	121.00	186.00	193.00
1412	 18.00	237.00	 55.00
1413	170.00	  0.00	  0.00
1414	 18.00	128.00	128.00
1415	255.00	  2.00	211.00
1416	157.00	110.00	160.00
1417	 85.00	 90.00	157.00
1418	109.00	182.00	219.00
1419	 42.00	145.00	  0.00
1420	255.00	 72.00	127.00
1421	164.00	164.00	128.00
1422	 10.00	239.00	143.00
1423	 59.00	 59.00	 59.00
1424	 81.00	 71.00	106.00
1425	128.00	 91.00	 55.00
1426	 42.00	109.00	170.00
1427	255.00	109.00	  0.00
1428	 42.00	145.00	212.00
1429	100.00	 93.00	162.00
1430	109.00	255.00	182.00
1431	109.00	182.00	  0.00
1432	138.00	 85.00	 17.00
1433	 36.00	146.00	255.00
1434	 36.00	 48.00	 36.00
1435	183.00	 74.00	 89.00
1436	 36.00	109.00	 73.00
1437	191.00	166.00	204.00
1438	 13.00	  9.00	  4.00
1439	 73.00	219.00	109.00
1440	109.00	109.00	255.00
1441	 35.00	 86.00	 62.00
1442	 66.00	 70.00	119.00
1443	164.00	 18.00	 18.00
1444	219.00	  0.00	  0.00
1445	182.00	182.00	109.00
1446	 83.00	148.00	159.00
1447	 42.00	  0.00	 85.00
1448	127.00	 72.00	  0.00
1449	190.00	142.00	185.00
1450	255.00	255.00	146.00
1451	176.00	164.00	164.00
1452	155.00	155.00	155.00
1453	 42.00	145.00	170.00
1454	 91.00	 18.00	 91.00
1455	109.00	255.00	  0.00
1456	219.00	182.00	 36.00
1457	  0.00	255.00	 85.00
1458	  0.00	218.00	170.00
1459	 10.00	 10.00	 10.00
1460	240.00	112.00	 32.00
1461	  0.00	255.00	109.00
1462	180.00	219.00	253.00
1463	255.00	146.00	182.00
1464	127.00	146.00	135.00
1465	128.00	128.00	128.00
1466	118.00	170.00	107.00
1467	155.00	135.00	148.00
1468	210.00	215.00	249.00
1469	220.00	163.00	136.00
1470	146.00	109.00	182.00
1471	255.00	 72.00	  0.00
1472	127.00	  0.00	 85.00
1473	169.00	199.00	216.00
1474	 75.00	 90.00	 86.00
1475	219.00	 36.00	  0.00
1476	255.00	 36.00	170.00
1477	118.00	154.00	163.00
1478	146.00	182.00	146.00
1479	  0.00	 36.00	182.00
1480	 16.00	 28.00	 35.00
1481	  0.00	219.00	182.00
1482	255.00	109.00	219.00
1483	 73.00	 73.00	 73.00
1484	  0.00	  0.00	219.00
1485	109.00	182.00	 73.00
1486	146.00	219.00	182.00
1487	  0.00	 73.00	  0.00
1488	219.00	219.00	  0.00
1489	255.00	145.00	127.00
1490	255.00	255.00	255.00
1491	 76.00	198.00	234.00
1492	244.00	255.00	244.00
1493	 85.00	 72.00	  0.00
1494	 73.00	182.00	146.00
1495	 36.00	 73.00	  0.00
1496	164.00	237.00	 55.00
1497	  0.00	109.00	255.00
1498	164.00	164.00	200.00
1499	119.00	128.00	 68.00
1500	 36.00	255.00	109.00
1501	255.00	182.00	109.00
1502	128.00	 55.00	 18.00
1503	255.00	  0.00	127.00
1504	146.00	219.00	255.00
1505	255.00	 36.00	255.00
1506	109.00	219.00	255.00
1507	170.00	218.00	170.00
1508	 18.00	 18.00	200.00
1509	182.00	  0.00	146.00
1510	194.00	 57.00	 20.00
1511	184.00	224.00	148.00
1512	219.00	 36.00	182.00
1513	 91.00	154.00	224.00
1514	163.00	 16.00	 45.00
1515	164.00	164.00	164.00
1516	155.00	155.00	220.00
1517	  0.00	 72.00	127.00
1518	171.00	100.00	133.00
1519	245.00	245.00	245.00
1520	255.00	 36.00	 36.00
1521	 18.00	200.00	237.00
1522	219.00	  0.00	182.00
1523	 60.00	 47.00	 74.00
1524	166.00	252.00	173.00
1525	146.00	109.00	 36.00
1526	127.00	255.00	255.00
1527	212.00	145.00	170.00
1528	255.00	109.00	170.00
1529	144.00	176.00	108.00
1530	 18.00	 91.00	 91.00
1531	170.00	145.00	127.00
1532	182.00	146.00	 73.00
1533	128.00	 91.00	164.00
1534	 18.00	 81.00	 81.00
1535	122.00	 89.00	132.00
1536	182.00	255.00	 73.00
1537	  0.00	 36.00	  0.00
1538	 69.00	106.00	 17.00
1539	237.00	164.00	128.00
1540	 91.00	237.00	 91.00
1541	105.00	 73.00	119.00
1542	212.00	 36.00	 42.00
1543	177.00	254.00	239.00
1544	  1.00	  8.00	 24.00
1545	 42.00	 36.00	212.00
1546	182.00	146.00	146.00
1547	237.00	237.00	 55.00
1548	170.00	145.00	212.00
1549	 70.00	 70.00	 70.00
1550	219.00	109.00	 73.00
1551	209.00	231.00	174.00
1552	170.00	  0.00	170.00
1553	229.00	  2.00	173.00
1554	200.00	200.00	 18.00
1555	 84.00	 79.00	 69.00
1556	 42.00	182.00	  0.00
1557	212.00	145.00	 85.00
1558	124.00	 81.00	100.00
1559	 42.00	  0.00	  0.00
1560	182.00	146.00	255.00
1561	109.00	146.00	146.00
1562	212.00	 72.00	212.00
1563	113.00	 54.00	 99.00
1564	237.00	200.00	164.00
1565	255.00	109.00	212.00
1566	146.00	255.00	 36.00
1567	 85.00	109.00	170.00
1568	212.00	255.00	  0.00
1569	219.00	182.00	  0.00
1570	 73.00	255.00	146.00
1571	 91.00	128.00	 18.00
1572	255.00	255.00	 36.00
1573	212.00	182.00	127.00
1574	 85.00	182.00	 42.00
1575	 42.00	109.00	 85.00
1576	 55.00	 91.00	 18.00
1577	 18.00	 91.00	128.00
1578	164.00	237.00	 91.00
1579	187.00	241.00	200.00
1580	213.00	179.00	 16.00
1581	255.00	  0.00	255.00
1582	 85.00	  0.00	  0.00
1583	170.00	 36.00	  0.00
1584	219.00	109.00	255.00
1585	146.00	182.00	 36.00
1586	 85.00	 36.00	 85.00
1587	 60.00	 64.00	  5.00
1588	  0.00	109.00	 73.00
1589	206.00	225.00	153.00
1590	 18.00	200.00	 91.00
1591	  0.00	182.00	146.00
1592	146.00	 36.00	146.00
1593	  2.00	 22.00	 66.00
1594	128.00	 91.00	 91.00
1595	  0.00	 36.00	 85.00
1596	109.00	109.00	 73.00
1597	109.00	178.00	180.00
1598	182.00	109.00	255.00
1599	212.00	  0.00	170.00
1600	245.00	 13.00	239.00
1601	  0.00	182.00	 85.00
1602	  0.00	146.00	 36.00
1603	146.00	 36.00	182.00
1604	255.00	182.00	255.00
1605	200.00	 18.00	200.00
1606	 85.00	255.00	170.00
1607	170.00	109.00	  0.00
1608	  0.00	145.00	 85.00
1609	185.00	185.00	185.00
1610	126.00	225.00	 64.00
1611	 94.00	161.00	 78.00
1612	 42.00	255.00	  0.00
1613	 36.00	182.00	 73.00
1614	117.00	105.00	105.00
1615	125.00	125.00	125.00
1616	170.00	 36.00	255.00
1617	212.00	218.00	212.00
1618	170.00	  0.00	255.00
1619	154.00	219.00	206.00
1620	255.00	 72.00	170.00
1621	139.00	139.00	139.00
1622	 29.00	 93.00	252.00
1623	109.00	 36.00	182.00
1624	146.00	109.00	  0.00
1625	127.00	182.00	 42.00
1626	219.00	 36.00	 36.00
1627	 36.00	219.00	219.00
1628	170.00	255.00	170.00
1629	235.00	 74.00	  7.00
1630	127.00	145.00	 85.00
1631	128.00	200.00	 91.00
1632	200.00	 55.00	237.00
1633	195.00	253.00	253.00
1634	 18.00	128.00	200.00
1635	 10.00	 10.00	 10.00
1636	 91.00	128.00	237.00
1637	255.00	145.00	255.00
1638	 18.00	237.00	200.00
1639	226.00	 54.00	 80.00
1640	127.00	182.00	212.00
1641	 73.00	182.00	182.00
1642	203.00	238.00	 73.00
1643	198.00	 16.00	244.00
1644	109.00	  0.00	 36.00
1645	146.00	109.00	146.00
1646	 18.00	 91.00	200.00
1647	219.00	255.00	255.00
1648	 85.00	 36.00	 42.00
1649	125.00	125.00	137.00
1650	127.00	 36.00	 42.00
1651	146.00	154.00	130.00
1652	 85.00	 85.00	 97.00
1653	 55.00	200.00	128.00
1654	 85.00	145.00	  0.00
1655	110.00	 80.00	145.00
1656	 36.00	255.00	219.00
1657	163.00	220.00	166.00
1658	237.00	 55.00	164.00
1659	  0.00	218.00	 42.00
1660	127.00	255.00	127.00
1661	237.00	164.00	 55.00
1662	122.00	116.00	146.00
1663	182.00	255.00	182.00
1664	 73.00	109.00	 36.00
1665	170.00	145.00	 85.00
1666	 62.00	 42.00	 23.00
1667	237.00	237.00	128.00
1668	109.00	  0.00	146.00
1669	 30.00	 73.00	 56.00
1670	  0.00	182.00	  0.00
1671	 91.00	 55.00	237.00
1672	127.00	145.00	255.00
1673	 18.00	237.00	237.00
1674	255.00	182.00	212.00
1675	 81.00	 32.00	217.00
1676	  0.00	145.00	 42.00
1677	 73.00	146.00	255.00
1678	219.00	219.00	 36.00
1679	250.00	253.00	205.00
1680	128.00	244.00	242.00
1681	 91.00	200.00	 18.00
1682	237.00	 55.00	128.00
1683	241.00	251.00	 75.00
1684	181.00	208.00	236.00
1685	  0.00	255.00	182.00
1686	146.00	211.00	183.00
1687	255.00	244.00	244.00
1688	 85.00	145.00	255.00
1689	255.00	  0.00	109.00
1690	127.00	145.00	  0.00
1691	 55.00	 90.00	116.00
1692	255.00	182.00	170.00
1693	104.00	 29.00	 57.00
1694	 18.00	138.00	 86.00
1695	212.00	 36.00	212.00
1696	255.00	109.00	182.00
1697	184.00	196.00	184.00
1698	 73.00	219.00	255.00
1699	154.00	 37.00	173.00
1700	160.00	109.00	175.00
1701	 42.00	  0.00	127.00
1702	 36.00	219.00	  0.00
1703	162.00	174.00	194.00
1704	 74.00	233.00	223.00
1705	  0.00	  8.00	  0.00
1706	164.00	237.00	128.00
1707	174.00	186.00	174.00
1708	182.00	 36.00	255.00
1709	237.00	128.00	 18.00
1710	247.00	196.00	184.00
1711	127.00	218.00	  0.00
1712	 36.00	182.00	182.00
1713	116.00	187.00	239.00
1714	255.00	  0.00	 36.00
1715	  0.00	255.00	  0.00
1716	 18.00	 91.00	 18.00
1717	159.00	 77.00	128.00
1718	109.00	 73.00	109.00
1719	128.00	 91.00	237.00
1720	237.00	 55.00	237.00
1721	243.00	167.00	232.00
1722	212.00	 36.00	127.00
1723	 73.00	146.00	219.00
1724	164.00	237.00	 18.00
1725	146.00	 36.00	 36.00
1726	212.00	255.00	170.00
1727	224.00	237.00	212.00
1728	 91.00	 91.00	 91.00
1729	171.00	 99.00	169.00
1730	  0.00	219.00	219.00
1731	187.00	 82.00	251.00
1732	115.00	127.00	115.00
1733	109.00	109.00	182.00
1734	170.00	 36.00	 85.00
1735	 36.00	109.00	182.00
1736	195.00	 70.00	143.00
1737	 18.00	200.00	 55.00
1738	 73.00	109.00	219.00
1739	233.00	195.00	213.00
1740	 85.00	218.00	255.00
1741	 91.00	 55.00	164.00
1742	 18.00	237.00	 91.00
1743	 18.00	237.00	128.00
1744	109.00	109.00	109.00
1745	 36.00	  0.00	255.00
1746	145.00	190.00	125.00
1747	 91.00	200.00	237.00
1748	170.00	182.00	255.00
1749	146.00	219.00	  0.00
1750	127.00	 36.00	170.00
1751	237.00	200.00	 55.00
1752	 85.00	 36.00	  0.00
1753	 85.00	 72.00	 42.00
1754	179.00	181.00	204.00
1755	 85.00	218.00	  0.00
1756	 73.00	182.00	  0.00
1757	146.00	  0.00	  0.00
1758	200.00	128.00	237.00
1759	200.00	237.00	237.00
1760	146.00	109.00	219.00
1761	200.00	237.00	 55.00
1762	149.00	144.00	106.00
1763	163.00	181.00	114.00
1764	212.00	 72.00	  0.00
1765	182.00	219.00	219.00
1766	 91.00	 55.00	128.00
1767	 55.00	 55.00	 91.00
1768	182.00	  0.00	109.00
1769	255.00	219.00	182.00
1770	189.00	178.00	199.00
1771	255.00	109.00	  0.00
1772	 62.00	  1.00	 97.00
1773	 42.00	 72.00	255.00
1774	237.00	 18.00	 91.00
1775	127.00	145.00	212.00
1776	204.00	198.00	242.00
1777	 55.00	237.00	128.00
1778	255.00	109.00	 73.00
1779	 36.00	109.00	  0.00
1780	 91.00	237.00	 55.00
1781	125.00	109.00	  0.00
1782	107.00	 95.00	 95.00
1783	237.00	128.00	237.00
1784	182.00	219.00	 73.00
1785	 36.00	219.00	 36.00
1786	 55.00	 40.00	  6.00
1787	146.00	182.00	 73.00
1788	200.00	237.00	164.00
1789	  0.00	182.00	109.00
1790	212.00	182.00	212.00
1791	 85.00	109.00	255.00
1792	 86.00	134.00	115.00
1793	219.00	255.00	 36.00
1794	  0.00	 73.00	182.00
1795	255.00	255.00	  0.00
1796	225.00	225.00	225.00
1797	 45.00	113.00	 70.00
1798	132.00	130.00	 57.00
1799	 36.00	255.00	 73.00
1800	248.00	177.00	247.00
1801	127.00	255.00	 42.00
1802	146.00	 36.00	255.00
1803	164.00	200.00	237.00
1804	 31.00	 15.00	 16.00
1805	128.00	128.00	 18.00
1806	 36.00	 73.00	182.00
1807	  0.00	219.00	255.00
1808	 85.00	109.00	  0.00
1809	170.00	 36.00	127.00
1810	 42.00	182.00	255.00
1811	219.00	219.00	219.00
1812	200.00	 18.00	164.00
1813	  0.00	 72.00	 85.00
1814	 31.00	  8.00	 69.00
1815	164.00	128.00	200.00
1816	196.00	184.00	184.00
1817	 22.00	 17.00	162.00
1818	148.00	110.00	 80.00
1819	146.00	  0.00	182.00
1820	 36.00	255.00	146.00
1821	 55.00	164.00	 55.00
1822	  0.00	182.00	 36.00
1823	109.00	 73.00	255.00
1824	237.00	128.00	 55.00
1825	182.00	  0.00	  0.00
1826	255.00	218.00	 85.00
1827	212.00	 72.00	 85.00
1828	  0.00	219.00	 36.00
1829	 46.00	 73.00	 44.00
1830	158.00	158.00	158.00
1831	248.00	193.00	220.00
1832	206.00	194.00	194.00
1833	 36.00	 36.00	 48.00
1834	170.00	  0.00	  0.00
1835	212.00	218.00	 42.00
1836	 12.00	 39.00	138.00
1837	 64.00	 93.00	 54.00
1838	146.00	219.00	 36.00
1839	164.00	 91.00	237.00
1840	182.00	109.00	109.00
1841	127.00	145.00	127.00
1842	104.00	105.00	143.00
1843	  7.00	 29.00	 20.00
1844	109.00	  0.00	219.00
1845	109.00	219.00	 73.00
1846	 85.00	  0.00	 85.00
1847	 85.00	182.00	170.00
1848	172.00	103.00	 99.00
1849	127.00	109.00	255.00
1850	255.00	 36.00	219.00
1851	200.00	200.00	 91.00
1852	 85.00	109.00	127.00
1853	 30.00	 30.00	 30.00
1854	178.00	246.00	215.00
1855	146.00	146.00	 36.00
1856	 60.00	127.00	128.00
1857	 42.00	 72.00	 42.00
1858	146.00	219.00	109.00
1859	146.00	 36.00	 73.00
1860	  0.00	 72.00	212.00
1861	  0.00	146.00	109.00
1862	 55.00	 91.00	200.00
1863	127.00	  0.00	255.00
1864	128.00	200.00	128.00
1865	 18.00	 55.00	237.00
1866	 42.00	  0.00	212.00
1867	212.00	109.00	255.00
1868	146.00	182.00	255.00
1869	212.00	  0.00	 42.00
1870	237.00	 91.00	128.00
1871	170.00	170.00	170.00
1872	  9.00	 30.00	 47.00
1873	 42.00	218.00	255.00
1874	184.00	 56.00	170.00
1875	182.00	109.00	 36.00
1876	175.00	175.00	175.00
1877	 18.00	128.00	 55.00
1878	 18.00	128.00	237.00
1879	146.00	146.00	182.00
1880	164.00	 18.00	200.00
1881	200.00	128.00	 91.00
1882	 18.00	128.00	164.00
1883	129.00	129.00	129.00
1884	119.00	113.00	231.00
1885	219.00	146.00	182.00
1886	212.00	145.00	255.00
1887	  0.00	182.00	255.00
1888	 36.00	182.00	109.00
1889	212.00	255.00	127.00
1890	237.00	128.00	128.00
1891	109.00	  0.00	182.00
1892	100.00	100.00	100.00
1893	150.00	150.00	150.00
1894	200.00	200.00	200.00
1895	  0.00	255.00	255.00
1896	255.00	255.00	  0.00
1897	255.00	  0.00	255.00
1898	180.00	255.00	255.00
1899	255.00	255.00	180.00
1900	255.00	180.00	255.00
1901	 50.00	 50.00	 50.00
1902	100.00	100.00	100.00
1903	150.00	150.00	150.00
1904	200.00	200.00	200.00
1905	  0.00	255.00	255.00
1906	255.00	255.00	  0.00
1907	255.00	  0.00	255.00
1908	180.00	255.00	255.00
1909	255.00	255.00	180.00
1910	255.00	180.00	255.00
1911	 50.00	 50.00	 50.00
1912	100.00	100.00	100.00
1913	150.00	150.00	150.00
1914	200.00	200.00	200.00
END_DATA
