NUMBER_OF_FIELDS 4
BEGIN_DATA_FORMAT
SampleID	RGB_R	RGB_G	RGB_B
END_DATA_FORMAT

NUMBER_OF_SETS	1914
BEGIN_DATA
1	200.00	200.00	200.00
2	150.00	150.00	150.00
3	100.00	100.00	100.00
4	 50.00	 50.00	 50.00
5	255.00	180.00	255.00
6	255.00	255.00	180.00
7	180.00	255.00	255.00
8	255.00	  0.00	255.00
9	255.00	255.00	  0.00
10	  0.00	255.00	255.00
11	200.00	200.00	200.00
12	150.00	150.00	150.00
13	100.00	100.00	100.00
14	 50.00	 50.00	 50.00
15	255.00	180.00	255.00
16	255.00	255.00	180.00
17	180.00	255.00	255.00
18	255.00	  0.00	255.00
19	255.00	255.00	  0.00
20	  0.00	255.00	255.00
21	200.00	200.00	200.00
22	150.00	150.00	150.00
23	100.00	100.00	100.00
24	109.00	  0.00	182.00
25	237.00	128.00	128.00
26	212.00	255.00	127.00
27	 36.00	182.00	109.00
28	  0.00	182.00	255.00
29	212.00	145.00	255.00
30	219.00	146.00	182.00
31	119.00	113.00	231.00
32	129.00	129.00	129.00
33	 18.00	128.00	164.00
34	200.00	128.00	 91.00
35	164.00	 18.00	200.00
36	146.00	146.00	182.00
37	 18.00	128.00	237.00
38	 18.00	128.00	 55.00
39	175.00	175.00	175.00
40	182.00	109.00	 36.00
41	184.00	 56.00	170.00
42	 42.00	218.00	255.00
43	  9.00	 30.00	 47.00
44	170.00	170.00	170.00
45	237.00	 91.00	128.00
46	212.00	  0.00	 42.00
47	146.00	182.00	255.00
48	212.00	109.00	255.00
49	 42.00	  0.00	212.00
50	 18.00	 55.00	237.00
51	128.00	200.00	128.00
52	127.00	  0.00	255.00
53	 55.00	 91.00	200.00
54	  0.00	146.00	109.00
55	  0.00	 72.00	212.00
56	146.00	 36.00	 73.00
57	146.00	219.00	109.00
58	 42.00	 72.00	 42.00
59	 60.00	127.00	128.00
60	146.00	146.00	 36.00
61	178.00	246.00	215.00
62	 30.00	 30.00	 30.00
63	 85.00	109.00	127.00
64	200.00	200.00	 91.00
65	255.00	 36.00	219.00
66	127.00	109.00	255.00
67	172.00	103.00	 99.00
68	 85.00	182.00	170.00
69	 85.00	  0.00	 85.00
70	109.00	219.00	 73.00
71	109.00	  0.00	219.00
72	  7.00	 29.00	 20.00
73	104.00	105.00	143.00
74	127.00	145.00	127.00
75	182.00	109.00	109.00
76	164.00	 91.00	237.00
77	146.00	219.00	 36.00
78	 64.00	 93.00	 54.00
79	 12.00	 39.00	138.00
80	212.00	218.00	 42.00
81	170.00	  0.00	  0.00
82	 36.00	 36.00	 48.00
83	206.00	194.00	194.00
84	248.00	193.00	220.00
85	158.00	158.00	158.00
86	 46.00	 73.00	 44.00
87	  0.00	219.00	 36.00
88	212.00	 72.00	 85.00
89	255.00	218.00	 85.00
90	182.00	  0.00	  0.00
91	237.00	128.00	 55.00
92	109.00	 73.00	255.00
93	  0.00	182.00	 36.00
94	 55.00	164.00	 55.00
95	 36.00	255.00	146.00
96	146.00	  0.00	182.00
97	148.00	110.00	 80.00
98	 22.00	 17.00	162.00
99	196.00	184.00	184.00
100	164.00	128.00	200.00
101	 31.00	  8.00	 69.00
102	  0.00	 72.00	 85.00
103	200.00	 18.00	164.00
104	219.00	219.00	219.00
105	 42.00	182.00	255.00
106	170.00	 36.00	127.00
107	 85.00	109.00	  0.00
108	  0.00	219.00	255.00
109	 36.00	 73.00	182.00
110	128.00	128.00	 18.00
111	 31.00	 15.00	 16.00
112	164.00	200.00	237.00
113	146.00	 36.00	255.00
114	127.00	255.00	 42.00
115	248.00	177.00	247.00
116	 36.00	255.00	 73.00
117	132.00	130.00	 57.00
118	 45.00	113.00	 70.00
119	225.00	225.00	225.00
120	255.00	255.00	  0.00
121	  0.00	 73.00	182.00
122	219.00	255.00	 36.00
123	 86.00	134.00	115.00
124	 85.00	109.00	255.00
125	212.00	182.00	212.00
126	  0.00	182.00	109.00
127	200.00	237.00	164.00
128	146.00	182.00	 73.00
129	 55.00	 40.00	  6.00
130	 36.00	219.00	 36.00
131	182.00	219.00	 73.00
132	237.00	128.00	237.00
133	107.00	 95.00	 95.00
134	125.00	109.00	  0.00
135	 91.00	237.00	 55.00
136	 36.00	109.00	  0.00
137	255.00	109.00	 73.00
138	 55.00	237.00	128.00
139	204.00	198.00	242.00
140	127.00	145.00	212.00
141	237.00	 18.00	 91.00
142	 42.00	 72.00	255.00
143	 62.00	  1.00	 97.00
144	255.00	109.00	  0.00
145	189.00	178.00	199.00
146	255.00	219.00	182.00
147	182.00	  0.00	109.00
148	 55.00	 55.00	 91.00
149	 91.00	 55.00	128.00
150	182.00	219.00	219.00
151	212.00	 72.00	  0.00
152	163.00	181.00	114.00
153	149.00	144.00	106.00
154	200.00	237.00	 55.00
155	146.00	109.00	219.00
156	200.00	237.00	237.00
157	200.00	128.00	237.00
158	146.00	  0.00	  0.00
159	 73.00	182.00	  0.00
160	 85.00	218.00	  0.00
161	179.00	181.00	204.00
162	 85.00	 72.00	 42.00
163	 85.00	 36.00	  0.00
164	237.00	200.00	 55.00
165	127.00	 36.00	170.00
166	146.00	219.00	  0.00
167	170.00	182.00	255.00
168	 91.00	200.00	237.00
169	145.00	190.00	125.00
170	 36.00	  0.00	255.00
171	109.00	109.00	109.00
172	 18.00	237.00	128.00
173	 18.00	237.00	 91.00
174	 91.00	 55.00	164.00
175	 85.00	218.00	255.00
176	233.00	195.00	213.00
177	 73.00	109.00	219.00
178	 18.00	200.00	 55.00
179	195.00	 70.00	143.00
180	 36.00	109.00	182.00
181	170.00	 36.00	 85.00
182	109.00	109.00	182.00
183	115.00	127.00	115.00
184	187.00	 82.00	251.00
185	  0.00	219.00	219.00
186	171.00	 99.00	169.00
187	 91.00	 91.00	 91.00
188	224.00	237.00	212.00
189	212.00	255.00	170.00
190	146.00	 36.00	 36.00
191	164.00	237.00	 18.00
192	 73.00	146.00	219.00
193	212.00	 36.00	127.00
194	243.00	167.00	232.00
195	237.00	 55.00	237.00
196	128.00	 91.00	237.00
197	109.00	 73.00	109.00
198	159.00	 77.00	128.00
199	 18.00	 91.00	 18.00
200	  0.00	255.00	  0.00
201	255.00	  0.00	 36.00
202	116.00	187.00	239.00
203	 36.00	182.00	182.00
204	127.00	218.00	  0.00
205	247.00	196.00	184.00
206	237.00	128.00	 18.00
207	182.00	 36.00	255.00
208	174.00	186.00	174.00
209	164.00	237.00	128.00
210	  0.00	  8.00	  0.00
211	 74.00	233.00	223.00
212	162.00	174.00	194.00
213	 36.00	219.00	  0.00
214	 42.00	  0.00	127.00
215	160.00	109.00	175.00
216	154.00	 37.00	173.00
217	 73.00	219.00	255.00
218	184.00	196.00	184.00
219	255.00	109.00	182.00
220	212.00	 36.00	212.00
221	 18.00	138.00	 86.00
222	104.00	 29.00	 57.00
223	255.00	182.00	170.00
224	 55.00	 90.00	116.00
225	127.00	145.00	  0.00
226	255.00	  0.00	109.00
227	 85.00	145.00	255.00
228	255.00	244.00	244.00
229	146.00	211.00	183.00
230	  0.00	255.00	182.00
231	181.00	208.00	236.00
232	241.00	251.00	 75.00
233	237.00	 55.00	128.00
234	 91.00	200.00	 18.00
235	128.00	244.00	242.00
236	250.00	253.00	205.00
237	219.00	219.00	 36.00
238	 73.00	146.00	255.00
239	  0.00	145.00	 42.00
240	 81.00	 32.00	217.00
241	255.00	182.00	212.00
242	 18.00	237.00	237.00
243	127.00	145.00	255.00
244	 91.00	 55.00	237.00
245	  0.00	182.00	  0.00
246	 30.00	 73.00	 56.00
247	109.00	  0.00	146.00
248	237.00	237.00	128.00
249	 62.00	 42.00	 23.00
250	170.00	145.00	 85.00
251	 73.00	109.00	 36.00
252	182.00	255.00	182.00
253	122.00	116.00	146.00
254	237.00	164.00	 55.00
255	127.00	255.00	127.00
256	  0.00	218.00	 42.00
257	237.00	 55.00	164.00
258	163.00	220.00	166.00
259	 36.00	255.00	219.00
260	110.00	 80.00	145.00
261	 85.00	145.00	  0.00
262	 55.00	200.00	128.00
263	 85.00	 85.00	 97.00
264	146.00	154.00	130.00
265	127.00	 36.00	 42.00
266	125.00	125.00	137.00
267	 85.00	 36.00	 42.00
268	219.00	255.00	255.00
269	 18.00	 91.00	200.00
270	146.00	109.00	146.00
271	109.00	  0.00	 36.00
272	198.00	 16.00	244.00
273	203.00	238.00	 73.00
274	 73.00	182.00	182.00
275	127.00	182.00	212.00
276	226.00	 54.00	 80.00
277	 18.00	237.00	200.00
278	255.00	145.00	255.00
279	 91.00	128.00	237.00
280	 10.00	 10.00	 10.00
281	 18.00	128.00	200.00
282	195.00	253.00	253.00
283	200.00	 55.00	237.00
284	128.00	200.00	 91.00
285	127.00	145.00	 85.00
286	235.00	 74.00	  7.00
287	170.00	255.00	170.00
288	 36.00	219.00	219.00
289	219.00	 36.00	 36.00
290	127.00	182.00	 42.00
291	146.00	109.00	  0.00
292	109.00	 36.00	182.00
293	 29.00	 93.00	252.00
294	139.00	139.00	139.00
295	255.00	 72.00	170.00
296	154.00	219.00	206.00
297	170.00	  0.00	255.00
298	212.00	218.00	212.00
299	170.00	 36.00	255.00
300	125.00	125.00	125.00
301	117.00	105.00	105.00
302	 36.00	182.00	 73.00
303	 42.00	255.00	  0.00
304	 94.00	161.00	 78.00
305	126.00	225.00	 64.00
306	185.00	185.00	185.00
307	  0.00	145.00	 85.00
308	170.00	109.00	  0.00
309	 85.00	255.00	170.00
310	200.00	 18.00	200.00
311	255.00	182.00	255.00
312	146.00	 36.00	182.00
313	  0.00	146.00	 36.00
314	  0.00	182.00	 85.00
315	245.00	 13.00	239.00
316	212.00	  0.00	170.00
317	182.00	109.00	255.00
318	109.00	178.00	180.00
319	109.00	109.00	 73.00
320	  0.00	 36.00	 85.00
321	128.00	 91.00	 91.00
322	  2.00	 22.00	 66.00
323	146.00	 36.00	146.00
324	  0.00	182.00	146.00
325	 18.00	200.00	 91.00
326	206.00	225.00	153.00
327	  0.00	109.00	 73.00
328	 60.00	 64.00	  5.00
329	 85.00	 36.00	 85.00
330	146.00	182.00	 36.00
331	219.00	109.00	255.00
332	170.00	 36.00	  0.00
333	 85.00	  0.00	  0.00
334	255.00	  0.00	255.00
335	213.00	179.00	 16.00
336	187.00	241.00	200.00
337	164.00	237.00	 91.00
338	 18.00	 91.00	128.00
339	 55.00	 91.00	 18.00
340	 42.00	109.00	 85.00
341	 85.00	182.00	 42.00
342	212.00	182.00	127.00
343	255.00	255.00	 36.00
344	 91.00	128.00	 18.00
345	 73.00	255.00	146.00
346	219.00	182.00	  0.00
347	212.00	255.00	  0.00
348	 85.00	109.00	170.00
349	146.00	255.00	 36.00
350	255.00	109.00	212.00
351	237.00	200.00	164.00
352	113.00	 54.00	 99.00
353	212.00	 72.00	212.00
354	109.00	146.00	146.00
355	182.00	146.00	255.00
356	 42.00	  0.00	  0.00
357	124.00	 81.00	100.00
358	212.00	145.00	 85.00
359	 42.00	182.00	  0.00
360	 84.00	 79.00	 69.00
361	200.00	200.00	 18.00
362	229.00	  2.00	173.00
363	170.00	  0.00	170.00
364	209.00	231.00	174.00
365	219.00	109.00	 73.00
366	 70.00	 70.00	 70.00
367	170.00	145.00	212.00
368	237.00	237.00	 55.00
369	182.00	146.00	146.00
370	 42.00	 36.00	212.00
371	  1.00	  8.00	 24.00
372	177.00	254.00	239.00
373	212.00	 36.00	 42.00
374	105.00	 73.00	119.00
375	 91.00	237.00	 91.00
376	237.00	164.00	128.00
377	 69.00	106.00	 17.00
378	  0.00	 36.00	  0.00
379	182.00	255.00	 73.00
380	122.00	 89.00	132.00
381	 18.00	 81.00	 81.00
382	128.00	 91.00	164.00
383	182.00	146.00	 73.00
384	170.00	145.00	127.00
385	 18.00	 91.00	 91.00
386	144.00	176.00	108.00
387	255.00	109.00	170.00
388	212.00	145.00	170.00
389	127.00	255.00	255.00
390	146.00	109.00	 36.00
391	166.00	252.00	173.00
392	 60.00	 47.00	 74.00
393	219.00	  0.00	182.00
394	 18.00	200.00	237.00
395	255.00	 36.00	 36.00
396	245.00	245.00	245.00
397	171.00	100.00	133.00
398	  0.00	 72.00	127.00
399	155.00	155.00	220.00
400	164.00	164.00	164.00
401	163.00	 16.00	 45.00
402	 91.00	154.00	224.00
403	219.00	 36.00	182.00
404	184.00	224.00	148.00
405	194.00	 57.00	 20.00
406	182.00	  0.00	146.00
407	 18.00	 18.00	200.00
408	170.00	218.00	170.00
409	109.00	219.00	255.00
410	255.00	 36.00	255.00
411	146.00	219.00	255.00
412	255.00	  0.00	127.00
413	128.00	 55.00	 18.00
414	255.00	182.00	109.00
415	 36.00	255.00	109.00
416	119.00	128.00	 68.00
417	164.00	164.00	200.00
418	  0.00	109.00	255.00
419	164.00	237.00	 55.00
420	 36.00	 73.00	  0.00
421	 73.00	182.00	146.00
422	 85.00	 72.00	  0.00
423	244.00	255.00	244.00
424	 76.00	198.00	234.00
425	255.00	255.00	255.00
426	255.00	145.00	127.00
427	219.00	219.00	  0.00
428	  0.00	 73.00	  0.00
429	146.00	219.00	182.00
430	109.00	182.00	 73.00
431	  0.00	  0.00	219.00
432	 73.00	 73.00	 73.00
433	255.00	109.00	219.00
434	  0.00	219.00	182.00
435	 16.00	 28.00	 35.00
436	  0.00	 36.00	182.00
437	146.00	182.00	146.00
438	118.00	154.00	163.00
439	255.00	 36.00	170.00
440	219.00	 36.00	  0.00
441	 75.00	 90.00	 86.00
442	169.00	199.00	216.00
443	127.00	  0.00	 85.00
444	255.00	 72.00	  0.00
445	146.00	109.00	182.00
446	220.00	163.00	136.00
447	210.00	215.00	249.00
448	155.00	135.00	148.00
449	118.00	170.00	107.00
450	128.00	128.00	128.00
451	127.00	146.00	135.00
452	255.00	146.00	182.00
453	180.00	219.00	253.00
454	  0.00	255.00	109.00
455	240.00	112.00	 32.00
456	 10.00	 10.00	 10.00
457	  0.00	218.00	170.00
458	  0.00	255.00	 85.00
459	219.00	182.00	 36.00
460	109.00	255.00	  0.00
461	 91.00	 18.00	 91.00
462	 42.00	145.00	170.00
463	155.00	155.00	155.00
464	176.00	164.00	164.00
465	255.00	255.00	146.00
466	190.00	142.00	185.00
467	127.00	 72.00	  0.00
468	 42.00	  0.00	 85.00
469	 83.00	148.00	159.00
470	182.00	182.00	109.00
471	219.00	  0.00	  0.00
472	164.00	 18.00	 18.00
473	 66.00	 70.00	119.00
474	 35.00	 86.00	 62.00
475	109.00	109.00	255.00
476	 73.00	219.00	109.00
477	 13.00	  9.00	  4.00
478	191.00	166.00	204.00
479	 36.00	109.00	 73.00
480	183.00	 74.00	 89.00
481	 36.00	 48.00	 36.00
482	 36.00	146.00	255.00
483	138.00	 85.00	 17.00
484	109.00	182.00	  0.00
485	109.00	255.00	182.00
486	100.00	 93.00	162.00
487	 42.00	145.00	212.00
488	255.00	109.00	  0.00
489	 42.00	109.00	170.00
490	128.00	 91.00	 55.00
491	 81.00	 71.00	106.00
492	 59.00	 59.00	 59.00
493	 10.00	239.00	143.00
494	164.00	164.00	128.00
495	255.00	 72.00	127.00
496	 42.00	145.00	  0.00
497	109.00	182.00	219.00
498	 85.00	 90.00	157.00
499	157.00	110.00	160.00
500	255.00	  2.00	211.00
501	 18.00	128.00	128.00
502	170.00	  0.00	  0.00
503	 18.00	237.00	 55.00
504	121.00	186.00	193.00
505	 18.00	 18.00	128.00
506	255.00	182.00	182.00
507	105.00	105.00	105.00
508	186.00	139.00	138.00
509	255.00	255.00	 85.00
510	164.00	200.00	200.00
511	109.00	 73.00	219.00
512	 18.00	200.00	 18.00
513	166.00	154.00	154.00
514	 36.00	181.00	 68.00
515	236.00	224.00	224.00
516	170.00	 36.00	170.00
517	160.00	100.00	 90.00
518	 12.00	 46.00	 60.00
519	214.00	214.00	226.00
520	127.00	 72.00	127.00
521	100.00	142.00	 91.00
522	212.00	  0.00	212.00
523	165.00	165.00	165.00
524	 61.00	 82.00	 96.00
525	 65.00	 65.00	 65.00
526	  0.00	 72.00	255.00
527	207.00	228.00	214.00
528	 55.00	200.00	 18.00
529	 41.00	 32.00	255.00
530	135.00	135.00	135.00
531	219.00	146.00	255.00
532	229.00	141.00	 61.00
533	  0.00	 72.00	 42.00
534	 24.00	  1.00	 29.00
535	219.00	  0.00	146.00
536	164.00	200.00	 91.00
537	200.00	 91.00	 18.00
538	127.00	255.00	212.00
539	195.00	195.00	195.00
540	 85.00	182.00	255.00
541	 87.00	 70.00	 35.00
542	128.00	164.00	 55.00
543	237.00	 18.00	237.00
544	154.00	154.00	166.00
545	128.00	200.00	200.00
546	 36.00	 73.00	146.00
547	228.00	200.00	191.00
548	 42.00	 36.00	127.00
549	 85.00	 36.00	255.00
550	 73.00	 73.00	219.00
551	 85.00	 85.00	 85.00
552	200.00	164.00	 18.00
553	143.00	 81.00	172.00
554	 60.00	 12.00	 17.00
555	233.00	195.00	249.00
556	224.00	236.00	224.00
557	182.00	255.00	255.00
558	128.00	 55.00	 91.00
559	146.00	  0.00	109.00
560	255.00	109.00	 42.00
561	109.00	  0.00	255.00
562	192.00	  2.00	160.00
563	162.00	173.00	251.00
564	 36.00	255.00	 36.00
565	 42.00	255.00	170.00
566	 18.00	164.00	128.00
567	217.00	206.00	236.00
568	  0.00	219.00	146.00
569	 55.00	237.00	 55.00
570	170.00	255.00	212.00
571	146.00	255.00	  0.00
572	200.00	128.00	164.00
573	 92.00	198.00	  5.00
574	164.00	 18.00	237.00
575	164.00	 91.00	128.00
576	 42.00	 72.00	  0.00
577	171.00	 89.00	  3.00
578	  0.00	182.00	212.00
579	 91.00	164.00	 18.00
580	 55.00	128.00	 91.00
581	109.00	255.00	219.00
582	170.00	 72.00	  0.00
583	 75.00	 75.00	 75.00
584	 12.00	155.00	184.00
585	110.00	 97.00	 75.00
586	255.00	 36.00	255.00
587	182.00	  0.00	 73.00
588	 68.00	253.00	193.00
589	 91.00	 91.00	 18.00
590	146.00	 73.00	  0.00
591	 85.00	218.00	 85.00
592	 42.00	109.00	127.00
593	  0.00	  0.00	  0.00
594	127.00	182.00	 85.00
595	255.00	 72.00	 42.00
596	170.00	 72.00	170.00
597	 36.00	  0.00	  0.00
598	109.00	146.00	109.00
599	219.00	219.00	146.00
600	  0.00	218.00	  0.00
601	255.00	182.00	255.00
602	 85.00	  0.00	127.00
603	200.00	 91.00	237.00
604	  0.00	  0.00	255.00
605	206.00	175.00	241.00
606	146.00	255.00	182.00
607	182.00	109.00	146.00
608	213.00	 90.00	 53.00
609	164.00	164.00	237.00
610	 46.00	 46.00	 58.00
611	 55.00	 55.00	 18.00
612	219.00	182.00	182.00
613	255.00	219.00	109.00
614	 73.00	146.00	 73.00
615	194.00	206.00	194.00
616	127.00	 72.00	170.00
617	203.00	134.00	195.00
618	164.00	128.00	164.00
619	128.00	200.00	 55.00
620	 72.00	139.00	107.00
621	131.00	191.00	169.00
622	 53.00	212.00	 50.00
623	170.00	109.00	 42.00
624	164.00	164.00	 55.00
625	 55.00	237.00	164.00
626	110.00	110.00	110.00
627	255.00	255.00	182.00
628	 54.00	 21.00	 61.00
629	 39.00	 96.00	160.00
630	 91.00	 18.00	200.00
631	212.00	  0.00	 85.00
632	 36.00	146.00	 73.00
633	219.00	219.00	109.00
634	255.00	219.00	 36.00
635	164.00	 55.00	 55.00
636	 36.00	  0.00	146.00
637	 86.00	 37.00	 28.00
638	146.00	182.00	182.00
639	255.00	 36.00	109.00
640	164.00	128.00	128.00
641	 52.00	151.00	194.00
642	255.00	109.00	 85.00
643	 18.00	164.00	237.00
644	170.00	255.00	 85.00
645	 18.00	 55.00	164.00
646	237.00	164.00	 18.00
647	182.00	255.00	109.00
648	  0.00	255.00	219.00
649	 93.00	167.00	124.00
650	 55.00	237.00	237.00
651	237.00	 18.00	128.00
652	146.00	109.00	109.00
653	190.00	190.00	190.00
654	 55.00	 55.00	200.00
655	 54.00	 23.00	 44.00
656	 49.00	196.00	  0.00
657	113.00	153.00	104.00
658	109.00	 36.00	  0.00
659	 16.00	216.00	210.00
660	 73.00	219.00	 36.00
661	170.00	218.00	  0.00
662	 39.00	 16.00	201.00
663	181.00	 53.00	120.00
664	128.00	 91.00	200.00
665	255.00	  0.00	212.00
666	 73.00	109.00	146.00
667	155.00	151.00	107.00
668	109.00	219.00	219.00
669	121.00	101.00	150.00
670	255.00	182.00	127.00
671	170.00	218.00	212.00
672	 85.00	109.00	212.00
673	 36.00	255.00	182.00
674	 68.00	250.00	  3.00
675	212.00	182.00	  0.00
676	212.00	109.00	 42.00
677	 91.00	 18.00	 55.00
678	146.00	 73.00	182.00
679	146.00	255.00	255.00
680	174.00	243.00	242.00
681	 91.00	128.00	 91.00
682	109.00	 36.00	255.00
683	218.00	218.00	218.00
684	219.00	109.00	 36.00
685	 50.00	 50.00	 50.00
686	 36.00	 73.00	219.00
687	134.00	224.00	128.00
688	 29.00	 65.00	 11.00
689	227.00	217.00	 23.00
690	255.00	  0.00	170.00
691	 45.00	 45.00	 45.00
692	 91.00	164.00	 91.00
693	  0.00	182.00	  0.00
694	127.00	 72.00	212.00
695	182.00	255.00	 36.00
696	128.00	 18.00	 18.00
697	 95.00	 95.00	 95.00
698	160.00	160.00	160.00
699	109.00	255.00	255.00
700	 81.00	 37.00	 81.00
701	 32.00	149.00	  3.00
702	212.00	109.00	170.00
703	 91.00	237.00	128.00
704	 78.00	104.00	 47.00
705	235.00	222.00	212.00
706	 18.00	 55.00	 18.00
707	 18.00	200.00	200.00
708	 85.00	145.00	170.00
709	212.00	145.00	212.00
710	  0.00	 36.00	219.00
711	127.00	 25.00	185.00
712	237.00	237.00	 91.00
713	219.00	  0.00	219.00
714	127.00	255.00	 85.00
715	217.00	201.00	 52.00
716	200.00	 18.00	 18.00
717	101.00	109.00	117.00
718	 14.00	 69.00	123.00
719	177.00	165.00	242.00
720	255.00	109.00	 36.00
721	145.00	157.00	145.00
722	128.00	200.00	 18.00
723	255.00	182.00	 73.00
724	 36.00	109.00	109.00
725	200.00	 55.00	164.00
726	 73.00	 36.00	  0.00
727	128.00	237.00	128.00
728	146.00	146.00	146.00
729	237.00	 91.00	164.00
730	182.00	 36.00	 36.00
731	182.00	255.00	219.00
732	170.00	182.00	  0.00
733	153.00	134.00	164.00
734	 73.00	109.00	182.00
735	108.00	134.00	 77.00
736	212.00	145.00	127.00
737	109.00	255.00	 73.00
738	 95.00	111.00	 54.00
739	255.00	255.00	219.00
740	109.00	 36.00	 73.00
741	108.00	 52.00	 57.00
742	115.00	115.00	115.00
743	 91.00	128.00	 55.00
744	  0.00	  0.00	255.00
745	255.00	  0.00	219.00
746	 73.00	255.00	182.00
747	163.00	237.00	226.00
748	212.00	109.00	 85.00
749	164.00	166.00	178.00
750	115.00	115.00	127.00
751	255.00	255.00	255.00
752	 73.00	219.00	219.00
753	194.00	194.00	206.00
754	238.00	114.00	235.00
755	223.00	208.00	211.00
756	137.00	125.00	125.00
757	182.00	182.00	219.00
758	 55.00	237.00	 91.00
759	 67.00	 61.00	 31.00
760	 42.00	  0.00	255.00
761	 42.00	  0.00	170.00
762	 85.00	 36.00	212.00
763	219.00	 73.00	109.00
764	  0.00	 73.00	 73.00
765	  0.00	 36.00	146.00
766	215.00	189.00	214.00
767	212.00	 72.00	127.00
768	105.00	147.00	171.00
769	 47.00	220.00	196.00
770	 18.00	 55.00	 55.00
771	219.00	109.00	146.00
772	 55.00	 18.00	 55.00
773	 80.00	 91.00	 38.00
774	164.00	200.00	 18.00
775	 42.00	255.00	 85.00
776	164.00	 91.00	 18.00
777	 27.00	 95.00	 47.00
778	219.00	 73.00	 73.00
779	146.00	219.00	219.00
780	223.00	219.00	191.00
781	 60.00	 60.00	 60.00
782	  0.00	 73.00	146.00
783	146.00	146.00	 73.00
784	204.00	205.00	148.00
785	231.00	162.00	169.00
786	255.00	146.00	  0.00
787	 29.00	217.00	115.00
788	127.00	145.00	 42.00
789	127.00	218.00	170.00
790	 42.00	218.00	127.00
791	 85.00	 97.00	 85.00
792	 26.00	 60.00	 89.00
793	182.00	 73.00	  0.00
794	  0.00	  0.00	 85.00
795	  0.00	255.00	 36.00
796	 55.00	164.00	 91.00
797	170.00	182.00	127.00
798	 91.00	200.00	164.00
799	212.00	255.00	 85.00
800	  0.00	 36.00	 42.00
801	141.00	153.00	209.00
802	143.00	208.00	215.00
803	  0.00	109.00	146.00
804	182.00	255.00	146.00
805	 59.00	 42.00	 57.00
806	 55.00	 67.00	 55.00
807	 91.00	164.00	164.00
808	186.00	232.00	173.00
809	  0.00	109.00	 36.00
810	 99.00	 99.00	 99.00
811	 36.00	 36.00	 36.00
812	164.00	176.00	164.00
813	 91.00	 18.00	164.00
814	255.00	255.00	 73.00
815	170.00	170.00	170.00
816	168.00	168.00	168.00
817	182.00	219.00	255.00
818	182.00	109.00	182.00
819	 37.00	176.00	148.00
820	128.00	 18.00	128.00
821	 55.00	200.00	237.00
822	109.00	255.00	 36.00
823	127.00	218.00	127.00
824	146.00	219.00	146.00
825	200.00	237.00	200.00
826	219.00	109.00	109.00
827	143.00	252.00	200.00
828	128.00	237.00	237.00
829	146.00	146.00	219.00
830	170.00	145.00	255.00
831	 73.00	219.00	  0.00
832	182.00	 73.00	 73.00
833	219.00	146.00	  0.00
834	207.00	163.00	218.00
835	 16.00	199.00	139.00
836	128.00	 55.00	200.00
837	255.00	146.00	255.00
838	 73.00	 36.00	182.00
839	212.00	 36.00	  0.00
840	170.00	  0.00	 85.00
841	128.00	 91.00	 18.00
842	 91.00	 18.00	128.00
843	182.00	  0.00	255.00
844	128.00	164.00	164.00
845	200.00	200.00	200.00
846	  8.00	  0.00	  0.00
847	 42.00	  0.00	 42.00
848	127.00	255.00	  0.00
849	246.00	251.00	115.00
850	 73.00	182.00	255.00
851	164.00	128.00	 91.00
852	182.00	146.00	182.00
853	 42.00	255.00	212.00
854	127.00	109.00	 85.00
855	141.00	137.00	172.00
856	255.00	199.00	 29.00
857	230.00	215.00	236.00
858	184.00	184.00	196.00
859	170.00	109.00	 85.00
860	 94.00	 23.00	166.00
861	 36.00	 73.00	 36.00
862	127.00	  0.00	 42.00
863	164.00	128.00	237.00
864	162.00	154.00	191.00
865	184.00	159.00	  1.00
866	 36.00	255.00	255.00
867	  0.00	146.00	255.00
868	243.00	173.00	 59.00
869	170.00	109.00	212.00
870	255.00	182.00	  0.00
871	200.00	164.00	 55.00
872	124.00	188.00	 47.00
873	250.00	255.00	159.00
874	 33.00	248.00	 30.00
875	165.00	175.00	230.00
876	 73.00	109.00	255.00
877	219.00	146.00	 73.00
878	182.00	219.00	  0.00
879	149.00	149.00	149.00
880	255.00	109.00	255.00
881	200.00	 55.00	 18.00
882	  0.00	  0.00	 42.00
883	164.00	 55.00	128.00
884	182.00	186.00	149.00
885	123.00	 99.00	 55.00
886	  0.00	109.00	 42.00
887	237.00	200.00	237.00
888	127.00	 72.00	 42.00
889	 42.00	255.00	127.00
890	170.00	 72.00	127.00
891	255.00	182.00	 42.00
892	 36.00	 36.00	109.00
893	 84.00	 31.00	103.00
894	 85.00	 72.00	212.00
895	 36.00	219.00	146.00
896	 42.00	145.00	 85.00
897	 18.00	 91.00	237.00
898	128.00	237.00	 18.00
899	 91.00	 55.00	 91.00
900	109.00	182.00	146.00
901	255.00	182.00	146.00
902	146.00	255.00	 73.00
903	219.00	 73.00	  0.00
904	 91.00	128.00	164.00
905	173.00	194.00	230.00
906	127.00	 36.00	  0.00
907	177.00	222.00	193.00
908	 85.00	255.00	 85.00
909	 55.00	237.00	200.00
910	237.00	 55.00	200.00
911	208.00	208.00	208.00
912	109.00	146.00	255.00
913	109.00	 36.00	146.00
914	 36.00	182.00	146.00
915	183.00	241.00	117.00
916	 18.00	164.00	 55.00
917	 73.00	 73.00	182.00
918	164.00	 55.00	164.00
919	 85.00	  0.00	 42.00
920	255.00	  0.00	  0.00
921	128.00	 18.00	200.00
922	128.00	 55.00	128.00
923	  0.00	145.00	212.00
924	  3.00	 13.00	 78.00
925	170.00	 72.00	 42.00
926	182.00	 36.00	146.00
927	175.00	130.00	  9.00
928	  0.00	  0.00	146.00
929	182.00	109.00	  0.00
930	186.00	174.00	174.00
931	128.00	237.00	164.00
932	200.00	 91.00	200.00
933	  0.00	218.00	212.00
934	182.00	182.00	 73.00
935	251.00	197.00	130.00
936	212.00	255.00	255.00
937	144.00	108.00	152.00
938	255.00	146.00	 36.00
939	127.00	182.00	127.00
940	237.00	164.00	237.00
941	255.00	218.00	 42.00
942	185.00	185.00	224.00
943	205.00	205.00	205.00
944	 55.00	 55.00	237.00
945	204.00	204.00	216.00
946	200.00	237.00	128.00
947	103.00	163.00	 93.00
948	 85.00	 72.00	127.00
949	 55.00	 18.00	200.00
950	  0.00	255.00	  0.00
951	 91.00	 91.00	200.00
952	150.00	150.00	150.00
953	 42.00	145.00	255.00
954	109.00	255.00	146.00
955	255.00	 73.00	 36.00
956	 36.00	146.00	219.00
957	164.00	 91.00	164.00
958	200.00	200.00	200.00
959	150.00	150.00	150.00
960	100.00	100.00	100.00
961	 50.00	 50.00	 50.00
962	255.00	180.00	255.00
963	255.00	255.00	180.00
964	180.00	255.00	255.00
965	255.00	  0.00	255.00
966	255.00	255.00	  0.00
967	  0.00	255.00	255.00
968	200.00	200.00	200.00
969	150.00	150.00	150.00
970	100.00	100.00	100.00
971	 50.00	 50.00	 50.00
972	255.00	180.00	255.00
973	255.00	255.00	180.00
974	180.00	255.00	255.00
975	255.00	  0.00	255.00
976	255.00	255.00	  0.00
977	  0.00	255.00	255.00
978	200.00	200.00	200.00
979	150.00	150.00	150.00
980	100.00	100.00	100.00
981	 50.00	 50.00	 50.00
982	127.00	218.00	255.00
983	128.00	 18.00	 55.00
984	163.00	173.00	146.00
985	 42.00	 72.00	170.00
986	200.00	200.00	128.00
987	 85.00	255.00	127.00
988	 73.00	  0.00	 36.00
989	182.00	109.00	 73.00
990	164.00	237.00	200.00
991	212.00	 72.00	 42.00
992	202.00	 46.00	232.00
993	219.00	 73.00	255.00
994	127.00	  0.00	  0.00
995	156.00	188.00	199.00
996	164.00	128.00	 18.00
997	255.00	  0.00	146.00
998	182.00	182.00	  0.00
999	144.00	 88.00	144.00
1000	209.00	254.00	246.00
1001	  0.00	255.00	255.00
1002	 73.00	 73.00	255.00
1003	  0.00	 36.00	170.00
1004	  0.00	146.00	 73.00
1005	237.00	200.00	128.00
1006	 73.00	109.00	109.00
1007	 25.00	 25.00	 25.00
1008	128.00	 91.00	128.00
1009	 85.00	 61.00	255.00
1010	 91.00	 55.00	 55.00
1011	 33.00	 66.00	 51.00
1012	162.00	208.00	122.00
1013	  0.00	109.00	212.00
1014	235.00	235.00	235.00
1015	 73.00	  0.00	182.00
1016	212.00	218.00	255.00
1017	170.00	 72.00	212.00
1018	255.00	182.00	  0.00
1019	 18.00	237.00	 18.00
1020	182.00	 36.00	219.00
1021	 28.00	196.00	184.00
1022	146.00	182.00	  0.00
1023	 18.00	200.00	128.00
1024	109.00	182.00	109.00
1025	127.00	109.00	212.00
1026	165.00	134.00	207.00
1027	 19.00	255.00	222.00
1028	 62.00	 68.00	 51.00
1029	 73.00	 73.00	109.00
1030	190.00	128.00	 57.00
1031	 42.00	145.00	 42.00
1032	 55.00	164.00	164.00
1033	 73.00	  0.00	146.00
1034	137.00	140.00	197.00
1035	255.00	218.00	255.00
1036	 91.00	 91.00	 55.00
1037	 91.00	 55.00	 18.00
1038	219.00	255.00	146.00
1039	198.00	198.00	198.00
1040	 73.00	109.00	  0.00
1041	237.00	164.00	200.00
1042	 55.00	 91.00	128.00
1043	107.00	 66.00	133.00
1044	 91.00	237.00	 18.00
1045	145.00	145.00	157.00
1046	 18.00	164.00	 18.00
1047	237.00	 91.00	 55.00
1048	 42.00	 36.00	 42.00
1049	148.00	118.00	185.00
1050	 93.00	  1.00	  3.00
1051	212.00	255.00	212.00
1052	205.00	111.00	 18.00
1053	200.00	164.00	200.00
1054	140.00	 44.00	 53.00
1055	  0.00	109.00	  0.00
1056	109.00	109.00	 36.00
1057	197.00	215.00	215.00
1058	170.00	218.00	127.00
1059	 90.00	 90.00	 90.00
1060	 55.00	 55.00	 67.00
1061	109.00	 36.00	219.00
1062	 55.00	 62.00	178.00
1063	 55.00	 91.00	237.00
1064	118.00	167.00	191.00
1065	255.00	182.00	 36.00
1066	 18.00	 18.00	164.00
1067	109.00	219.00	182.00
1068	255.00	 73.00	219.00
1069	 74.00	202.00	184.00
1070	219.00	255.00	219.00
1071	 36.00	  0.00	 36.00
1072	237.00	164.00	 91.00
1073	219.00	255.00	109.00
1074	 36.00	109.00	146.00
1075	255.00	145.00	170.00
1076	100.00	110.00	111.00
1077	  0.00	109.00	219.00
1078	170.00	218.00	 85.00
1079	 36.00	 36.00	 73.00
1080	 85.00	218.00	 42.00
1081	 95.00	107.00	 95.00
1082	212.00	 36.00	 85.00
1083	109.00	 36.00	109.00
1084	151.00	120.00	 99.00
1085	 85.00	109.00	 42.00
1086	200.00	128.00	200.00
1087	  0.00	255.00	127.00
1088	251.00	124.00	 77.00
1089	219.00	  0.00	255.00
1090	 42.00	182.00	127.00
1091	255.00	 73.00	146.00
1092	 80.00	 80.00	 80.00
1093	 18.00	237.00	164.00
1094	212.00	  0.00	  0.00
1095	 84.00	135.00	 79.00
1096	170.00	255.00	  0.00
1097	212.00	218.00	170.00
1098	146.00	 73.00	 36.00
1099	106.00	250.00	 46.00
1100	 91.00	200.00	200.00
1101	 91.00	128.00	200.00
1102	219.00	182.00	109.00
1103	 91.00	200.00	 91.00
1104	170.00	 72.00	255.00
1105	 85.00	  0.00	170.00
1106	  0.00	146.00	219.00
1107	 91.00	164.00	237.00
1108	 79.00	 79.00	 79.00
1109	171.00	169.00	127.00
1110	 85.00	  0.00	212.00
1111	 80.00	 86.00	121.00
1112	182.00	182.00	182.00
1113	170.00	255.00	 42.00
1114	 91.00	237.00	164.00
1115	 91.00	 91.00	128.00
1116	255.00	146.00	109.00
1117	127.00	218.00	212.00
1118	 73.00	146.00	 36.00
1119	200.00	 55.00	 55.00
1120	128.00	164.00	 18.00
1121	144.00	  9.00	119.00
1122	203.00	132.00	171.00
1123	 18.00	164.00	164.00
1124	 42.00	 36.00	  0.00
1125	170.00	  0.00	 42.00
1126	 16.00	 28.00	 16.00
1127	164.00	237.00	237.00
1128	 55.00	 55.00	164.00
1129	170.00	182.00	170.00
1130	255.00	218.00	170.00
1131	164.00	 18.00	164.00
1132	170.00	145.00	 42.00
1133	237.00	161.00	210.00
1134	128.00	 55.00	 55.00
1135	 75.00	 75.00	 87.00
1136	237.00	237.00	200.00
1137	 36.00	182.00	 36.00
1138	 55.00	237.00	 18.00
1139	219.00	 73.00	146.00
1140	 36.00	109.00	255.00
1141	  0.00	 73.00	109.00
1142	 91.00	 55.00	200.00
1143	  0.00	  0.00	 36.00
1144	 65.00	 77.00	 65.00
1145	 58.00	 46.00	 46.00
1146	 35.00	 41.00	 23.00
1147	 18.00	128.00	 18.00
1148	220.00	220.00	220.00
1149	 36.00	 36.00	219.00
1150	170.00	 72.00	 85.00
1151	170.00	  0.00	127.00
1152	200.00	220.00	196.00
1153	255.00	 50.00	192.00
1154	147.00	135.00	135.00
1155	 91.00	164.00	128.00
1156	255.00	255.00	 42.00
1157	164.00	200.00	 55.00
1158	  0.00	218.00	255.00
1159	 42.00	218.00	 42.00
1160	  6.00	 18.00	  6.00
1161	  0.00	 72.00	  0.00
1162	 18.00	  6.00	  6.00
1163	219.00	182.00	219.00
1164	  0.00	182.00	182.00
1165	  0.00	218.00	 85.00
1166	255.00	 72.00	212.00
1167	 55.00	164.00	 18.00
1168	215.00	215.00	215.00
1169	 73.00	146.00	  0.00
1170	 91.00	200.00	 55.00
1171	109.00	 73.00	  0.00
1172	182.00	219.00	146.00
1173	128.00	140.00	 95.00
1174	 18.00	 18.00	237.00
1175	 25.00	 25.00	 91.00
1176	119.00	119.00	119.00
1177	237.00	237.00	 18.00
1178	  0.00	145.00	255.00
1179	181.00	157.00	126.00
1180	  4.00	 55.00	 76.00
1181	109.00	146.00	  0.00
1182	 36.00	146.00	  0.00
1183	170.00	145.00	  0.00
1184	 55.00	 91.00	 55.00
1185	109.00	 73.00	146.00
1186	128.00	164.00	237.00
1187	146.00	255.00	146.00
1188	255.00	218.00	  0.00
1189	 73.00	 73.00	146.00
1190	 73.00	  0.00	  0.00
1191	 50.00	 50.00	 50.00
1192	  0.00	109.00	109.00
1193	182.00	146.00	  0.00
1194	219.00	 36.00	 73.00
1195	157.00	145.00	145.00
1196	 89.00	 89.00	 89.00
1197	181.00	239.00	190.00
1198	183.00	115.00	148.00
1199	200.00	200.00	237.00
1200	164.00	200.00	128.00
1201	 55.00	 18.00	164.00
1202	146.00	146.00	  0.00
1203	219.00	109.00	219.00
1204	182.00	  0.00	219.00
1205	146.00	 73.00	255.00
1206	109.00	146.00	 36.00
1207	182.00	 73.00	182.00
1208	237.00	200.00	 18.00
1209	 55.00	128.00	 55.00
1210	255.00	146.00	 73.00
1211	 85.00	 96.00	131.00
1212	164.00	200.00	164.00
1213	126.00	205.00	 16.00
1214	 87.00	 75.00	 75.00
1215	  0.00	  0.00	  8.00
1216	 73.00	 36.00	 73.00
1217	216.00	222.00	176.00
1218	 36.00	 36.00	182.00
1219	  0.00	218.00	127.00
1220	  0.00	145.00	  0.00
1221	 32.00	  6.00	 11.00
1222	  0.00	  0.00	170.00
1223	237.00	200.00	200.00
1224	178.00	178.00	178.00
1225	 36.00	 73.00	 73.00
1226	170.00	182.00	 42.00
1227	187.00	207.00	252.00
1228	200.00	237.00	 91.00
1229	 35.00	 35.00	 35.00
1230	132.00	199.00	180.00
1231	 36.00	146.00	146.00
1232	141.00	 29.00	227.00
1233	127.00	109.00	170.00
1234	  0.00	182.00	127.00
1235	170.00	 36.00	 42.00
1236	109.00	 73.00	 73.00
1237	212.00	109.00	212.00
1238	  0.00	255.00	255.00
1239	182.00	 36.00	182.00
1240	 18.00	 18.00	 55.00
1241	200.00	 91.00	 55.00
1242	219.00	 73.00	182.00
1243	113.00	 98.00	 98.00
1244	164.00	164.00	 91.00
1245	135.00	147.00	135.00
1246	105.00	117.00	105.00
1247	204.00	216.00	204.00
1248	226.00	214.00	214.00
1249	200.00	164.00	237.00
1250	 85.00	182.00	  0.00
1251	195.00	195.00	 78.00
1252	 42.00	182.00	170.00
1253	255.00	 73.00	 73.00
1254	255.00	145.00	 85.00
1255	109.00	  0.00	 73.00
1256	 55.00	 18.00	 91.00
1257	  0.00	100.00	 86.00
1258	 85.00	109.00	 85.00
1259	170.00	144.00	162.00
1260	 55.00	164.00	128.00
1261	182.00	  0.00	 36.00
1262	 53.00	 42.00	 41.00
1263	 42.00	 36.00	170.00
1264	 20.00	102.00	 55.00
1265	 25.00	 27.00	 68.00
1266	212.00	109.00	127.00
1267	127.00	 72.00	 85.00
1268	212.00	182.00	 85.00
1269	182.00	182.00	 36.00
1270	  0.00	109.00	170.00
1271	  0.00	219.00	 73.00
1272	212.00	 72.00	170.00
1273	 18.00	 55.00	 91.00
1274	200.00	128.00	 55.00
1275	244.00	234.00	255.00
1276	237.00	 91.00	237.00
1277	128.00	 55.00	164.00
1278	 36.00	109.00	219.00
1279	 85.00	218.00	212.00
1280	  0.00	146.00	  0.00
1281	  0.00	109.00	182.00
1282	120.00	122.00	168.00
1283	127.00	 36.00	 85.00
1284	 73.00	  0.00	219.00
1285	  3.00	 43.00	242.00
1286	 91.00	 91.00	237.00
1287	 18.00	164.00	 91.00
1288	 67.00	238.00	147.00
1289	 42.00	 72.00	212.00
1290	255.00	 36.00	  0.00
1291	 73.00	 36.00	255.00
1292	164.00	 18.00	 91.00
1293	255.00	 72.00	 85.00
1294	164.00	 18.00	 55.00
1295	 73.00	 36.00	109.00
1296	  0.00	255.00	146.00
1297	109.00	109.00	146.00
1298	231.00	205.00	168.00
1299	128.00	128.00	164.00
1300	 51.00	 71.00	 65.00
1301	 85.00	255.00	255.00
1302	128.00	128.00	 55.00
1303	237.00	128.00	200.00
1304	255.00	219.00	  0.00
1305	127.00	  0.00	212.00
1306	  0.00	 72.00	170.00
1307	 94.00	 87.00	144.00
1308	255.00	145.00	  0.00
1309	157.00	150.00	167.00
1310	146.00	 36.00	  0.00
1311	 85.00	 36.00	127.00
1312	237.00	 55.00	 91.00
1313	255.00	182.00	 85.00
1314	124.00	 80.00	116.00
1315	156.00	158.00	154.00
1316	202.00	146.00	140.00
1317	 18.00	 91.00	164.00
1318	 86.00	 93.00	 49.00
1319	 69.00	 69.00	 69.00
1320	146.00	109.00	255.00
1321	219.00	 68.00	251.00
1322	127.00	115.00	115.00
1323	164.00	 55.00	 18.00
1324	200.00	215.00	169.00
1325	255.00	 73.00	182.00
1326	128.00	 55.00	237.00
1327	127.00	182.00	  0.00
1328	180.00	180.00	180.00
1329	109.00	146.00	 73.00
1330	255.00	219.00	 73.00
1331	 36.00	219.00	255.00
1332	 34.00	253.00	250.00
1333	 36.00	255.00	  0.00
1334	  0.00	 36.00	109.00
1335	 36.00	 73.00	255.00
1336	171.00	236.00	162.00
1337	115.00	  4.00	231.00
1338	242.00	 67.00	112.00
1339	237.00	 18.00	164.00
1340	200.00	 18.00	237.00
1341	  0.00	 73.00	 36.00
1342	255.00	233.00	193.00
1343	255.00	  0.00	255.00
1344	 55.00	200.00	 55.00
1345	164.00	128.00	 55.00
1346	200.00	 55.00	200.00
1347	 16.00	 16.00	 28.00
1348	 40.00	 77.00	 88.00
1349	118.00	 50.00	 84.00
1350	  0.00	  0.00	212.00
1351	109.00	255.00	109.00
1352	 85.00	182.00	 85.00
1353	 85.00	 85.00	 85.00
1354	128.00	237.00	 55.00
1355	210.00	210.00	210.00
1356	219.00	236.00	190.00
1357	 36.00	  0.00	109.00
1358	  0.00	 36.00	127.00
1359	 42.00	 36.00	 85.00
1360	 73.00	  0.00	 73.00
1361	156.00	114.00	124.00
1362	255.00	 36.00	 73.00
1363	200.00	 91.00	128.00
1364	  0.00	 36.00	255.00
1365	 94.00	107.00	163.00
1366	130.00	130.00	130.00
1367	 85.00	 72.00	 85.00
1368	146.00	255.00	109.00
1369	 55.00	200.00	164.00
1370	158.00	156.00	 37.00
1371	182.00	 73.00	109.00
1372	 11.00	241.00	 99.00
1373	237.00	200.00	 91.00
1374	219.00	 36.00	219.00
1375	164.00	164.00	 18.00
1376	 40.00	 40.00	 40.00
1377	 98.00	 88.00	 51.00
1378	 55.00	128.00	200.00
1379	219.00	255.00	  0.00
1380	255.00	218.00	212.00
1381	212.00	182.00	170.00
1382	188.00	 60.00	 59.00
1383	250.00	250.00	250.00
1384	111.00	 79.00	 44.00
1385	 75.00	  1.00	 51.00
1386	240.00	240.00	240.00
1387	246.00	234.00	234.00
1388	253.00	 14.00	 19.00
1389	133.00	 36.00	130.00
1390	170.00	  0.00	212.00
1391	 36.00	182.00	  0.00
1392	  0.00	182.00	255.00
1393	 36.00	146.00	109.00
1394	200.00	128.00	 18.00
1395	237.00	237.00	164.00
1396	 18.00	 55.00	200.00
1397	110.00	149.00	194.00
1398	109.00	  0.00	  0.00
1399	146.00	  0.00	 73.00
1400	 85.00	  0.00	  0.00
1401	 91.00	237.00	237.00
1402	200.00	164.00	128.00
1403	 36.00	  0.00	219.00
1404	  0.00	 36.00	212.00
1405	161.00	149.00	130.00
1406	 73.00	255.00	109.00
1407	105.00	105.00	117.00
1408	 10.00	  5.00	225.00
1409	 26.00	203.00	237.00
1410	255.00	219.00	255.00
1411	 36.00	182.00	255.00
1412	 15.00	 15.00	 15.00
1413	 36.00	146.00	 36.00
1414	 86.00	101.00	104.00
1415	174.00	231.00	211.00
1416	182.00	 73.00	146.00
1417	219.00	 36.00	146.00
1418	164.00	 91.00	 55.00
1419	 20.00	 20.00	 20.00
1420	  0.00	145.00	127.00
1421	109.00	182.00	 36.00
1422	222.00	252.00	 41.00
1423	255.00	 72.00	255.00
1424	 42.00	109.00	  0.00
1425	127.00	218.00	 42.00
1426	 42.00	182.00	 85.00
1427	127.00	182.00	170.00
1428	128.00	 18.00	164.00
1429	200.00	 18.00	 55.00
1430	170.00	255.00	127.00
1431	212.00	218.00	 85.00
1432	157.00	251.00	 24.00
1433	 91.00	 91.00	164.00
1434	164.00	 91.00	 91.00
1435	182.00	 73.00	 36.00
1436	182.00	  0.00	182.00
1437	128.00	200.00	237.00
1438	  3.00	220.00	173.00
1439	255.00	  0.00	182.00
1440	 85.00	145.00	 42.00
1441	255.00	145.00	212.00
1442	237.00	 55.00	 18.00
1443	 91.00	164.00	200.00
1444	127.00	 36.00	127.00
1445	202.00	249.00	223.00
1446	  6.00	170.00	 97.00
1447	128.00	164.00	128.00
1448	219.00	219.00	 73.00
1449	146.00	  0.00	255.00
1450	  0.00	255.00	212.00
1451	170.00	109.00	127.00
1452	255.00	109.00	146.00
1453	128.00	 18.00	 91.00
1454	  0.00	146.00	182.00
1455	 85.00	218.00	127.00
1456	 55.00	128.00	237.00
1457	117.00	184.00	116.00
1458	127.00	 72.00	255.00
1459	220.00	 43.00	159.00
1460	175.00	204.00	143.00
1461	146.00	  0.00	 36.00
1462	164.00	 55.00	 91.00
1463	224.00	224.00	236.00
1464	139.00	 70.00	115.00
1465	228.00	228.00	228.00
1466	135.00	135.00	147.00
1467	182.00	 36.00	109.00
1468	 42.00	218.00	212.00
1469	134.00	117.00	114.00
1470	219.00	146.00	146.00
1471	 46.00	 58.00	 46.00
1472	237.00	234.00	236.00
1473	109.00	 73.00	182.00
1474	255.00	109.00	127.00
1475	212.00	  0.00	127.00
1476	 30.00	116.00	 11.00
1477	  0.00	182.00	170.00
1478	  0.00	255.00	170.00
1479	128.00	237.00	 91.00
1480	127.00	 36.00	255.00
1481	109.00	219.00	 36.00
1482	182.00	219.00	182.00
1483	 22.00	255.00	 61.00
1484	255.00	218.00	127.00
1485	106.00	 61.00	 42.00
1486	 97.00	 54.00	 74.00
1487	146.00	 73.00	146.00
1488	234.00	234.00	246.00
1489	219.00	109.00	  0.00
1490	  0.00	219.00	  0.00
1491	 85.00	145.00	212.00
1492	 42.00	218.00	170.00
1493	182.00	 36.00	 73.00
1494	 91.00	 18.00	 18.00
1495	109.00	  0.00	109.00
1496	111.00	241.00	111.00
1497	159.00	 33.00	255.00
1498	164.00	 55.00	200.00
1499	  0.00	 36.00	  0.00
1500	156.00	171.00	 79.00
1501	237.00	164.00	164.00
1502	 80.00	 63.00	 82.00
1503	 14.00	 76.00	176.00
1504	  0.00	  0.00	 85.00
1505	237.00	 18.00	 55.00
1506	109.00	146.00	219.00
1507	242.00	127.00	147.00
1508	219.00	146.00	109.00
1509	212.00	218.00	127.00
1510	 76.00	108.00	 78.00
1511	234.00	246.00	234.00
1512	 70.00	101.00	117.00
1513	 42.00	 72.00	 85.00
1514	  0.00	109.00	 85.00
1515	 70.00	 34.00	 63.00
1516	 20.00	 20.00	 20.00
1517	 73.00	255.00	 73.00
1518	 73.00	146.00	182.00
1519	 75.00	 87.00	 75.00
1520	237.00	 18.00	200.00
1521	219.00	 36.00	109.00
1522	170.00	  6.00	182.00
1523	146.00	146.00	255.00
1524	 42.00	 72.00	127.00
1525	 47.00	 60.00	 55.00
1526	109.00	146.00	182.00
1527	172.00	205.00	183.00
1528	 18.00	 18.00	 18.00
1529	219.00	219.00	182.00
1530	 73.00	 73.00	  0.00
1531	 85.00	218.00	170.00
1532	164.00	237.00	164.00
1533	170.00	218.00	 42.00
1534	 42.00	109.00	255.00
1535	  0.00	 36.00	255.00
1536	248.00	252.00	 13.00
1537	200.00	 91.00	 91.00
1538	 18.00	164.00	200.00
1539	114.00	182.00	163.00
1540	164.00	164.00	176.00
1541	 55.00	 18.00	237.00
1542	219.00	146.00	219.00
1543	146.00	 73.00	109.00
1544	  0.00	 36.00	 36.00
1545	 66.00	119.00	103.00
1546	108.00	131.00	103.00
1547	212.00	 72.00	255.00
1548	170.00	109.00	170.00
1549	 95.00	 95.00	107.00
1550	153.00	254.00	 77.00
1551	 55.00	128.00	164.00
1552	170.00	182.00	212.00
1553	 55.00	 55.00	128.00
1554	216.00	177.00	228.00
1555	 42.00	218.00	 85.00
1556	255.00	109.00	255.00
1557	237.00	 91.00	 18.00
1558	  0.00	  0.00	170.00
1559	249.00	201.00	185.00
1560	161.00	208.00	168.00
1561	  0.00	  0.00	127.00
1562	182.00	146.00	109.00
1563	 73.00	 73.00	 36.00
1564	 36.00	 36.00	  0.00
1565	 73.00	219.00	 73.00
1566	 49.00	  0.00	 59.00
1567	200.00	128.00	128.00
1568	219.00	146.00	 36.00
1569	128.00	128.00	200.00
1570	212.00	145.00	 42.00
1571	200.00	 91.00	164.00
1572	  0.00	255.00	 42.00
1573	  0.00	  0.00	  0.00
1574	 55.00	128.00	 18.00
1575	 36.00	 73.00	109.00
1576	164.00	 91.00	200.00
1577	 42.00	 36.00	255.00
1578	 85.00	 36.00	170.00
1579	 20.00	177.00	 18.00
1580	182.00	 73.00	255.00
1581	255.00	 73.00	109.00
1582	 63.00	  1.00	 31.00
1583	219.00	109.00	182.00
1584	160.00	 97.00	231.00
1585	 36.00	 36.00	146.00
1586	255.00	146.00	219.00
1587	182.00	182.00	146.00
1588	200.00	199.00	122.00
1589	109.00	219.00	  0.00
1590	 42.00	182.00	 42.00
1591	 28.00	 16.00	 16.00
1592	255.00	 73.00	  0.00
1593	255.00	 36.00	212.00
1594	200.00	 55.00	 91.00
1595	255.00	255.00	212.00
1596	127.00	109.00	  0.00
1597	219.00	182.00	255.00
1598	125.00	 49.00	 81.00
1599	 55.00	 18.00	128.00
1600	 58.00	  1.00	134.00
1601	185.00	119.00	241.00
1602	100.00	250.00	201.00
1603	 94.00	214.00	156.00
1604	177.00	148.00	131.00
1605	127.00	109.00	 42.00
1606	128.00	 18.00	237.00
1607	 73.00	182.00	109.00
1608	 73.00	219.00	182.00
1609	120.00	129.00	185.00
1610	128.00	237.00	200.00
1611	168.00	 34.00	  3.00
1612	  0.00	  0.00	182.00
1613	255.00	219.00	146.00
1614	127.00	255.00	170.00
1615	127.00	  0.00	127.00
1616	212.00	218.00	  0.00
1617	200.00	200.00	 55.00
1618	  0.00	 73.00	255.00
1619	120.00	120.00	120.00
1620	  0.00	182.00	  0.00
1621	170.00	182.00	 85.00
1622	 26.00	 38.00	 26.00
1623	251.00	204.00	229.00
1624	241.00	 10.00	123.00
1625	 73.00	 36.00	219.00
1626	237.00	 91.00	 91.00
1627	 27.00	147.00	255.00
1628	  0.00	182.00	219.00
1629	 20.00	223.00	  9.00
1630	 73.00	219.00	146.00
1631	  0.00	  0.00	109.00
1632	 85.00	255.00	 42.00
1633	128.00	164.00	 91.00
1634	255.00	 36.00	 85.00
1635	188.00	 22.00	206.00
1636	216.00	204.00	204.00
1637	174.00	174.00	186.00
1638	170.00	 36.00	212.00
1639	255.00	255.00	  0.00
1640	255.00	146.00	146.00
1641	  9.00	 68.00	217.00
1642	200.00	200.00	164.00
1643	127.00	109.00	127.00
1644	146.00	  0.00	219.00
1645	 91.00	200.00	128.00
1646	255.00	 36.00	127.00
1647	255.00	255.00	170.00
1648	108.00	117.00	 83.00
1649	  6.00	  6.00	 18.00
1650	237.00	 18.00	 18.00
1651	186.00	182.00	131.00
1652	128.00	200.00	164.00
1653	  0.00	109.00	255.00
1654	 36.00	182.00	219.00
1655	 91.00	 18.00	237.00
1656	 36.00	 90.00	 92.00
1657	220.00	154.00	155.00
1658	140.00	140.00	140.00
1659	 97.00	 85.00	 85.00
1660	255.00	255.00	255.00
1661	  0.00	145.00	170.00
1662	109.00	109.00	219.00
1663	244.00	244.00	255.00
1664	 18.00	 91.00	 55.00
1665	212.00	182.00	 42.00
1666	146.00	255.00	219.00
1667	 89.00	150.00	  1.00
1668	 73.00	146.00	146.00
1669	237.00	 55.00	 55.00
1670	255.00	  0.00	 42.00
1671	  0.00	 36.00	 73.00
1672	 67.00	 55.00	 55.00
1673	 26.00	 26.00	 38.00
1674	145.00	156.00	 92.00
1675	255.00	  0.00	 73.00
1676	219.00	  0.00	 73.00
1677	  0.00	  0.00	  0.00
1678	170.00	218.00	255.00
1679	247.00	126.00	109.00
1680	215.00	 78.00	218.00
1681	  0.00	255.00	 73.00
1682	238.00	220.00	249.00
1683	 85.00	255.00	  0.00
1684	170.00	109.00	255.00
1685	 73.00	255.00	  0.00
1686	255.00	109.00	109.00
1687	219.00	182.00	146.00
1688	 18.00	128.00	 91.00
1689	130.00	 75.00	231.00
1690	 65.00	129.00	121.00
1691	 36.00	219.00	 73.00
1692	200.00	 55.00	128.00
1693	 96.00	 16.00	255.00
1694	 48.00	 36.00	 36.00
1695	188.00	 31.00	 89.00
1696	 23.00	 54.00	 50.00
1697	  3.00	117.00	227.00
1698	 55.00	 18.00	 18.00
1699	255.00	182.00	219.00
1700	 55.00	 55.00	 55.00
1701	127.00	145.00	170.00
1702	125.00	137.00	125.00
1703	248.00	248.00	248.00
1704	217.00	214.00	159.00
1705	 55.00	128.00	128.00
1706	219.00	219.00	255.00
1707	 85.00	182.00	212.00
1708	241.00	237.00	189.00
1709	100.00	100.00	100.00
1710	 55.00	200.00	 91.00
1711	145.00	145.00	145.00
1712	 85.00	 72.00	170.00
1713	 58.00	137.00	 69.00
1714	 73.00	182.00	219.00
1715	209.00	169.00	187.00
1716	 55.00	164.00	237.00
1717	 42.00	109.00	 42.00
1718	 50.00	 65.00	 17.00
1719	 38.00	 26.00	 26.00
1720	  4.00	  1.00	131.00
1721	 55.00	 91.00	 91.00
1722	154.00	181.00	162.00
1723	146.00	109.00	 73.00
1724	 86.00	141.00	142.00
1725	 85.00	 72.00	255.00
1726	219.00	  0.00	109.00
1727	146.00	 36.00	219.00
1728	182.00	 36.00	  0.00
1729	 40.00	 40.00	 40.00
1730	127.00	  0.00	170.00
1731	184.00	223.00	 42.00
1732	109.00	 36.00	 36.00
1733	255.00	255.00	127.00
1734	214.00	226.00	214.00
1735	  0.00	109.00	127.00
1736	146.00	 73.00	 73.00
1737	128.00	128.00	 91.00
1738	 18.00	123.00	177.00
1739	  0.00	 72.00	  0.00
1740	 36.00	  0.00	 73.00
1741	252.00	150.00	237.00
1742	188.00	188.00	188.00
1743	109.00	219.00	109.00
1744	 73.00	182.00	 36.00
1745	127.00	218.00	 85.00
1746	242.00	 60.00	225.00
1747	 48.00	 32.00	153.00
1748	 93.00	 85.00	  1.00
1749	239.00	245.00	214.00
1750	146.00	182.00	219.00
1751	219.00	114.00	200.00
1752	212.00	145.00	  0.00
1753	238.00	238.00	238.00
1754	 37.00	 16.00	 56.00
1755	  0.00	  0.00	 73.00
1756	255.00	145.00	 42.00
1757	  0.00	255.00	168.00
1758	212.00	 36.00	255.00
1759	255.00	 36.00	 42.00
1760	109.00	182.00	182.00
1761	200.00	200.00	200.00
1762	 65.00	 65.00	 77.00
1763	255.00	 36.00	  0.00
1764	 42.00	255.00	255.00
1765	213.00	238.00	244.00
1766	171.00	 80.00	 39.00
1767	111.00	201.00	199.00
1768	 26.00	133.00	 42.00
1769	182.00	109.00	219.00
1770	170.00	255.00	255.00
1771	 84.00	 48.00	185.00
1772	 42.00	218.00	  0.00
1773	219.00	 73.00	219.00
1774	109.00	182.00	255.00
1775	255.00	219.00	219.00
1776	  0.00	109.00	  0.00
1777	 85.00	255.00	212.00
1778	182.00	219.00	 36.00
1779	127.00	 36.00	212.00
1780	164.00	 55.00	237.00
1781	182.00	 73.00	219.00
1782	 91.00	237.00	200.00
1783	 91.00	164.00	 55.00
1784	 18.00	200.00	164.00
1785	 73.00	 36.00	 36.00
1786	 85.00	  0.00	255.00
1787	109.00	109.00	  0.00
1788	170.00	145.00	170.00
1789	 18.00	 55.00	128.00
1790	237.00	237.00	237.00
1791	130.00	 99.00	 83.00
1792	200.00	164.00	 91.00
1793	109.00	 73.00	 36.00
1794	 55.00	 91.00	164.00
1795	169.00	192.00	246.00
1796	226.00	166.00	173.00
1797	 18.00	 18.00	 91.00
1798	219.00	 36.00	255.00
1799	146.00	219.00	 73.00
1800	  5.00	  5.00	  5.00
1801	 76.00	138.00	129.00
1802	118.00	182.00	 83.00
1803	212.00	182.00	255.00
1804	 73.00	255.00	 36.00
1805	 73.00	 36.00	146.00
1806	  0.00	182.00	 73.00
1807	200.00	 18.00	128.00
1808	  0.00	 73.00	219.00
1809	219.00	182.00	 73.00
1810	255.00	255.00	109.00
1811	 62.00	246.00	 79.00
1812	 86.00	142.00	 35.00
1813	  0.00	219.00	109.00
1814	164.00	 18.00	128.00
1815	 73.00	146.00	109.00
1816	242.00	213.00	 67.00
1817	 10.00	 60.00	 18.00
1818	182.00	146.00	219.00
1819	255.00	 73.00	255.00
1820	 36.00	146.00	182.00
1821	219.00	255.00	 73.00
1822	 85.00	182.00	127.00
1823	 42.00	109.00	212.00
1824	127.00	182.00	255.00
1825	182.00	146.00	 36.00
1826	250.00	  3.00	 71.00
1827	182.00	182.00	255.00
1828	 73.00	182.00	 73.00
1829	 36.00	  0.00	182.00
1830	 73.00	255.00	255.00
1831	147.00	 19.00	 75.00
1832	 85.00	148.00	 89.00
1833	237.00	128.00	 91.00
1834	 62.00	 50.00	116.00
1835	 91.00	128.00	128.00
1836	219.00	255.00	182.00
1837	 42.00	145.00	127.00
1838	 85.00	145.00	127.00
1839	146.00	  0.00	146.00
1840	248.00	 94.00	163.00
1841	128.00	172.00	166.00
1842	 36.00	219.00	182.00
1843	146.00	 36.00	109.00
1844	200.00	164.00	164.00
1845	156.00	141.00	239.00
1846	  0.00	182.00	 42.00
1847	162.00	150.00	114.00
1848	  6.00	101.00	146.00
1849	237.00	128.00	164.00
1850	255.00	  0.00	 85.00
1851	 73.00	  0.00	255.00
1852	 85.00	145.00	 85.00
1853	 75.00	 64.00	 89.00
1854	230.00	230.00	230.00
1855	223.00	 40.00	 40.00
1856	189.00	152.00	101.00
1857	 30.00	 30.00	 30.00
1858	 55.00	200.00	200.00
1859	 36.00	109.00	 36.00
1860	114.00	 69.00	 81.00
1861	 36.00	 36.00	255.00
1862	174.00	128.00	143.00
1863	 73.00	109.00	 73.00
1864	 55.00	164.00	200.00
1865	 88.00	 39.00	 28.00
1866	219.00	  0.00	 36.00
1867	212.00	255.00	 42.00
1868	 73.00	  0.00	109.00
1869	  0.00	146.00	146.00
1870	212.00	 36.00	170.00
1871	255.00	  0.00	  0.00
1872	 55.00	 55.00	 55.00
1873	 42.00	182.00	212.00
1874	 36.00	219.00	109.00
1875	157.00	212.00	151.00
1876	154.00	166.00	154.00
1877	 73.00	255.00	219.00
1878	134.00	170.00	145.00
1879	179.00	210.00	212.00
1880	124.00	 63.00	134.00
1881	146.00	182.00	109.00
1882	182.00	255.00	  0.00
1883	146.00	146.00	109.00
1884	255.00	 36.00	182.00
1885	212.00	  0.00	255.00
1886	 23.00	 79.00	 18.00
1887	252.00	 57.00	153.00
1888	182.00	219.00	109.00
1889	109.00	219.00	146.00
1890	 77.00	 65.00	 65.00
1891	128.00	128.00	237.00
1892	200.00	237.00	 18.00
1893	239.00	236.00	171.00
1894	146.00	 73.00	219.00
1895	200.00	 18.00	 91.00
1896	237.00	 91.00	200.00
1897	219.00	 73.00	 36.00
1898	153.00	190.00	218.00
1899	255.00	 36.00	146.00
1900	212.00	109.00	  0.00
1901	206.00	183.00	144.00
1902	183.00	132.00	161.00
1903	128.00	164.00	200.00
1904	 42.00	255.00	 42.00
1905	  3.00	  0.00	  0.00
1906	144.00	  1.00	189.00
1907	  0.00	244.00	  1.00
1908	 57.00	 53.00	 55.00
1909	 48.00	  0.00	111.00
1910	105.00	 52.00	 48.00
1911	 48.00	 48.00	  0.00
1912	110.00	100.00	 53.00
1913	  3.00	114.00	 97.00
1914	188.00	116.00	  0.00
END_DATA
