    0    0    0     2.05  -0.08  -0.13   1.94   0.05  -0.31
    5    5    5     4.05   0.55  -0.81   3.56   0.71   0.53
   10   10   10     6.01   1.63  -1.04   5.12   2.20   0.46
   15   15   15     7.55   2.45  -1.31   6.39   4.18  -0.31
   20   20   20     9.39   3.21  -1.60   7.89   5.69  -1.47
   25   25   25    10.84   3.92  -1.92   9.65   6.15  -1.97
   30   30   30    12.88   4.52  -2.01  11.73   6.01  -2.20
   35   35   35    14.67   4.92  -2.06  13.01   5.97  -2.22
   40   40   40    16.46   5.29  -2.10  15.63   5.69  -2.12
   45   45   45    18.57   5.41  -2.05  18.56   5.36  -2.14
   50   50   50    20.90   5.36  -1.95  20.97   4.46  -2.33
   55   55   55    23.54   5.23  -1.82  23.06   4.12  -2.17
   60   60   60    25.48   4.81  -1.68  25.48   3.87  -1.87
   65   65   65    28.06   4.26  -1.49  27.45   3.72  -1.68
   70   70   70    30.20   3.86  -1.40  29.05   3.65  -1.37
   75   75   75    32.23   3.55  -1.34  31.81   3.56  -1.16
   80   80   80    34.25   3.25  -1.29  32.87   3.48  -0.85
   85   85   85    36.26   2.97  -1.04  35.40   3.37  -0.61
   90   90   90    38.52   2.67  -0.61  36.78   3.13  -0.25
   95   95   95    40.21   2.45  -0.30  39.47   2.81   0.26
  100  100  100    42.51   2.11   0.03  41.77   2.54   0.47
  105  105  105    44.57   1.80   0.27  43.89   2.14   1.01
  110  110  110    46.62   1.48   0.50  45.50   1.76   1.10
  115  115  115    48.43   1.19   0.87  47.53   1.38   1.46
  120  120  120    50.17   0.91   1.28  48.21   1.00   1.49
  125  125  125    52.17   0.59   1.76  50.54   0.87   1.81
  130  130  130    53.64   0.36   2.01  52.82   0.59   2.32
  135  135  135    55.54   0.06   2.18  54.34   0.32   2.66
  140  140  140    57.20  -0.20   2.32  56.67   0.26   2.82
  145  145  145    58.86  -0.47   2.47  58.35   0.12   2.74
  150  150  150    60.52  -0.64   2.48  60.14   0.12   2.61
  155  155  155    62.18  -0.80   2.48  61.33  -0.05   2.77
  160  160  160    64.08  -0.97   2.49  63.65  -0.17   2.71
  165  165  165    65.51  -1.01   2.43  65.32  -0.41   2.68
  170  170  170    67.45  -0.85   2.19  67.04  -0.41   2.59
  175  175  175    69.14  -0.72   1.98  68.45  -0.50   2.32
  180  180  180    70.83  -0.59   1.76  70.26  -0.62   1.78
  185  185  185    72.27  -0.70   1.39  71.72  -0.65   1.42
  190  190  190    73.70  -0.83   1.02  73.28  -0.72   0.95
  195  195  195    75.33  -0.97   0.61  74.87  -0.79   0.97
  200  200  200    76.55  -1.07   0.31  76.12  -0.87   0.65
  205  205  205    78.18  -1.10   0.12  77.68  -0.86  -0.04
  210  210  210    79.60  -1.02  -0.26  79.43  -0.78  -0.17
  215  215  215    81.01  -0.96  -0.58  81.01  -0.52  -0.32
  220  220  220    82.43  -0.91  -0.87  82.60  -0.23  -0.51
  225  225  225    84.07  -0.84  -1.23  84.43  -0.12  -0.48
  230  230  230    86.06  -0.77  -1.69  86.31  -0.06  -0.31
  235  235  235    87.57  -0.72  -2.02  88.19  -0.07  -0.83
  240  240  240    89.54  -0.87  -2.11  90.28  -0.26  -0.92
  245  245  245    91.23  -1.14  -2.45  91.91  -0.57  -1.28
  250  250  250    92.88  -1.42  -2.69  93.36  -0.93  -1.68
  255  255  255    94.81  -1.36  -2.30  94.73  -1.31  -2.25
  237  234  236    87.93   0.28  -2.14  88.72   0.75  -0.73
  156  158  154    62.77  -1.56   3.46  62.40  -0.97   3.69
   13    9    4     5.58   2.77   1.23   5.35   3.47   2.21
   53   42   41    19.55   8.57   1.28  19.25   8.06   1.71
  164  166  178    66.20  -0.17  -2.81  66.46   0.37  -2.20
   47   60   55    22.66   1.30  -3.56  22.10   0.43  -3.11
  223  208  211    81.16   2.85   1.94  81.07   2.55   1.83
  113   98   98    44.52   5.77   4.42  43.62   6.28   4.30
   75   90   86    35.49  -1.44  -3.87  35.38  -1.05  -3.49
   84   79   69    34.63   4.01   4.28  33.74   4.14   4.27
  101  109  117    45.38   0.69  -4.85  45.67   1.14  -4.88
  157  150  167    62.42   2.66  -2.36  62.39   3.37  -1.78
  197  215  215    78.76  -5.29  -4.48  78.77  -5.22  -4.12
   62   68   51    27.31   1.63   3.77  25.63   0.58   3.76
   59   42   57    21.89  11.99  -3.12  22.64  11.49  -2.53
   86  101  104    40.47  -0.97  -5.67  40.73  -0.52  -5.66
  127  146  135    56.06  -6.11   1.37  55.58  -5.35   1.84
  230  215  236    83.74   4.71  -6.00  83.96   4.93  -5.71
  207  228  214    81.92  -7.29  -0.16  81.90  -6.99   0.31
   35   41   23    14.85   1.23   3.19  14.38   1.89   5.34
  155  135  148    59.13   5.50   2.91  58.92   6.01   2.65
  134  117  114    51.59   4.77   7.22  50.71   4.78   7.47
   16   28   35     9.98   1.58  -7.72   8.97   2.62  -8.01
  235  222  212    85.10   1.08   5.54  85.21   0.22   6.95
   51   71   65    26.35  -1.41  -4.77  25.42  -2.32  -4.86
  200  220  196    79.61  -8.33   4.41  79.26  -7.90   4.77
  224  237  212    86.25  -6.34   5.42  86.05  -5.96   6.35
  179  181  204    71.57   1.10  -7.97  71.49   1.20  -7.89
  146  154  130    59.82  -5.13   9.77  59.31  -4.35  10.14
    7   29   20     8.01  -4.23  -3.59   6.98  -5.61  -3.81
    1    8   24     5.27   4.03  -7.59   5.08   3.47  -7.47
  154  181  162    66.49  -9.79   3.11  66.14  -8.89   4.14
   75   64   89    31.43  10.00  -7.83  31.60  10.49  -7.37
  238  220  249    85.51   7.29  -8.90  85.77   6.61  -8.34
  217  206  236    80.47   4.62  -9.97  80.65   4.80  -9.45
  108  131  103    49.58  -7.84   5.86  49.71  -7.01   5.35
  239  245  214    89.92  -5.17   8.82  89.53  -5.55  10.57
  213  238  244    85.78  -5.58  -9.45  84.97  -5.68  -9.38
   60   47   74    24.49  12.25  -8.63  25.40  12.40  -8.05
   32    6   11     8.80  14.09   3.57   8.13  13.78   4.44
  153  134  164    59.68   7.22  -3.66  60.17   7.27  -3.37
  223  219  191    82.52  -3.00  11.53  82.43  -2.72  12.52
  122  116  146    51.66   5.56  -8.13  51.94   5.74  -7.64
  161  149  130    61.31   0.03  13.03  60.83   0.27  13.14
  162  174  194    67.96  -1.46  -8.73  68.04  -1.36  -8.10
   46   73   44    24.16  -5.42   2.68  24.08  -5.52   3.16
   24    1   29     8.77  17.08  -4.39   8.30  17.41  -4.12
  179  210  212    75.71  -8.35  -7.46  75.60  -7.90  -7.79
  172  205  183    73.45 -11.49   1.84  73.31 -11.10   1.76
   76  108   78    38.38  -8.61   2.62  38.44  -7.90   3.01
   54   23   44    16.72  17.36  -0.99  17.39  17.90  -0.99
   23   54   50    15.75  -4.46  -9.01  16.30  -4.29  -7.84
  228  200  191    80.40   4.69   9.75  80.36   4.47  10.48
  108  117   83    46.26  -4.00  11.29  46.10  -3.62  11.98
  134  170  145    60.99 -12.47   2.78  60.43 -12.03   2.86
  233  195  213    80.80   9.43   1.41  80.61   9.37   2.26
  162  154  191    65.28   4.97  -9.96  65.22   5.53  -9.65
  182  186  149    70.95  -5.31  15.48  70.35  -5.52  14.90
  210  215  249    81.15   1.75 -15.46  80.82   2.18 -15.51
  110   97   75    42.85   3.71  12.44  42.86   4.06  12.73
  191  166  204    71.25   8.97  -6.99  70.95   9.09  -6.76
   81   71  106    35.00  10.13 -11.38  35.79  11.22 -10.24
  185  185  224    73.21   3.40 -14.39  74.15   2.86 -13.22
   61   82   96    32.39  -0.35 -12.74  32.96   0.57 -11.12
  209  169  187    73.53  10.16   3.84  73.36   9.93   3.81
   67   61   31    25.85   4.70  12.27  26.06   3.88  13.51
  104  105  143    47.67   5.68 -13.12  46.84   6.16 -13.34
  204  198  242    77.44   4.84 -16.14  77.65   5.19 -15.76
   64   93   54    32.21  -7.52   6.75  31.90  -7.47   6.66
  156  188  199    69.46  -7.36 -10.04  69.52  -6.53 -10.12
  156  114  124    54.77  11.75   9.39  54.75  12.07   9.49
   62   42   23    20.91  10.34  11.34  21.13   9.72  12.76
  177  222  193    77.01 -15.10   1.15  76.71 -14.12   1.15
  219  236  190    84.84  -9.53  13.28  84.46  -8.66  13.88
  149  144  106    57.92  -2.50  18.56  58.01  -2.08  19.49
  128  172  166    61.42 -12.17  -6.10  61.28 -12.10  -5.60
  251  204  229    85.04  12.57  -0.93  84.63  12.43   0.79
  171  169  127    65.86  -4.45  19.33  65.47  -4.27  19.47
  202  249  223    85.60 -13.95  -2.03  85.18 -13.94  -1.44
   54   21   61    18.03  21.19  -6.69  18.15  21.27  -6.53
  200  215  169    78.30  -9.27  14.54  78.02  -8.61  14.67
  122   89  132    46.81  14.48  -6.37  46.90  14.90  -5.63
  124   81  100    43.79  15.45   4.77  43.73  15.86   5.19
  250  253  205    92.55  -5.87  16.56  92.67  -6.19  17.41
  169  199  216    72.99  -6.06 -12.81  73.24  -5.94 -12.39
  118  154  163    57.50  -8.26  -9.87  57.60  -8.46  -9.13
  161  208  168    72.08 -16.67   5.86  71.79 -16.38   5.56
  124   80  116    44.44  16.86  -0.83  44.38  17.62  -0.36
  174  128  143    60.78  12.02   8.84  60.29  12.65   8.51
   97   54   74    32.91  18.23   3.60  31.55  18.31   3.36
  128  140   95    53.92  -6.89  16.51  53.90  -6.16  17.06
   30   73   56    21.01  -8.83  -6.82  21.49  -9.35  -5.18
   25   27   68    13.77  11.34 -17.64  14.66  12.85 -17.45
  190  142  185    67.20  14.38  -2.29  67.35  15.06  -1.16
  114   69   81    39.30  16.34   7.72  39.05  16.68   7.61
  186  139  138    64.11  10.12  14.75  64.12  10.94  15.07
   85   96  131    42.23   3.74 -16.02  41.88   4.03 -15.30
   81   37   81    27.35  22.39  -5.16  27.29  22.74  -5.09
  120  122  168    53.94   4.90 -15.68  53.88   5.81 -15.38
  105   73  119    40.89  16.19  -8.42  41.15  16.99  -8.14
  162  150  114    61.12  -1.09  19.49  60.78  -0.78  19.89
  216  177  228    76.03  13.05 -10.42  76.53  13.12  -9.70
  241  237  189    88.46  -4.36  18.76  87.61  -4.50  20.11
   70  101  117    38.97  -3.53 -15.32  39.04  -3.64 -15.25
   86  134  115    47.49 -13.60  -4.70  48.19 -13.07  -4.79
  113  153  104    54.19 -15.02  10.04  54.11 -14.90  10.05
  121  101  150    49.80  11.56 -11.54  50.48  12.34 -11.12
   98   88   51    38.20   3.56  17.49  38.73   3.30  17.69
  157  110  160    57.16  16.46  -2.70  56.67  16.86  -3.45
  183  132  161    63.74  13.97   4.42  63.53  14.70   4.91
  233  195  249    81.36  12.80 -13.26  80.85  13.63 -13.37
  181  208  236    75.93  -4.17 -17.23  75.74  -4.74 -17.12
  100  142   91    49.82 -15.05   9.95  50.07 -15.29  10.02
   50   65   17    22.71  -2.63  14.48  22.50  -2.81  15.99
  207  163  218    73.02  14.75  -9.72  73.82  14.51  -8.89
  151  120   99    53.92   6.67  18.42  54.27   6.16  18.65
   60   12   17    14.35  20.56   8.89  15.18  22.12   9.95
   12   46   60    11.92  -2.96 -17.07  13.10  -3.20 -16.67
  195  253  253    86.82 -13.05 -13.76  86.10 -13.13 -13.50
  209  231  174    82.18 -11.91  16.78  81.72 -11.03  16.59
  174  231  211    78.47 -16.70  -5.44  78.14 -16.34  -5.26
  173  194  230    73.08  -1.72 -18.32  73.09  -1.41 -17.64
  186  182  131    70.45  -4.79  23.05  69.87  -4.86  23.69
   55   40    6    17.98   7.83  15.84  19.69   7.90  19.92
  181  157  126    65.70   2.26  20.59  65.57   2.16  20.97
  181  239  190    80.11 -19.74   5.12  79.68 -19.46   5.30
   35   86   62    24.87 -11.84  -6.14  25.33 -11.28  -4.82
   10   60   18    13.65 -16.47   2.18  13.75 -16.19   3.57
  204  205  148    77.05  -6.71  22.90  77.25  -6.28  23.75
   66   70  119    33.13   9.01 -20.77  33.41   9.50 -20.42
   66  119  103    40.09 -13.84  -9.25  40.59 -13.43  -9.27
  217  214  159    80.32  -5.29  22.45  80.26  -4.93  23.74
   87   70   35    31.89   7.05  18.07  32.31   6.73  17.85
  186  232  173    79.14 -18.24  11.88  78.95 -17.72  12.65
   80   91   38    34.70  -3.01  18.42  35.35  -3.36  18.74
  144   88  144    50.16  20.60  -4.03  50.31  21.55  -3.81
   86  141  142    50.15 -13.49 -12.79  50.16 -13.39 -12.81
   84  135   79    45.13 -17.53   8.79  45.39 -17.40   9.76
   94   87  144    43.34  10.92 -18.76  42.68  11.13 -18.97
  137  140  197    60.24   4.95 -19.82  59.88   5.63 -19.60
  108  134   77    48.97 -10.85  16.60  49.36 -10.69  17.01
  157  212  151    71.55 -21.03  12.29  71.55 -20.15  11.85
  108   52   57    33.66  20.86  13.17  33.91  20.81  13.30
  175  204  143    72.60 -13.86  18.57  72.68 -14.09  19.14
   29   65   11    18.64 -10.71  11.71  19.92  -9.86  14.69
  231  205  168    81.32   1.81  20.73  81.01   2.15  20.95
  249  201  185    83.97   9.10  16.89  83.48   9.35  17.78
   36   90   92    28.03  -9.89 -17.58  28.06  -8.84 -16.51
   95  111   54    41.70  -6.43  19.10  42.72  -5.68  20.44
  206  183  144    73.94   1.07  22.40  74.07   1.14  22.49
  202  146  140    68.06  12.12  18.63  68.00  12.52  19.03
   78  104   47    36.82  -8.43  15.86  37.45  -7.44  16.95
  165  175  230    69.73   3.26 -21.87  69.72   3.94 -21.39
  113   54   99    37.25  24.18  -0.81  37.36  24.86  -0.47
  119  128   68    49.69  -6.36  22.95  50.03  -6.11  23.93
  155  155  220    65.48   6.86 -22.74  66.00   7.39 -22.49
  154  219  206    73.85 -18.16  -9.28  74.00 -17.80  -8.74
  153  190  218    69.97  -6.24 -17.93  69.96  -5.27 -17.99
   86   37   28    25.00  20.09  15.62  25.41  20.28  16.56
  146  211  183    70.98 -20.07  -2.92  70.63 -19.55  -2.88
  118  170  107    57.40 -20.05  12.60  57.69 -20.38  13.49
  220  154  155    72.36  14.94  17.57  72.49  15.19  18.64
   76  138  129    47.54 -16.41 -11.97  47.37 -16.15 -11.77
  178  246  215    81.46 -19.82  -4.68  80.90 -19.48  -4.30
  145  190  125    65.09 -18.60  16.12  65.11 -18.53  16.97
   55   90  116    33.88  -2.88 -20.96  34.33  -1.93 -20.41
  120  129  185    55.82   4.32 -20.90  55.33   4.80 -21.17
   85  148   89    48.10 -22.07   7.04  49.11 -21.70   7.65
  239  236  171    87.60  -6.02  25.58  86.42  -5.57  27.66
  145  156   92    58.77  -9.10  24.58  58.69  -8.15  25.36
   49    0   59    15.25  30.48  -6.58  15.20  30.05  -6.48
  132  199  180    66.93 -19.36  -6.82  66.69 -19.08  -6.67
  231  162  169    75.26  16.16  15.13  75.27  16.03  15.68
  160  109  175    58.13  19.16  -7.38  57.66  19.12  -8.70
  141  153  209    63.02   2.90 -22.11  63.44   3.32 -22.08
  105  147  171    55.30  -7.88 -16.90  55.62  -7.33 -16.58
   23   79   18    20.24 -17.76   9.15  20.72 -16.81  10.46
  148  118  185    58.33  14.01 -15.18  57.78  14.68 -14.59
  163  181  114    66.32 -11.59  24.32  66.37 -11.01  24.77
  110   80  145    44.62  17.28 -15.24  44.99  18.17 -14.85
  248  177  247    80.24  23.21 -11.27  80.12  23.08 -11.04
   31    8   69    13.81  23.63 -14.88  13.99  24.36 -15.49
  203  134  195    68.29  21.24  -4.19  68.47  21.73  -3.33
  117  184  116    59.62 -25.09  10.96  59.61 -25.33  12.58
  183  115  148    60.30  19.24   7.67  59.96  20.16   8.24
  114  182  163    60.80 -19.71  -7.18  60.82 -19.76  -6.38
  144  176  108    62.11 -15.19  20.59  62.10 -14.97  20.73
   26   60   89    19.99   0.68 -22.51  20.97   1.12 -22.42
  106   61   42    34.49  16.10  19.50  34.12  15.93  19.53
  180  219  253    78.28  -6.40 -22.15  77.53  -5.62 -22.71
   18   81   81    20.23 -11.81 -19.27  21.31 -12.56 -18.74
   63    1   31    15.28  29.24   5.24  14.81  28.31   5.50
  206  225  153    80.29 -12.34  23.76  79.93 -12.02  23.98
   72  139  107    45.34 -20.69  -5.57  45.40 -19.78  -5.08
   62   50  116    28.83  17.28 -22.37  28.95  17.85 -22.30
  148  110   80    51.40   8.77  23.90  51.61   8.72  23.92
  100   93  162    46.70  11.99 -22.45  46.33  12.43 -23.03
  163  237  226    78.31 -19.43 -13.03  77.68 -19.38 -12.78
  171  236  162    77.43 -24.66  13.52  77.33 -24.40  13.56
    2   22   66     8.31   8.30 -21.61   8.36   8.34 -22.99
  109  178  180    60.21 -17.61 -15.02  60.34 -17.16 -14.41
  103  163   93    53.99 -22.78  13.04  54.21 -22.49  13.05
   60  127  128    42.17 -16.46 -19.15  41.71 -15.09 -18.72
  111   79   44    39.15  10.15  23.05  39.08  10.23  23.01
  160  100   90    51.87  16.30  21.85  52.21  16.33  22.25
  121  186  193    64.01 -15.81 -15.96  64.10 -15.65 -15.74
  165  134  207    64.01  14.61 -17.77  63.33  15.30 -17.52
   25   25   91    15.48  17.41 -25.31  16.12  18.70 -25.46
  123   99   55    45.05   5.53  24.88  45.88   5.65  25.54
  139   70  115    45.17  24.63   3.16  45.24  24.82   3.67
  171  100  133    55.30  20.99   8.45  54.82  21.92   9.42
  118   50   84    36.71  26.51   6.04  36.82  26.70   5.84
   45  113   70    32.35 -19.43  -3.02  32.83 -18.74  -2.21
  243  167  232    78.31  23.00  -7.67  78.26  23.10  -6.43
  118  167  191    60.94  -9.95 -18.37  60.44  -9.67 -18.28
  177  254  239    83.82 -19.28 -12.79  83.29 -19.64 -11.56
  237  161  210    76.34  21.69  -0.59  76.22  21.67   0.65
  169  192  246    72.86  -0.16 -24.89  71.68   0.62 -24.98
  177  165  242    69.79  11.87 -24.44  69.69  10.74 -24.31
  184  224  148    77.07 -18.24  21.01  77.21 -18.41  21.38
   27   95   47    23.42 -19.51  -0.57  24.72 -19.50   0.62
   85   90  157    43.35   9.40 -25.91  43.00   9.88 -25.26
  172  103   99    54.32  18.33  21.90  53.99  19.44  22.38
  124   63  134    42.93  26.06  -8.75  42.69  26.65  -8.19
  133   36  130    38.97  39.84  -5.64  38.55  40.26  -5.55
  106  250   46    63.89 -56.87  48.86  63.90 -57.28  50.16
  144    9  119    35.44  52.50   2.48  35.58  53.69   2.38
    0  255  168    47.33 -63.49 -30.03  47.28 -63.31 -29.94
   10  239  143    44.94 -64.65 -21.31  44.96 -67.29 -21.62
   22   17  162    19.09  33.43 -48.83  20.41  35.46 -48.41
  170    6  182    40.68  63.13  -9.57  40.59  64.17  -8.95
   48   32  153    25.75  29.46 -40.28  25.98  29.24 -39.54
  192    2  160    42.07  66.87   3.70  41.67  67.27   4.94
  175  130    9    56.00  10.36  63.83  56.43  11.07  66.93
  184  159    1    61.02   3.63  74.14  61.76   4.15  75.04
  141  137  172    58.83   4.21  -9.54  58.91   4.43  -9.34
  170  144  162    63.37   7.26   2.38  63.13   7.69   2.49
  217  201   52    75.93  -5.46  66.47  76.06  -5.47  67.43
  242  213   67    82.46  -1.94  67.31  82.08  -1.74  68.82
   16  216  210    49.51 -42.94 -46.99  49.49 -44.39 -46.77
   26  203  237    51.87 -33.46 -54.07  50.78 -34.92 -55.76
  245   13  239    52.15  77.78  -8.93  52.61  77.01 -11.05
  255    2  211    49.67  79.80   7.28  49.90  80.10   6.34
  206  175  241    74.71  13.27 -17.98  74.77  13.10 -17.51
  215  189  214    77.32   7.08  -3.55  77.40   7.28  -2.99
   19  255  222    58.27 -51.66 -39.91  58.40 -52.97 -39.10
   34  253  250    63.55 -45.39 -45.34  64.39 -45.47 -43.78
  181   53  120    48.59  42.47  13.07  48.67  42.49  13.52
  195   70  143    54.63  39.06   9.18  54.75  39.64   8.85
  127   25  185    39.07  49.08 -24.61  39.65  49.88 -24.14
  154   37  173    44.30  47.63 -13.95  43.97  48.24 -13.84
  189  178  199    72.33   3.94  -4.21  72.04   3.93  -3.97
  177  148  131    63.76   4.64  16.46  63.69   4.44  16.72
  229  141   61    69.40  18.89  57.04  69.23  19.21  57.57
  251  124   77    71.26  31.50  53.22  70.82  31.38  54.62
  125   49   81    37.58  28.34   9.36  37.58  28.88   9.30
  140   44   53    37.89  33.20  24.44  37.49  34.10  23.89
  125  109    0    43.78   4.36  50.86  43.16   4.82  50.06
  138   85   17    43.18  15.99  43.47  43.07  16.08  45.06
   94  161   78    51.63 -25.73  16.63  52.25 -25.26  17.64
  118  182   83    58.52 -26.46  24.26  58.40 -26.92  24.11
  247  126  109    71.21  30.05  39.19  71.03  29.35  40.53
  184   56  170    51.64  44.82  -4.26  51.21  45.36  -4.53
  163  173  146    65.93  -6.30  10.38  65.64  -5.56  10.28
   16  199  139    41.37 -50.66 -25.50  41.66 -51.64 -26.38
   37  176  148    44.59 -38.16 -26.42  45.32 -39.91 -26.03
  198   16  244    48.43  69.04 -21.36  48.49  70.01 -22.19
  202   46  232    53.90  58.83 -22.05  53.61  59.65 -23.26
  189  152  101    65.44   4.54  31.88  65.30   4.68  31.99
    9   30   47     9.13   1.00 -13.57   9.30   0.56 -14.27
   37   16   56    13.99  17.76  -9.93  14.48  19.18  -9.55
    3  117  227    31.08   1.98 -67.65  31.35   1.48 -68.63
  155  151  107    59.91  -3.60  20.48  60.24  -3.15  21.84
   29  217  115    47.05 -61.19  -9.80  47.17 -62.22 -10.48
  238  114  235    70.15  40.56 -14.69  69.99  40.32 -13.86
   80   86  121    38.80   5.40 -15.31  38.46   5.93 -15.11
  100  110  111    44.92  -0.63  -2.97  44.89   0.12  -2.14
  134  224  128    69.12 -34.16  16.55  69.20 -34.06  17.08
  162  208  122    70.72 -20.67  24.41  70.88 -20.39  24.28
   28  196  184    47.48 -40.08 -38.83  47.35 -41.94 -38.72
   47  220  196    56.86 -45.26 -32.51  57.42 -44.74 -32.47
   96   16  255    36.42  59.37 -51.26  36.26  59.19 -51.07
  115    4  231    35.79  60.89 -37.06  35.81  61.18 -37.65
  163  220  166    74.06 -20.62   8.52  74.13 -19.99   9.22
  166  252  173    79.77 -29.61   9.51  79.24 -29.84  10.44
   84   48  185    37.64  32.73 -38.83  37.62  33.21 -39.08
   94   23  166    33.21  42.23 -28.39  32.99  43.55 -28.22
   55   62  178    34.42  19.61 -45.70  33.85  20.61 -46.01
  171   80   39    48.54  26.63  43.08  49.31  27.03  44.03
  188   60   59    48.80  39.82  37.94  48.89  39.74  38.24
   68  253  193    65.49 -52.87 -18.11  65.96 -51.91 -17.54
   11  241   99    42.27 -74.90  -3.97  42.48 -77.60  -4.76
  100  250  201    70.87 -42.10 -14.55  71.00 -42.04 -14.52
  144  108  152    53.86  13.63  -5.18  54.03  14.27  -4.39
  171   99  169    57.32  24.17  -4.45  57.97  24.60  -3.20
  215   78  218    61.28  46.21 -14.03  62.01  45.67 -13.44
  242   60  225    60.70  60.58 -11.35  61.00  58.88  -9.71
  111  241  111    66.68 -48.86  19.24  67.35 -49.73  20.82
   12  155  184    36.52 -24.00 -48.22  37.61 -27.22 -48.67
  143  252  200    77.18 -32.86  -4.98  76.91 -32.60  -3.96
   18  123  177    32.88 -12.50 -48.81  34.10 -13.48 -49.22
  143   81  172    50.80  26.39 -15.02  51.21  26.23 -14.91
  183   74   89    51.03  32.50  25.35  51.56  32.90  26.58
  141   29  227    43.03  54.40 -34.08  43.49  54.90 -33.97
  159   33  255    45.49  60.72 -39.14  45.46  60.60 -38.97
  159   77  128    49.77  27.05   4.83  49.64  27.17   5.64
   12   39  138    17.49  17.23 -45.12  17.94  17.19 -45.24
   14   69  123    20.35   0.00 -36.82  21.13  -0.52 -37.31
   22  255   61    47.42 -82.20  19.09  47.71 -84.71  18.52
   33  248   30    50.07 -76.57  34.81  50.84 -75.32  35.33
  219   68  251    60.28  55.39 -25.33  60.22  55.71 -25.42
  248  193  220    82.62  14.59   1.00  82.42  14.68   2.14
  227  217   23    79.46  -5.44  84.83  79.31  -6.20  86.78
  255  199   29    82.28   7.47  86.81  82.73   6.46  88.75
   20  177   18    35.62 -56.06  22.17  35.92 -56.53  22.81
   32  149    3    32.09 -41.51  26.95  32.98 -41.52  29.91
  188   22  206    46.85  62.25 -13.84  46.99  63.92 -14.57
   30  116   11    26.74 -29.78  18.82  27.63 -30.47  21.46
  147   19   75    35.98  46.63  17.40  36.53  47.58  17.59
  163   16   45    37.15  50.15  32.45  37.65  51.19  32.11
   20  102   55    23.01 -23.45  -5.12  23.76 -24.90  -4.64
   26  133   42    29.49 -36.17   6.46  30.12 -37.78   6.95
  156  171   79    62.45 -11.77  35.66  62.22 -11.34  36.00
  195  195   78    72.31  -9.56  49.35  71.81  -9.28  48.90
   74  202  184    58.48 -34.61 -22.95  58.60 -33.24 -22.63
   88   39   28    25.53  19.84  16.21  26.18  19.99  17.33
  104   29   57    28.50  30.08  10.08  28.67  31.44  10.04
  156  141  239    63.77  14.94 -31.26  63.68  14.86 -30.01
  162  173  251    69.25   5.78 -30.69  68.65   6.49 -30.39
  160   97  231    57.42  30.72 -31.11  57.42  30.52 -30.69
  185  119  241    64.42  28.55 -26.63  64.16  28.88 -26.58
   70   34   63    23.39  19.04  -2.63  23.35  18.72  -2.55
  187   82  251    58.22  44.58 -33.37  58.20  44.22 -32.56
  243  173   59    76.77  11.36  65.51  76.68  11.11  64.87
   86  142   35    44.34 -21.67  29.75  43.84 -21.69  29.31
   89  150    1    43.25 -21.87  45.93  42.99 -21.42  46.71
   20  223    9    44.00 -69.98  34.10  43.97 -70.03  34.74
  124  188   47    58.97 -28.48  43.33  59.25 -28.31  43.00
  126  205   16    60.08 -31.28  59.83  60.35 -32.07  61.65
  220   43  159    53.77  57.10   8.91  53.85  57.39   9.86
  252   57  153    60.82  59.57  18.10  60.62  59.65  19.24
   75    1   51    18.25  34.28   2.01  18.70  34.80   2.83
    3  220  173    42.55 -52.36 -36.72  42.22 -52.92 -37.20
   69  106   17    33.66 -11.51  26.96  33.38 -11.69  27.94
   93   85    1    33.51   3.39  36.96  34.39   3.69  38.60
  107   66  133    40.99  21.35 -13.18  40.93  22.13 -13.16
   14   76  176    25.73   7.18 -54.37  25.66   6.89 -55.86
   39   96  160    33.89  -1.69 -41.48  33.32  -1.09 -41.71
    3   13   78     8.90  15.81 -25.30   9.82  15.93 -26.37
    3   43  242    23.86  37.67 -77.87  23.79  37.79 -80.13
    9   68  217    26.57  19.73 -69.55  26.45  18.85 -70.68
  190  128   57    60.48  12.91  47.23  60.29  12.92  48.24
   91  154  224    56.51  -4.87 -38.57  56.66  -4.02 -37.95
  110  149  194    57.47  -4.17 -23.91  57.28  -3.80 -24.25
    6  170   97    30.62 -49.06 -16.39  30.65 -50.50 -15.98
   18  138   86    29.27 -35.33 -13.78  30.53 -36.89 -13.09
   81   32  217    35.77  44.60 -49.96  36.16  45.39 -49.82
  187  241  200    81.38 -17.94   2.83  81.25 -17.54   3.82
  171   89    3    49.68  26.42  60.59  49.87  26.28  61.78
   80   63   82    31.63  10.50  -3.97  31.58  10.58  -3.72
  247  196  184    82.92  10.41  16.36  82.38  10.14  17.35
    6  101  146    24.47 -10.72 -43.14  23.90 -11.52 -42.92
  203  132  171    67.14  19.55   5.19  66.93  20.12   5.65
   92  198    5    52.14 -36.97  52.97  52.93 -37.01  54.91
   94  214  156    62.22 -37.30  -5.73  62.56 -37.02  -5.23
  111  201  199    65.29 -22.50 -18.59  65.04 -22.22 -18.34
  143  208  215    71.12 -15.59 -16.60  71.24 -15.26 -16.60
   74  233  223    65.59 -38.58 -31.01  66.33 -37.67 -28.92
  205  111   18    58.84  25.51  65.43  58.58  25.80  67.24
  126  225   64    64.63 -41.07  41.50  64.99 -41.44  41.04
   76  198  234    61.31 -24.05 -39.14  60.83 -22.60 -38.21
  255   50  192    59.63  65.96   5.71  59.17  66.51   5.94
  174  243  242    81.43 -16.36 -15.68  80.57 -16.20 -15.76
  209  254  246    88.72 -11.16  -8.49  87.96 -11.26  -8.34
    0  100   86    17.28 -22.64 -22.88  16.92 -22.18 -22.75
  242  127  147    71.28  29.67  22.60  70.76  30.17  23.24
  248   94  163    66.88  44.49  14.42  66.81  44.36  14.78
  130   75  231    49.84  34.03 -39.78  50.50  33.78 -39.90
   58    1  134    21.45  41.24 -25.61  21.70  41.97 -25.68
   62    1   97    19.84  37.28 -13.85  20.43  38.41 -13.57
   67  238  147    60.29 -55.51  -6.08  60.06 -55.55  -4.97
  131  191  169    64.96 -18.31  -3.93  65.22 -18.00  -3.40
  220  163  136    73.24  10.61  26.30  73.49  11.16  26.93
  226  166  173    75.25  13.74  12.87  74.64  14.33  13.15
  194   57   20    48.26  43.60  54.21  48.75  43.24  56.15
   84   31  103    28.79  29.02 -12.00  27.74  29.25 -11.74
  219  114  200    67.71  31.90  -4.12  67.26  32.67  -3.49
  240  112   32    66.37  33.87  69.31  66.23  32.82  70.82
  226   54   80    55.01  51.48  40.02  55.35  51.28  40.32
  242   67  112    60.77  51.18  31.97  61.08  50.09  33.87
  222  252   41    84.56 -19.88  79.82  84.51 -20.22  82.90
  248  252   13    88.46  -9.30  99.81  88.74  -9.26 102.40
  213  179   16    70.44   2.84  78.83  71.10   3.30  81.08
   33   66   51    20.19  -5.90  -5.07  20.28  -5.96  -3.76
   86   93   49    36.80  -1.93  15.72  37.03  -2.16  15.90
    4   55   76    12.11  -5.47 -24.21  11.90  -6.39 -23.93
  168   34    3    39.23  46.68  49.28  39.57  46.21  50.81
  188   31   89    44.96  52.05  26.13  44.97  52.70  25.73
  252  150  237    76.72  32.70  -8.93  76.65  32.19  -8.74
  187  207  252    76.30   0.24 -22.71  76.74   0.04 -22.12
  241  251   75    88.58 -14.62  68.47  88.47 -13.05  71.40
  255  233  193    89.73   1.09  20.50  89.67   1.40  20.51
  200  199  122    74.87  -7.50  31.91  74.90  -7.28  33.29
   49  196    0    44.09 -49.36  42.23  44.07 -48.57  42.83
  223   40   40    51.54  56.37  53.64  51.80  55.98  54.46
   10    5  225    21.99  51.81 -67.33  22.09  51.64 -67.71
   39   16  201    25.20  43.64 -55.95  25.35  44.63 -55.43
  229    2  173    46.60  73.02  11.79  46.35  73.49  11.58
   40   77   88    26.70  -3.96 -16.21  26.88  -3.18 -15.67
    4    1  131    13.29  32.90 -41.97  13.32  32.99 -41.85
   60   64    5    24.59   1.43  23.68  25.09   0.67  25.93
  184  223   42    73.57 -21.96  66.40  73.51 -22.83  67.30
  203  238   73    79.78 -21.99  58.82  79.46 -21.69  58.08
  183  241  117    78.28 -27.16  35.17  77.68 -27.13  34.17
  213   90   53    58.09  33.68  49.88  58.42  33.81  49.58
  119  113  231    54.81  17.02 -39.14  55.40  16.92 -39.19
   36  181   68    41.72 -52.20   5.70  42.67 -52.67   5.17
   53  212   50    50.13 -60.17  24.77  50.53 -59.74  24.20
  246  251  115    89.92 -11.36  52.89  89.93 -11.01  53.01
   31   15   16    10.27  10.30   2.97   8.98  11.66   2.57
  130   99   83    46.90   8.30  15.22  47.07   8.43  15.95
  132  130   57    51.75  -3.84  31.83  52.79  -4.05  32.76
  250  255  159    92.11  -9.51  35.01  92.25  -9.60  36.13
   65  129  121    43.18 -16.59 -14.67  42.94 -15.68 -14.11
   83  148  159    51.49 -14.76 -18.54  51.24 -14.49 -18.05
   93  167  124    54.13 -24.14  -0.54  54.21 -23.83  -0.01
  216  222  176    81.77  -7.01  16.56  81.31  -6.39  16.67
  244  234  255    89.31   4.27  -7.71  89.49   4.20  -7.64
   52  151  194    47.39 -17.77 -41.84  47.90 -16.56 -41.04
   41   32  255    31.67  49.44 -70.32  31.26  49.68 -70.26
  153  254   77    74.28 -43.30  45.55  73.85 -44.06  47.11
  116  187  239    65.04 -10.30 -33.94  64.95  -9.75 -32.89
  158  156   37    58.95  -6.10  52.41  60.02  -6.64  53.86
   58  137   69    39.39 -26.58   4.57  39.42 -26.48   5.17
   94  107  163    47.93   5.17 -22.90  47.54   5.61 -22.88
  157  251   24    72.72 -38.51  72.45  73.17 -38.60  74.25
   29   93  252    35.01  18.63 -72.87  35.71  16.20 -73.35
   68  250    3    56.85 -60.16  56.19  57.12 -59.61  56.44
   62  246   79    56.89 -69.19  20.38  57.03 -67.34  20.58
  253   14   19    52.23  73.26  68.47  52.28  74.09  67.38
  128  244  242    75.66 -27.44 -23.84  75.53 -26.81 -24.06
  235   74    7    58.10  49.05  73.30  58.85  47.17  75.34
   93    1    3    18.63  33.14  21.68  19.11  33.43  22.22
   85   61  255    41.03  39.04 -59.51  40.67  38.94 -59.88
  251  197  130    82.75   8.07  41.44  82.57   8.38  40.35
   27  147  255    43.40  -4.34 -66.76  43.07  -6.65 -67.62
  241   10  123    49.32  71.58  31.47  50.02  72.10  30.60
  250    3   71    49.23  75.22  53.36  49.39  75.28  50.34
