CGATS.17
NUMBER_OF_FIELDS 7
BEGIN_DATA_FORMAT
SAMPLE_ID RGB_R RGB_G RGB_B LAB_L LAB_A LAB_B
END_DATA_FORMAT
NUMBER_OF_SETS 400
BEGIN_DATA
1	  0.00	  0.00	170.00	 15.62	 41.62	-54.97
2	  0.00	  0.00	 85.00	  9.70	 23.36	-28.27
3	  0.00	182.14	  0.00	 34.05	-64.94	 25.44
4	  0.00	 72.86	  0.00	 17.58	-27.36	 11.72
5	170.00	  0.00	  0.00	 35.72	 55.44	 46.20
6	 85.00	  0.00	  0.00	 16.69	 30.36	 20.10
7	170.00	170.00	170.00	 66.69	 -0.47	  2.22
8	 85.00	 85.00	 85.00	 35.93	  3.23	 -0.57
9	255.00	255.00	255.00	 95.22	 -1.26	 -2.19
10	212.50	255.00	255.00	 89.27	-10.07	-10.31
11	170.00	255.00	255.00	 83.51	-18.65	-18.87
12	127.50	255.00	255.00	 77.64	-27.94	-27.42
13	 85.00	255.00	255.00	 72.48	-36.77	-34.81
14	 42.50	255.00	255.00	 66.38	-44.51	-43.72
15	  0.00	255.00	255.00	 57.37	-43.96	-54.32
16	255.00	218.57	255.00	 88.39	 11.38	 -7.08
17	212.50	218.57	255.00	 81.49	  2.29	-17.28
18	170.00	218.57	255.00	 75.92	 -7.45	-25.45
19	127.50	218.57	255.00	 71.76	-17.16	-33.71
20	 85.00	218.57	255.00	 66.35	-25.88	-40.82
21	 42.50	218.57	255.00	 60.29	-36.51	-50.63
22	  0.00	218.57	255.00	 48.75	-33.86	-64.00
23	255.00	182.14	255.00	 82.01	 23.37	-12.67
24	212.50	182.14	255.00	 76.39	 14.11	-21.13
25	170.00	182.14	255.00	 70.43	  5.35	-29.94
26	127.50	182.14	255.00	 65.82	 -3.09	-37.72
27	 85.00	182.14	255.00	 60.63	-10.62	-45.46
28	 42.50	182.14	255.00	 51.15	-20.44	-58.83
29	  0.00	182.14	255.00	 41.95	-17.94	-69.74
30	255.00	145.71	255.00	 76.54	 36.52	-15.93
31	212.50	145.71	255.00	 71.95	 28.09	-23.57
32	170.00	145.71	255.00	 65.38	 18.66	-32.79
33	127.50	145.71	255.00	 60.37	 11.10	-41.62
34	 85.00	145.71	255.00	 54.44	  3.85	-51.98
35	 42.50	145.71	255.00	 46.63	 -3.89	-63.12
36	  0.00	145.71	255.00	 36.10	 -3.49	-73.61
37	255.00	109.29	255.00	 70.88	 49.28	-18.60
38	212.50	109.29	255.00	 65.83	 41.33	-27.10
39	170.00	109.29	255.00	 60.07	 32.92	-36.01
40	127.50	109.29	255.00	 54.69	 24.34	-45.61
41	 85.00	109.29	255.00	 49.09	 18.14	-56.13
42	 42.50	109.29	255.00	 40.54	 12.01	-69.02
43	  0.00	109.29	255.00	 30.86	 12.93	-78.11
44	255.00	 72.86	255.00	 64.18	 62.28	-20.29
45	212.50	 72.86	255.00	 59.76	 52.88	-28.70
46	170.00	 72.86	255.00	 53.46	 46.16	-38.61
47	127.50	 72.86	255.00	 48.48	 38.83	-48.74
48	 85.00	 72.86	255.00	 43.81	 33.30	-58.61
49	 42.50	 72.86	255.00	 35.82	 28.92	-71.43
50	  0.00	 72.86	255.00	 25.63	 28.64	-81.41
51	255.00	 36.43	255.00	 57.46	 74.27	-17.24
52	212.50	 36.43	255.00	 53.81	 66.53	-26.43
53	170.00	 36.43	255.00	 47.69	 61.26	-36.67
54	127.50	 36.43	255.00	 42.64	 54.50	-47.20
55	 85.00	 36.43	255.00	 37.28	 50.31	-58.54
56	 42.50	 36.43	255.00	 31.97	 47.90	-69.95
57	  0.00	 36.43	255.00	 23.76	 44.94	-81.99
58	255.00	  0.00	255.00	 51.04	 80.98	 -5.89
59	212.50	  0.00	255.00	 47.66	 75.74	-16.44
60	170.00	  0.00	255.00	 43.52	 71.70	-26.33
61	127.50	  0.00	255.00	 38.94	 66.84	-36.76
62	 85.00	  0.00	255.00	 34.29	 64.01	-47.47
63	 42.50	  0.00	255.00	 30.60	 62.00	-58.46
64	  0.00	  0.00	255.00	 29.28	 60.14	-71.38
65	255.00	255.00	212.50	 93.86	 -5.01	 14.43
66	212.50	255.00	212.50	 87.76	-14.93	  5.74
67	170.00	255.00	212.50	 81.41	-25.01	 -3.30
68	127.50	255.00	212.50	 75.71	-35.88	-12.17
69	 85.00	255.00	212.50	 70.10	-45.66	-20.46
70	 42.50	255.00	212.50	 62.28	-53.72	-29.99
71	  0.00	255.00	212.50	 53.16	-53.94	-42.11
72	255.00	218.57	212.50	 87.59	  7.28	  9.42
73	212.50	218.57	212.50	 81.81	 -2.78	  0.42
74	170.00	218.57	212.50	 75.66	-13.11	 -8.65
75	127.50	218.57	212.50	 70.84	-23.19	-16.71
76	 85.00	218.57	212.50	 64.76	-31.94	-25.73
77	 42.50	218.57	212.50	 57.05	-42.29	-39.52
78	  0.00	218.57	212.50	 45.88	-43.68	-51.61
79	255.00	182.14	212.50	 81.60	 19.62	  4.24
80	212.50	182.14	212.50	 76.15	  8.86	 -3.97
81	170.00	182.14	212.50	 71.39	 -0.28	-12.73
82	127.50	182.14	212.50	 65.16	 -9.58	-21.98
83	 85.00	182.14	212.50	 59.09	-18.65	-31.16
84	 42.50	182.14	212.50	 50.82	-29.47	-46.16
85	  0.00	182.14	212.50	 38.77	-27.49	-56.58
86	255.00	145.71	212.50	 76.47	 31.75	  1.04
87	212.50	145.71	212.50	 71.59	 21.50	 -7.46
88	170.00	145.71	212.50	 66.63	 12.87	-17.19
89	127.50	145.71	212.50	 60.46	  3.49	-26.98
90	 85.00	145.71	212.50	 54.44	 -3.91	-37.11
91	 42.50	145.71	212.50	 46.20	-13.51	-52.00
92	  0.00	145.71	212.50	 32.91	-12.55	-60.59
93	255.00	109.29	212.50	 71.25	 44.24	 -2.50
94	212.50	109.29	212.50	 67.10	 32.90	-10.03
95	170.00	109.29	212.50	 60.96	 25.81	-20.53
96	127.50	109.29	212.50	 55.57	 17.34	-31.13
97	 85.00	109.29	212.50	 50.12	  9.96	-41.41
98	 42.50	109.29	212.50	 41.14	  2.21	-56.50
99	  0.00	109.29	212.50	 28.07	  2.03	-64.36
100	255.00	 72.86	212.50	 63.93	 58.53	 -4.87
101	212.50	 72.86	212.50	 60.87	 46.92	-12.40
102	170.00	 72.86	212.50	 54.73	 38.92	-22.61
103	127.50	 72.86	212.50	 49.52	 31.70	-34.52
104	 85.00	 72.86	212.50	 44.69	 25.25	-46.54
105	 42.50	 72.86	212.50	 36.64	 19.49	-60.72
106	  0.00	 72.86	212.50	 23.73	 16.43	-68.93
107	255.00	 36.43	212.50	 56.92	 71.31	 -0.43
108	212.50	 36.43	212.50	 53.77	 63.15	-12.60
109	170.00	 36.43	212.50	 47.56	 55.23	-22.19
110	127.50	 36.43	212.50	 43.31	 48.16	-34.55
111	 85.00	 36.43	212.50	 37.39	 42.77	-47.15
112	 42.50	 36.43	212.50	 31.18	 39.04	-62.54
113	  0.00	 36.43	212.50	 20.41	 32.97	-72.35
114	255.00	  0.00	212.50	 49.76	 80.55	  6.37
115	212.50	  0.00	212.50	 45.16	 73.45	 -5.32
116	170.00	  0.00	212.50	 40.25	 66.83	-15.77
117	127.50	  0.00	212.50	 34.99	 61.12	-27.47
118	 85.00	  0.00	212.50	 30.33	 56.73	-40.53
119	 42.50	  0.00	212.50	 24.56	 51.84	-52.30
120	  0.00	  0.00	212.50	 19.55	 51.54	-67.44
121	255.00	255.00	170.00	 93.19	 -7.34	 31.56
122	212.50	255.00	170.00	 86.16	-18.86	 23.92
123	170.00	255.00	170.00	 80.37	-30.44	 12.44
124	127.50	255.00	170.00	 73.85	-42.19	  4.15
125	 85.00	255.00	170.00	 67.06	-53.70	 -5.56
126	 42.50	255.00	170.00	 58.95	-63.01	-17.28
127	  0.00	255.00	170.00	 47.51	-63.03	-30.26
128	255.00	218.57	170.00	 87.06	  4.22	 27.92
129	212.50	218.57	170.00	 80.50	 -6.85	 18.37
130	170.00	218.57	170.00	 74.90	-17.30	  8.23
131	127.50	218.57	170.00	 68.89	-28.25	 -1.36
132	 85.00	218.57	170.00	 62.27	-39.19	-11.61
133	 42.50	218.57	170.00	 54.17	-49.62	-25.57
134	  0.00	218.57	170.00	 40.33	-51.72	-37.22
135	255.00	182.14	170.00	 81.85	 16.71	 21.99
136	212.50	182.14	170.00	 75.10	  5.15	 13.10
137	170.00	182.14	170.00	 68.89	 -4.85	  3.80
138	127.50	182.14	170.00	 62.99	-15.52	 -5.73
139	 85.00	182.14	170.00	 56.92	-26.15	-16.33
140	 42.50	182.14	170.00	 48.12	-37.24	-31.51
141	  0.00	182.14	170.00	 35.14	-37.75	-42.13
142	255.00	145.71	170.00	 76.43	 28.22	 18.92
143	212.50	145.71	170.00	 70.13	 17.53	  9.43
144	170.00	145.71	170.00	 64.47	  7.48	 -0.12
145	127.50	145.71	170.00	 58.03	 -1.62	-10.82
146	 85.00	145.71	170.00	 51.70	-11.24	-22.01
147	 42.50	145.71	170.00	 42.91	-21.42	-36.95
148	  0.00	145.71	170.00	 29.95	-22.76	-46.34
149	255.00	109.29	170.00	 69.87	 42.33	 15.51
150	212.50	109.29	170.00	 64.74	 30.34	  6.36
151	170.00	109.29	170.00	 59.36	 20.41	 -3.13
152	127.50	109.29	170.00	 52.91	 12.33	-15.17
153	 85.00	109.29	170.00	 47.46	  3.52	-27.34
154	 42.50	109.29	170.00	 37.50	 -4.77	-42.18
155	  0.00	109.29	170.00	 25.63	 -9.33	-50.48
156	255.00	 72.86	170.00	 64.26	 55.46	 13.61
157	212.50	 72.86	170.00	 58.29	 43.93	  3.46
158	170.00	 72.86	170.00	 52.76	 35.16	 -6.73
159	127.50	 72.86	170.00	 47.68	 26.98	-19.12
160	 85.00	 72.86	170.00	 41.62	 18.76	-32.05
161	 42.50	 72.86	170.00	 32.79	 11.42	-46.62
162	  0.00	 72.86	170.00	 21.05	  5.91	-55.43
163	255.00	 36.43	170.00	 56.71	 69.38	 15.67
164	212.50	 36.43	170.00	 51.78	 59.78	  3.19
165	170.00	 36.43	170.00	 45.92	 51.20	 -8.21
166	127.50	 36.43	170.00	 40.91	 43.70	-20.99
167	 85.00	 36.43	170.00	 34.75	 36.37	-34.06
168	 42.50	 36.43	170.00	 26.28	 30.30	-48.14
169	  0.00	 36.43	170.00	 17.20	 23.27	-58.39
170	255.00	  0.00	170.00	 49.10	 78.39	 21.75
171	212.50	  0.00	170.00	 43.82	 71.38	  8.72
172	170.00	  0.00	170.00	 38.97	 64.84	 -4.29
173	127.50	  0.00	170.00	 33.30	 57.91	-14.90
174	 85.00	  0.00	170.00	 27.41	 50.75	-27.36
175	 42.50	  0.00	170.00	 21.17	 45.00	-40.10
176	  0.00	  0.00	170.00	 15.55	 41.93	-54.89
177	255.00	255.00	127.50	 92.69	 -9.58	 49.70
178	212.50	255.00	127.50	 84.87	-22.62	 40.49
179	170.00	255.00	127.50	 78.54	-35.61	 29.90
180	127.50	255.00	127.50	 71.55	-48.90	 19.96
181	 85.00	255.00	127.50	 63.95	-61.55	  9.38
182	 42.50	255.00	127.50	 54.94	-72.92	 -2.88
183	  0.00	255.00	127.50	 41.54	-73.63	-16.05
184	255.00	218.57	127.50	 86.48	  2.47	 45.90
185	212.50	218.57	127.50	 79.42	-10.34	 36.05
186	170.00	218.57	127.50	 73.76	-21.85	 25.67
187	127.50	218.57	127.50	 67.43	-33.83	 15.04
188	 85.00	218.57	127.50	 60.83	-45.35	  4.53
189	 42.50	218.57	127.50	 52.09	-57.66	-10.11
190	  0.00	218.57	127.50	 37.03	-61.51	-22.63
191	255.00	182.14	127.50	 80.81	 14.30	 40.30
192	212.50	182.14	127.50	 74.28	  2.01	 31.30
193	170.00	182.14	127.50	 67.30	 -8.88	 20.67
194	127.50	182.14	127.50	 60.49	-19.48	  9.15
195	 85.00	182.14	127.50	 55.05	-31.57	 -1.95
196	 42.50	182.14	127.50	 47.04	-44.05	-16.07
197	  0.00	182.14	127.50	 31.54	-47.46	-26.55
198	255.00	145.71	127.50	 75.43	 26.41	 35.18
199	212.50	145.71	127.50	 69.13	 14.73	 26.84
200	170.00	145.71	127.50	 61.65	  3.83	 16.19
201	127.50	145.71	127.50	 55.56	 -5.78	  4.80
202	 85.00	145.71	127.50	 49.41	-16.83	 -7.42
203	 42.50	145.71	127.50	 40.64	-30.47	-21.21
204	  0.00	145.71	127.50	 26.55	-32.59	-31.58
205	255.00	109.29	127.50	 69.91	 39.48	 32.74
206	212.50	109.29	127.50	 63.24	 27.89	 22.78
207	170.00	109.29	127.50	 56.54	 17.56	 11.27
208	127.50	109.29	127.50	 49.06	  7.77	 -0.74
209	 85.00	109.29	127.50	 43.84	 -2.62	-12.70
210	 42.50	109.29	127.50	 34.37	-11.54	-27.15
211	  0.00	109.29	127.50	 22.04	-17.80	-36.80
212	255.00	 72.86	127.50	 64.00	 53.52	 30.11
213	212.50	 72.86	127.50	 57.37	 41.44	 20.34
214	170.00	 72.86	127.50	 50.81	 31.43	  8.54
215	127.50	 72.86	127.50	 44.62	 22.43	 -4.00
216	 85.00	 72.86	127.50	 37.51	 14.01	-16.82
217	 42.50	 72.86	127.50	 29.20	  4.26	-30.47
218	  0.00	 72.86	127.50	 16.88	 -2.87	-41.00
219	255.00	 36.43	127.50	 57.53	 67.74	 29.88
220	212.50	 36.43	127.50	 50.75	 56.82	 19.40
221	170.00	 36.43	127.50	 44.62	 47.75	  6.66
222	127.50	 36.43	127.50	 38.30	 38.40	 -6.20
223	 85.00	 36.43	127.50	 31.64	 30.18	-19.63
224	 42.50	 36.43	127.50	 22.96	 22.64	-33.08
225	  0.00	 36.43	127.50	 13.19	 14.96	-44.75
226	255.00	  0.00	127.50	 49.04	 77.58	 37.23
227	212.50	  0.00	127.50	 43.66	 69.94	 23.31
228	170.00	  0.00	127.50	 38.57	 62.49	  8.89
229	127.50	  0.00	127.50	 31.59	 54.13	 -3.99
230	 85.00	  0.00	127.50	 25.62	 46.10	-15.41
231	 42.50	  0.00	127.50	 19.08	 39.22	-27.94
232	  0.00	  0.00	127.50	 12.46	 32.80	-41.79
233	255.00	255.00	 85.00	 91.37	-10.92	 66.55
234	212.50	255.00	 85.00	 83.80	-24.40	 59.68
235	170.00	255.00	 85.00	 77.27	-38.73	 48.19
236	127.50	255.00	 85.00	 70.02	-52.76	 37.16
237	 85.00	255.00	 85.00	 62.14	-65.57	 26.48
238	 42.50	255.00	 85.00	 54.18	-78.53	 14.81
239	  0.00	255.00	 85.00	 39.27	-82.39	  0.80
240	255.00	218.57	 85.00	 85.86	  0.95	 64.16
241	212.50	218.57	 85.00	 78.41	-11.81	 53.55
242	170.00	218.57	 85.00	 71.87	-25.42	 42.87
243	127.50	218.57	 85.00	 65.72	-37.51	 31.02
244	 85.00	218.57	 85.00	 58.66	-50.10	 19.95
245	 42.50	218.57	 85.00	 49.90	-64.36	  6.31
246	  0.00	218.57	 85.00	 35.01	-70.64	 -7.20
247	255.00	182.14	 85.00	 80.76	 12.45	 58.66
248	212.50	182.14	 85.00	 73.43	  0.62	 48.18
249	170.00	182.14	 85.00	 66.28	-11.63	 38.99
250	127.50	182.14	 85.00	 59.71	-24.16	 26.23
251	 85.00	182.14	 85.00	 53.57	-35.65	 14.57
252	 42.50	182.14	 85.00	 44.65	-49.94	  0.42
253	  0.00	182.14	 85.00	 29.26	-56.13	-10.99
254	255.00	145.71	 85.00	 74.65	 25.97	 53.95
255	212.50	145.71	 85.00	 67.77	 13.51	 43.20
256	170.00	145.71	 85.00	 60.68	  1.44	 33.71
257	127.50	145.71	 85.00	 54.81	 -9.50	 21.44
258	 85.00	145.71	 85.00	 48.05	-20.72	  8.96
259	 42.50	145.71	 85.00	 38.52	-34.76	 -5.74
260	  0.00	145.71	 85.00	 23.99	-41.55	-15.68
261	255.00	109.29	 85.00	 69.60	 38.22	 51.05
262	212.50	109.29	 85.00	 61.69	 26.73	 39.01
263	170.00	109.29	 85.00	 54.83	 14.88	 28.33
264	127.50	109.29	 85.00	 48.06	  4.17	 15.91
265	 85.00	109.29	 85.00	 40.54	 -6.14	  2.66
266	 42.50	109.29	 85.00	 32.52	-16.55	 -9.89
267	  0.00	109.29	 85.00	 18.90	-26.84	-21.39
268	255.00	 72.86	 85.00	 63.61	 52.24	 46.04
269	212.50	 72.86	 85.00	 56.17	 40.23	 35.41
270	170.00	 72.86	 85.00	 48.89	 29.87	 24.11
271	127.50	 72.86	 85.00	 42.43	 18.63	 10.34
272	 85.00	 72.86	 85.00	 34.07	  8.35	 -2.53
273	 42.50	 72.86	 85.00	 26.14	 -1.78	-14.11
274	  0.00	 72.86	 85.00	 13.67	-12.47	-26.48
275	255.00	 36.43	 85.00	 57.52	 66.55	 46.24
276	212.50	 36.43	 85.00	 49.59	 55.93	 35.16
277	170.00	 36.43	 85.00	 42.88	 46.39	 21.67
278	127.50	 36.43	 85.00	 35.75	 35.41	  8.17
279	 85.00	 36.43	 85.00	 28.35	 24.60	 -4.86
280	 42.50	 36.43	 85.00	 20.81	 15.64	-17.67
281	  0.00	 36.43	 85.00	  9.58	  5.20	-29.93
282	255.00	  0.00	 85.00	 49.75	 77.12	 50.55
283	212.50	  0.00	 85.00	 44.13	 68.79	 36.08
284	170.00	  0.00	 85.00	 37.94	 60.50	 22.36
285	127.50	  0.00	 85.00	 30.19	 50.51	  9.36
286	 85.00	  0.00	 85.00	 22.89	 41.90	 -3.62
287	 42.50	  0.00	 85.00	 16.47	 32.69	-15.82
288	  0.00	  0.00	 85.00	  9.76	 23.03	-27.71
289	255.00	255.00	 42.50	 91.22	-10.77	 86.80
290	212.50	255.00	 42.50	 83.54	-24.86	 79.32
291	170.00	255.00	 42.50	 76.16	-37.79	 69.17
292	127.50	255.00	 42.50	 68.18	-52.20	 57.61
293	 85.00	255.00	 42.50	 60.14	-65.29	 46.56
294	 42.50	255.00	 42.50	 52.83	-77.27	 33.76
295	  0.00	255.00	 42.50	 40.39	-88.73	 20.99
296	255.00	218.57	 42.50	 85.81	 -0.43	 85.75
297	212.50	218.57	 42.50	 77.44	-11.84	 73.94
298	170.00	218.57	 42.50	 70.54	-24.96	 62.60
299	127.50	218.57	 42.50	 63.34	-38.28	 50.48
300	 85.00	218.57	 42.50	 56.43	-51.10	 39.77
301	 42.50	218.57	 42.50	 48.78	-66.16	 26.45
302	  0.00	218.57	 42.50	 36.10	-79.43	 11.59
303	255.00	182.14	 42.50	 80.03	 12.24	 79.79
304	212.50	182.14	 42.50	 72.19	 -0.01	 68.56
305	170.00	182.14	 42.50	 65.34	-12.35	 58.23
306	127.50	182.14	 42.50	 58.87	-25.33	 46.28
307	 85.00	182.14	 42.50	 50.97	-37.22	 33.01
308	 42.50	182.14	 42.50	 42.76	-51.87	 19.92
309	  0.00	182.14	 42.50	 30.41	-64.43	  6.34
310	255.00	145.71	 42.50	 74.56	 24.86	 72.91
311	212.50	145.71	 42.50	 66.61	 13.50	 62.42
312	170.00	145.71	 42.50	 60.22	  0.49	 52.02
313	127.50	145.71	 42.50	 53.19	-11.51	 40.23
314	 85.00	145.71	 42.50	 45.12	-23.28	 27.03
315	 42.50	145.71	 42.50	 35.76	-38.10	 13.44
316	  0.00	145.71	 42.50	 24.53	-50.57	  0.67
317	255.00	109.29	 42.50	 69.06	 38.29	 69.58
318	212.50	109.29	 42.50	 60.98	 26.76	 56.40
319	170.00	109.29	 42.50	 53.33	 14.83	 46.36
320	127.50	109.29	 42.50	 47.14	  2.19	 33.80
321	 85.00	109.29	 42.50	 38.92	 -7.92	 21.23
322	 42.50	109.29	 42.50	 30.16	-19.76	  8.44
323	  0.00	109.29	 42.50	 18.77	-37.25	 -3.24
324	255.00	 72.86	 42.50	 63.19	 52.13	 64.92
325	212.50	 72.86	 42.50	 55.03	 40.61	 52.73
326	170.00	 72.86	 42.50	 47.66	 29.68	 41.53
327	127.50	 72.86	 42.50	 40.85	 16.90	 28.30
328	 85.00	 72.86	 42.50	 32.28	  4.92	 14.82
329	 42.50	 72.86	 42.50	 22.87	 -6.70	  2.86
330	  0.00	 72.86	 42.50	 12.94	-22.27	 -8.50
331	255.00	 36.43	 42.50	 57.29	 66.33	 61.96
332	212.50	 36.43	 42.50	 49.02	 54.89	 50.53
333	170.00	 36.43	 42.50	 41.50	 45.05	 37.57
334	127.50	 36.43	 42.50	 33.77	 33.26	 24.06
335	 85.00	 36.43	 42.50	 25.20	 20.30	  9.74
336	 42.50	 36.43	 42.50	 15.93	  8.10	 -2.79
337	  0.00	 36.43	 42.50	  7.40	 -6.00	-14.48
338	255.00	  0.00	 42.50	 49.67	 76.97	 63.82
339	212.50	  0.00	 42.50	 43.29	 67.27	 48.82
340	170.00	  0.00	 42.50	 36.88	 57.53	 34.32
341	127.50	  0.00	 42.50	 28.52	 47.15	 21.21
342	 85.00	  0.00	 42.50	 19.60	 36.51	  8.75
343	 42.50	  0.00	 42.50	 12.65	 24.76	 -3.42
344	  0.00	  0.00	 42.50	  6.15	 12.91	-14.34
345	255.00	255.00	  0.00	 88.95	 -5.19	109.29
346	212.50	255.00	  0.00	 82.74	-16.94	 98.69
347	170.00	255.00	  0.00	 75.27	-29.50	 86.31
348	127.50	255.00	  0.00	 67.93	-42.41	 74.91
349	 85.00	255.00	  0.00	 61.15	-55.19	 63.09
350	 42.50	255.00	  0.00	 53.64	-68.44	 51.35
351	  0.00	255.00	  0.00	 49.04	-80.82	 36.77
352	255.00	218.57	  0.00	 83.66	  6.23	105.03
353	212.50	218.57	  0.00	 76.57	 -5.96	 93.16
354	170.00	218.57	  0.00	 69.22	-18.02	 81.11
355	127.50	218.57	  0.00	 61.75	-31.69	 68.52
356	 85.00	218.57	  0.00	 54.36	-44.39	 56.71
357	 42.50	218.57	  0.00	 47.01	-58.18	 44.15
358	  0.00	218.57	  0.00	 39.88	-76.09	 30.82
359	255.00	182.14	  0.00	 78.89	 17.18	 99.05
360	212.50	182.14	  0.00	 71.13	  4.03	 87.68
361	170.00	182.14	  0.00	 62.78	 -6.41	 75.66
362	127.50	182.14	  0.00	 55.70	-19.31	 62.97
363	 85.00	182.14	  0.00	 48.54	-32.30	 51.32
364	 42.50	182.14	  0.00	 40.03	-47.97	 38.23
365	  0.00	182.14	  0.00	 34.26	-64.55	 25.15
366	255.00	145.71	  0.00	 73.49	 28.60	 93.80
367	212.50	145.71	  0.00	 64.94	 17.44	 81.32
368	170.00	145.71	  0.00	 57.00	  4.80	 69.67
369	127.50	145.71	  0.00	 49.73	 -7.23	 58.32
370	 85.00	145.71	  0.00	 41.33	-20.51	 44.90
371	 42.50	145.71	  0.00	 33.50	-36.01	 32.28
372	  0.00	145.71	  0.00	 28.89	-52.45	 20.58
373	255.00	109.29	  0.00	 67.25	 43.51	 87.91
374	212.50	109.29	  0.00	 58.84	 32.03	 75.09
375	170.00	109.29	  0.00	 51.89	 19.35	 63.88
376	127.50	109.29	  0.00	 44.16	  5.78	 51.89
377	 85.00	109.29	  0.00	 36.35	 -7.00	 39.92
378	 42.50	109.29	  0.00	 27.86	-21.99	 27.50
379	  0.00	109.29	  0.00	 22.75	-39.73	 16.42
380	255.00	 72.86	  0.00	 61.23	 56.67	 82.42
381	212.50	 72.86	  0.00	 53.84	 44.09	 70.37
382	170.00	 72.86	  0.00	 46.36	 32.92	 57.94
383	127.50	 72.86	  0.00	 39.06	 19.48	 45.39
384	 85.00	 72.86	  0.00	 30.05	  5.84	 32.87
385	 42.50	 72.86	  0.00	 22.64	 -7.58	 22.21
386	  0.00	 72.86	  0.00	 17.91	-27.21	 11.55
387	255.00	 36.43	  0.00	 56.17	 68.67	 76.67
388	212.50	 36.43	  0.00	 48.15	 57.33	 64.70
389	170.00	 36.43	  0.00	 39.89	 45.84	 51.57
390	127.50	 36.43	  0.00	 31.74	 33.81	 39.11
391	 85.00	 36.43	  0.00	 23.98	 20.77	 26.94
392	 42.50	 36.43	  0.00	 15.78	  4.02	 15.15
393	  0.00	 36.43	  0.00	 10.49	-13.18	  5.80
394	255.00	  0.00	  0.00	 49.87	 77.28	 74.31
395	212.50	  0.00	  0.00	 43.02	 66.19	 59.74
396	170.00	  0.00	  0.00	 35.87	 55.87	 46.28
397	127.50	  0.00	  0.00	 26.46	 43.36	 32.83
398	 85.00	  0.00	  0.00	 16.61	 30.22	 20.06
399	 42.50	  0.00	  0.00	  9.13	 17.87	  8.04
400	  0.00	  0.00	  0.00	  1.62	 -0.25	 -0.27
END_DATA
