CGATS.17
NUMBER_OF_FIELDS 7
BEGIN_DATA_FORMAT
SAMPLE_ID RGB_R RGB_G RGB_B LAB_L LAB_A LAB_B
END_DATA_FORMAT
NUMBER_OF_SETS 1827
BEGIN_DATA
1	200.00	200.00	200.00	 76.68	 -1.03	  0.79
2	150.00	150.00	150.00	 60.01	 -0.12	  2.88
3	100.00	100.00	100.00	 41.98	  2.21	  0.42
4	 50.00	 50.00	 50.00	 20.29	  4.73	 -2.01
5	255.00	180.00	255.00	 82.45	 22.69	-12.59
6	255.00	255.00	180.00	 93.67	 -7.45	 27.12
7	180.00	255.00	255.00	 84.61	-16.34	-16.41
8	255.00	  0.00	255.00	 51.65	 80.83	 -8.12
9	255.00	255.00	  0.00	 89.22	 -5.72	109.22
10	  0.00	255.00	255.00	 58.32	-44.57	-53.84
11	200.00	200.00	200.00	 76.51	 -0.81	  0.80
12	150.00	150.00	150.00	 60.40	 -0.04	  2.80
13	100.00	100.00	100.00	 41.54	  2.33	  0.23
14	 50.00	 50.00	 50.00	 20.37	  4.71	 -2.11
15	255.00	180.00	255.00	 82.03	 22.77	-12.66
16	255.00	255.00	180.00	 93.56	 -7.43	 26.77
17	180.00	255.00	255.00	 84.76	-16.35	-16.59
18	255.00	  0.00	255.00	 51.53	 80.80	 -7.84
19	255.00	255.00	  0.00	 89.35	 -6.45	109.07
20	  0.00	255.00	255.00	 58.64	-44.24	-53.47
21	200.00	200.00	200.00	 76.83	 -0.90	  0.51
22	200.00	200.00	200.00	 76.67	 -1.12	  1.05
23	150.00	150.00	150.00	 60.34	  0.31	  2.75
24	100.00	100.00	100.00	 41.82	  2.12	  0.84
25	 50.00	 50.00	 50.00	 20.53	  4.88	 -2.02
26	255.00	180.00	255.00	 82.37	 22.83	-12.41
27	255.00	255.00	180.00	 93.32	 -7.14	 26.89
28	180.00	255.00	255.00	 84.75	-16.17	-16.68
29	255.00	  0.00	255.00	 51.57	 80.68	 -7.91
30	255.00	255.00	  0.00	 89.66	 -6.10	109.22
31	  0.00	255.00	255.00	 58.47	-44.20	-53.68
32	200.00	200.00	200.00	 76.81	 -1.28	  1.20
33	150.00	150.00	150.00	 60.31	 -0.42	  2.72
34	100.00	100.00	100.00	 42.08	  2.07	  0.46
35	 50.00	 50.00	 50.00	 20.98	  4.41	 -2.18
36	255.00	180.00	255.00	 81.83	 22.92	-12.63
37	255.00	255.00	180.00	 93.50	 -7.42	 27.26
38	180.00	255.00	255.00	 85.06	-16.47	-16.78
39	255.00	  0.00	255.00	 51.96	 80.67	 -8.14
40	255.00	255.00	  0.00	 89.32	 -6.01	109.08
41	  0.00	255.00	255.00	 58.71	-44.57	-53.50
42	200.00	200.00	200.00	 76.75	 -0.82	  0.87
43	200.00	200.00	200.00	 76.45	 -0.85	  1.02
44	150.00	150.00	150.00	 60.31	 -0.47	  2.82
45	100.00	100.00	100.00	 41.33	  2.13	  0.32
46	 50.00	 50.00	 50.00	 20.80	  4.58	 -1.93
47	255.00	180.00	255.00	 82.16	 22.79	-12.51
48	255.00	255.00	180.00	 93.29	 -7.02	 26.55
49	180.00	255.00	255.00	 84.61	-16.35	-16.40
50	255.00	  0.00	255.00	 51.67	 80.62	 -7.74
51	255.00	255.00	  0.00	 89.26	 -6.52	109.19
52	  0.00	255.00	255.00	 58.84	-44.33	-53.88
53	200.00	200.00	200.00	 76.24	 -0.82	  0.91
54	150.00	150.00	150.00	 59.76	  0.05	  3.24
55	100.00	100.00	100.00	 41.64	  2.13	  0.24
56	 50.00	 50.00	 50.00	 20.50	  4.82	 -1.88
57	255.00	180.00	255.00	 82.39	 22.79	-12.41
58	255.00	255.00	180.00	 93.39	 -6.98	 26.79
59	180.00	255.00	255.00	 84.73	-16.24	-16.63
60	255.00	  0.00	255.00	 51.71	 81.23	 -7.64
61	255.00	255.00	  0.00	 89.02	 -6.13	109.36
62	  0.00	255.00	255.00	 58.70	-44.39	-53.57
63	200.00	200.00	200.00	 76.44	 -1.04	  0.72
64	150.00	150.00	150.00	 60.27	 -0.02	  2.64
65	100.00	100.00	100.00	 41.81	  2.08	  0.37
66	 50.00	 50.00	 50.00	 20.68	  4.05	 -2.04
67	255.00	180.00	255.00	 82.27	 22.81	-11.98
68	255.00	255.00	180.00	 93.54	 -7.07	 27.16
69	180.00	255.00	255.00	 84.89	-16.12	-16.82
70	255.00	  0.00	255.00	 52.02	 80.69	 -7.69
71	255.00	255.00	  0.00	 89.40	 -6.35	109.23
72	  0.00	255.00	255.00	 58.48	-44.32	-53.93
73	200.00	200.00	200.00	 76.54	 -1.04	  0.98
74	150.00	150.00	150.00	 60.13	 -0.35	  2.90
75	100.00	100.00	100.00	 41.85	  2.49	  0.73
76	 50.00	 50.00	 50.00	 20.86	  4.27	 -2.03
77	255.00	180.00	255.00	 82.14	 22.79	-12.37
78	255.00	255.00	180.00	 93.24	 -7.28	 26.80
79	180.00	255.00	255.00	 84.71	-16.16	-16.70
80	255.00	  0.00	255.00	 51.96	 80.39	 -7.92
81	255.00	255.00	  0.00	 89.36	 -6.03	109.55
82	  0.00	255.00	255.00	 58.06	-44.36	-53.49
83	200.00	200.00	200.00	 76.58	 -1.10	  0.45
84	150.00	150.00	150.00	 60.37	 -0.12	  2.70
85	150.00	150.00	150.00	 60.40	 -0.29	  2.58
86	100.00	100.00	100.00	 41.68	  2.22	  0.29
87	 50.00	 50.00	 50.00	 20.71	  4.50	 -2.18
88	255.00	180.00	255.00	 81.88	 22.76	-12.58
89	255.00	255.00	180.00	 93.34	 -7.08	 27.02
90	180.00	255.00	255.00	 84.77	-16.16	-16.56
91	255.00	  0.00	255.00	 51.97	 80.87	 -7.63
92	255.00	255.00	  0.00	 88.92	 -6.15	109.12
93	  0.00	255.00	255.00	 58.24	-44.48	-53.82
94	200.00	200.00	200.00	 76.84	 -0.93	  0.61
95	150.00	150.00	150.00	 60.28	 -0.09	  2.78
96	100.00	100.00	100.00	 41.77	  2.49	  0.25
97	 50.00	 50.00	 50.00	 20.88	  4.86	 -1.99
98	255.00	180.00	255.00	 82.31	 22.70	-12.60
99	255.00	255.00	180.00	 92.66	 -7.33	 26.92
100	180.00	255.00	255.00	 84.68	-15.91	-16.72
101	255.00	  0.00	255.00	 51.45	 80.43	 -8.15
102	255.00	255.00	  0.00	 89.38	 -6.18	109.43
103	  0.00	255.00	255.00	 58.49	-44.28	-54.05
104	200.00	200.00	200.00	 76.58	 -1.17	  0.70
105	150.00	150.00	150.00	 60.20	  0.17	  2.93
106	150.00	150.00	150.00	 60.15	 -0.18	  2.67
107	100.00	100.00	100.00	 41.76	  2.08	  0.84
108	 50.00	 50.00	 50.00	 20.75	  4.30	 -1.92
109	255.00	180.00	255.00	 82.25	 22.77	-12.61
110	255.00	255.00	180.00	 93.54	 -7.69	 27.10
111	180.00	255.00	255.00	 85.23	-16.26	-16.71
112	255.00	  0.00	255.00	 51.78	 81.01	 -7.51
113	255.00	255.00	  0.00	 89.32	 -6.61	109.59
114	  0.00	255.00	255.00	 58.95	-44.26	-54.06
115	200.00	200.00	200.00	 77.02	 -0.82	  0.58
116	150.00	150.00	150.00	 60.35	  0.21	  2.54
117	100.00	100.00	100.00	 41.67	  2.03	  0.52
118	 50.00	 50.00	 50.00	 20.51	  4.11	 -1.82
119	255.00	180.00	255.00	 82.44	 22.85	-12.04
120	255.00	255.00	180.00	 93.45	 -7.74	 27.14
121	180.00	255.00	255.00	 84.92	-16.37	-16.52
122	255.00	  0.00	255.00	 51.79	 80.75	 -7.69
123	255.00	255.00	  0.00	 89.61	 -6.48	109.14
124	  0.00	255.00	255.00	 58.58	-44.68	-53.56
125	200.00	200.00	200.00	 76.82	 -1.10	  0.22
126	150.00	150.00	150.00	 60.31	 -0.19	  2.71
127	100.00	100.00	100.00	 41.98	  2.31	  0.52
128	 50.00	 50.00	 50.00	 20.50	  4.38	 -2.29
129	255.00	180.00	255.00	 82.38	 22.71	-12.39
130	255.00	255.00	180.00	 93.52	 -7.14	 27.01
131	180.00	255.00	255.00	 84.96	-16.18	-16.65
132	255.00	  0.00	255.00	 51.55	 81.00	 -7.94
133	255.00	255.00	  0.00	 88.73	 -6.28	109.25
134	  0.00	255.00	255.00	 58.68	-44.41	-53.65
135	200.00	200.00	200.00	 76.76	 -1.01	  0.56
136	150.00	150.00	150.00	 60.27	  0.04	  3.06
137	100.00	100.00	100.00	 41.79	  2.35	  0.51
138	 50.00	 50.00	 50.00	 20.73	  4.41	 -1.96
139	255.00	180.00	255.00	 82.07	 22.67	-12.56
140	255.00	255.00	180.00	 93.49	 -7.29	 27.05
141	180.00	255.00	255.00	 84.81	-16.15	-16.40
142	255.00	  0.00	255.00	 51.71	 81.16	 -7.70
143	255.00	255.00	  0.00	 89.38	 -6.39	109.42
144	  0.00	255.00	255.00	 58.77	-44.22	-53.48
145	200.00	200.00	200.00	 76.98	 -0.75	  0.83
146	150.00	150.00	150.00	 60.33	 -0.21	  2.64
147	100.00	100.00	100.00	 41.50	  2.12	  0.49
148	100.00	100.00	100.00	 41.86	  2.32	  0.61
149	 50.00	 50.00	 50.00	 20.83	  4.53	 -2.28
150	255.00	180.00	255.00	 81.97	 22.92	-12.37
151	255.00	255.00	180.00	 93.05	 -7.56	 26.76
152	180.00	255.00	255.00	 84.69	-16.03	-16.61
153	255.00	  0.00	255.00	 51.79	 80.83	 -7.90
154	255.00	255.00	  0.00	 89.57	 -6.56	109.36
155	  0.00	255.00	255.00	 58.88	-44.51	-53.45
156	200.00	200.00	200.00	 76.66	 -0.99	  0.77
157	150.00	150.00	150.00	 60.27	  0.06	  2.67
158	100.00	100.00	100.00	 42.29	  2.17	  0.29
159	 50.00	 50.00	 50.00	 20.70	  4.62	 -2.10
160	255.00	180.00	255.00	 82.00	 22.51	-12.64
161	255.00	255.00	180.00	 92.99	 -7.49	 27.09
162	180.00	255.00	255.00	 84.56	-16.05	-16.31
163	255.00	  0.00	255.00	 51.41	 80.73	 -7.95
164	255.00	255.00	  0.00	 88.99	 -6.23	108.95
165	  0.00	255.00	255.00	 58.30	-44.20	-53.59
166	200.00	200.00	200.00	 76.22	 -1.33	  0.63
167	150.00	150.00	150.00	 60.14	 -0.12	  2.96
168	100.00	100.00	100.00	 41.28	  1.94	  0.67
169	100.00	100.00	100.00	 41.61	  2.31	  0.68
170	 50.00	 50.00	 50.00	 20.49	  4.29	 -2.10
171	255.00	180.00	255.00	 82.12	 22.82	-12.89
172	255.00	255.00	180.00	 93.70	 -7.28	 26.69
173	180.00	255.00	255.00	 84.96	-16.07	-16.55
174	255.00	  0.00	255.00	 51.95	 80.75	 -7.75
175	255.00	255.00	  0.00	 89.07	 -6.49	109.16
176	  0.00	255.00	255.00	 58.63	-44.39	-53.67
177	200.00	200.00	200.00	 76.28	 -1.25	  0.49
178	150.00	150.00	150.00	 60.44	  0.19	  3.02
179	100.00	100.00	100.00	 41.92	  2.38	  0.64
180	 50.00	 50.00	 50.00	 20.56	  4.05	 -2.35
181	255.00	180.00	255.00	 82.18	 22.78	-12.57
182	255.00	255.00	180.00	 93.64	 -6.90	 27.30
183	180.00	255.00	255.00	 84.53	-16.20	-16.66
184	255.00	  0.00	255.00	 51.55	 81.07	 -7.86
185	255.00	255.00	  0.00	 89.08	 -6.26	109.26
186	  0.00	255.00	255.00	 58.62	-44.17	-53.85
187	200.00	200.00	200.00	 76.23	 -0.92	  0.87
188	150.00	150.00	150.00	 60.05	 -0.12	  3.02
189	100.00	100.00	100.00	 41.75	  2.39	  0.37
190	 50.00	 50.00	 50.00	 20.72	  4.46	 -2.34
191	255.00	180.00	255.00	 82.44	 22.80	-12.65
192	255.00	255.00	180.00	 93.16	 -7.54	 27.03
193	180.00	255.00	255.00	 84.74	-15.97	-16.65
194	255.00	  0.00	255.00	 51.58	 81.02	 -7.81
195	255.00	255.00	  0.00	 89.56	 -5.95	109.26
196	  0.00	255.00	255.00	 58.73	-44.48	-53.41
197	200.00	200.00	200.00	 76.61	 -1.00	  0.81
198	150.00	150.00	150.00	 60.50	  0.32	  2.76
199	100.00	100.00	100.00	 41.83	  2.19	  0.37
200	 50.00	 50.00	 50.00	 20.83	  4.64	 -2.22
201	255.00	180.00	255.00	 82.07	 22.75	-12.95
202	255.00	255.00	180.00	 93.43	 -7.24	 26.57
203	180.00	255.00	255.00	 84.62	-16.57	-16.49
204	255.00	  0.00	255.00	 51.65	 80.70	 -8.07
205	255.00	255.00	  0.00	 89.27	 -5.95	109.62
206	179.00	 77.00	230.00	 58.06	 40.68	-26.74
207	 51.00	204.00	 51.00	 50.27	-58.16	 23.12
208	204.00	204.00	153.00	 77.93	 -5.51	 21.36
209	185.00	185.00	185.00	 71.89	 -0.80	  1.61
210	  0.00	 73.00	109.00	 16.06	 -8.04	-34.00
211	 50.00	 50.00	 50.00	 20.95	  4.47	 -2.10
212	255.00	180.00	255.00	 81.92	 22.75	-12.68
213	255.00	255.00	180.00	 93.36	 -6.95	 26.84
214	180.00	255.00	255.00	 84.60	-16.30	-16.37
215	255.00	  0.00	255.00	 51.78	 80.77	 -8.03
216	255.00	255.00	  0.00	 89.51	 -6.20	108.92
217	  0.00	255.00	255.00	 58.46	-44.13	-53.64
218	200.00	200.00	200.00	 76.72	 -1.00	  1.09
219	150.00	150.00	150.00	 60.36	  0.06	  2.79
220	100.00	100.00	100.00	 41.97	  2.32	  0.31
221	 50.00	 50.00	 50.00	 20.74	  4.18	 -2.32
222	255.00	180.00	255.00	 82.34	 22.80	-12.22
223	255.00	255.00	180.00	 93.46	 -6.99	 27.13
224	180.00	255.00	255.00	 84.83	-16.55	-16.28
225	255.00	  0.00	255.00	 52.04	 80.82	 -8.27
226	255.00	255.00	  0.00	 89.19	 -6.45	109.05
227	  0.00	255.00	255.00	 58.86	-44.31	-53.94
228	128.00	200.00	 55.00	 61.84	-32.04	 42.52
229	211.00	124.00	109.00	 66.20	 18.88	 31.12
230	 51.00	255.00	  0.00	 57.00	-66.29	 54.95
231	254.00	242.00	242.00	 92.92	  1.73	  0.95
232	 50.00	 50.00	 50.00	 20.75	  4.20	 -2.30
233	255.00	180.00	255.00	 82.24	 22.82	-12.48
234	255.00	255.00	180.00	 93.44	 -7.40	 27.18
235	180.00	255.00	255.00	 84.59	-16.08	-16.14
236	255.00	  0.00	255.00	 51.60	 80.68	 -7.59
237	255.00	255.00	  0.00	 88.96	 -6.28	109.32
238	  0.00	255.00	255.00	 58.54	-44.38	-53.78
239	200.00	200.00	200.00	 76.58	 -0.87	  0.92
240	150.00	150.00	150.00	 60.41	  0.14	  2.85
241	100.00	100.00	100.00	 41.60	  2.45	  0.28
242	 50.00	 50.00	 50.00	 20.80	  4.60	 -2.06
243	255.00	180.00	255.00	 82.08	 22.72	-13.02
244	255.00	255.00	180.00	 93.33	 -6.53	 27.24
245	180.00	255.00	255.00	 84.35	-16.26	-16.68
246	255.00	  0.00	255.00	 51.59	 80.85	 -8.05
247	255.00	255.00	  0.00	 89.38	 -6.16	109.43
248	  0.00	255.00	255.00	 58.82	-43.98	-53.44
249	240.00	240.00	240.00	 90.00	 -0.40	 -0.89
250	128.00	200.00	237.00	 68.94	-12.66	-27.62
251	 77.00	 26.00	 26.00	 22.29	 20.86	 11.94
252	  0.00	204.00	102.00	 35.17	-64.36	-13.16
253	128.00	 77.00	230.00	 51.18	 32.32	-39.67
254	 73.00	109.00	 73.00	 38.25	 -9.75	  4.62
255	 73.00	146.00	  0.00	 40.26	-24.86	 42.78
256	146.00	  0.00	  0.00	 31.80	 47.91	 34.43
257	 18.00	200.00	 55.00	 40.72	-67.26	  8.67
258	146.00	255.00	  0.00	 71.03	-37.28	 80.02
259	  0.00	109.00	 73.00	 19.04	-31.56	-15.66
260	 51.00	 51.00	 51.00	 20.96	  4.28	 -1.96
261	 36.00	182.00	146.00	 46.93	-42.57	-24.10
262	 91.00	 91.00	237.00	 48.62	 22.19	-49.59
263	  0.00	  0.00	102.00	 10.76	 26.93	-33.95
264	255.00	219.00	 36.00	 85.72	 -1.33	 87.63
265	217.00	255.00	217.00	 88.62	-13.16	  4.92
266	  0.00	  0.00	  0.00	  2.09	 -0.91	  0.82
267	  0.00	  0.00	 51.00	  7.36	 16.07	-16.99
268	 18.00	200.00	 18.00	 41.39	-66.30	 27.18
269	182.00	  0.00	109.00	 41.12	 64.73	 13.29
270	237.00	128.00	 55.00	 70.25	 22.46	 60.40
271	 16.00	187.00	247.00	 47.13	-27.99	-62.90
272	146.00	219.00	 36.00	 66.85	-32.42	 58.81
273	255.00	255.00	102.00	 92.10	-10.16	 58.82
274	200.00	 55.00	 91.00	 53.18	 42.25	 27.25
275	219.00	146.00	146.00	 71.97	 16.19	 21.17
276	 77.00	230.00	 77.00	 59.14	-58.18	 23.40
277	191.00	230.00	191.00	 80.12	-13.67	  5.95
278	242.00	242.00	254.00	 90.98	  0.51	 -6.06
279	 87.00	 87.00	 99.00	 37.61	  4.43	 -5.28
280	 55.00	237.00	128.00	 58.14	-62.15	 -0.82
281	128.00	 55.00	237.00	 46.75	 43.07	-43.21
282	200.00	200.00	200.00	 76.59	 -1.04	  0.68
283	109.00	  0.00	255.00	 36.86	 65.51	-42.07
284	179.00	179.00	 77.00	 67.74	 -8.41	 44.15
285	179.00	128.00	 77.00	 60.04	  8.50	 37.03
286	 26.00	 26.00	230.00	 28.59	 45.96	-69.74
287	255.00	  0.00	219.00	 49.85	 80.52	  3.86
288	 64.00	 63.00	123.00	 32.26	 12.74	-22.56
289	 91.00	128.00	200.00	 52.93	  1.43	-32.71
290	109.00	 73.00	 36.00	 38.03	 10.33	 24.80
291	  0.00	 36.00	255.00	 24.21	 45.64	-81.58
292	 51.00	  0.00	 51.00	 14.49	 29.32	 -4.27
293	153.00	 51.00	 51.00	 42.40	 31.05	 28.71
294	147.00	160.00	172.00	 62.79	 -2.04	 -4.27
295	 73.00	146.00	109.00	 47.25	-22.39	 -3.45
296	182.00	255.00	255.00	 85.17	-16.24	-16.06
297	182.00	  0.00	219.00	 41.54	 69.34	-15.20
298	182.00	255.00	 73.00	 78.51	-35.29	 55.56
299	 26.00	179.00	128.00	 42.76	-46.89	-20.71
300	 55.00	 91.00	 91.00	 32.56	 -4.98	-10.19
301	200.00	237.00	164.00	 81.32	-16.65	 19.65
302	204.00	 51.00	255.00	 55.25	 59.39	-30.38
303	255.00	 73.00	255.00	 65.24	 60.04	-19.89
304	 18.00	128.00	164.00	 34.45	-19.34	-43.46
305	 77.00	128.00	 77.00	 43.14	-15.71	  7.42
306	205.00	217.00	205.00	 79.68	 -5.14	  2.13
307	219.00	255.00	182.00	 87.77	-16.66	 20.59
308	182.00	109.00	182.00	 61.81	 23.79	 -5.57
309	 73.00	146.00	219.00	 52.91	 -4.73	-42.60
310	 86.00	 43.00	 48.00	 27.15	 17.56	  7.80
311	255.00	 73.00	 73.00	 65.59	 47.22	 49.89
312	128.00	 89.00	 89.00	 45.57	 11.59	 11.11
313	255.00	204.00	153.00	 85.29	  6.41	 32.90
314	 51.00	 51.00	  0.00	 20.03	  2.19	 21.39
315	200.00	128.00	164.00	 67.02	 18.67	  7.56
316	  0.00	  0.00	  0.00	  2.03	 -1.41	  0.81
317	 55.00	 91.00	 55.00	 29.86	 -9.10	  3.13
318	128.00	200.00	 18.00	 60.74	-30.07	 61.14
319	 77.00	230.00	 26.00	 56.77	-56.72	 47.94
320	146.00	 73.00	 36.00	 44.39	 19.07	 35.73
321	164.00	128.00	200.00	 62.67	 15.69	-14.92
322	255.00	102.00	102.00	 69.87	 38.17	 42.54
323	204.00	102.00	153.00	 62.53	 28.30	  9.31
324	 36.00	146.00	182.00	 42.64	-21.05	-43.06
325	237.00	 18.00	 91.00	 52.42	 66.23	 35.63
326	237.00	237.00	237.00	 89.29	 -0.13	 -0.71
327	  0.00	 36.00	182.00	 17.92	 25.52	-62.35
328	  0.00	  0.00	 26.00	  5.13	  8.82	 -8.33
329	 36.00	 73.00	255.00	 34.45	 28.20	-73.37
330	200.00	128.00	237.00	 68.74	 27.12	-19.76
331	133.00	133.00	145.00	 55.14	  2.02	 -2.76
332	255.00	 73.00	109.00	 65.73	 48.63	 36.40
333	128.00	237.00	 91.00	 69.50	-45.19	 32.45
334	179.00	128.00	179.00	 63.64	 16.23	 -3.49
335	 36.00	255.00	219.00	 62.85	-52.68	-33.19
336	 55.00	164.00	128.00	 48.08	-34.01	-13.36
337	109.00	219.00	 36.00	 60.95	-44.19	 49.64
338	  0.00	 73.00	  0.00	 18.42	-28.48	 12.52
339	102.00	102.00	204.00	 52.22	 14.00	-34.30
340	182.00	182.00	  0.00	 65.94	 -4.34	 80.18
341	179.00	179.00	179.00	 70.64	 -0.88	  2.02
342	128.00	179.00	230.00	 65.85	 -6.06	-27.98
343	135.00	152.00	 97.00	 56.44	 -9.61	 19.31
344	 51.00	  0.00	  0.00	 10.51	 21.14	 11.47
345	219.00	 73.00	219.00	 62.25	 49.10	-13.53
346	146.00	255.00	219.00	 78.53	-29.75	 -9.97
347	153.00	204.00	153.00	 70.47	-18.81	  9.33
348	 73.00	255.00	  0.00	 59.71	-58.73	 61.00
349	200.00	 55.00	128.00	 53.69	 44.20	 13.88
350	  0.00	102.00	153.00	 23.56	-10.84	-45.59
351	153.00	255.00	 51.00	 73.75	-44.27	 59.76
352	 26.00	 77.00	179.00	 30.11	  8.10	-53.84
353	153.00	  0.00	153.00	 36.40	 61.65	 -5.74
354	197.00	249.00	150.00	 82.38	-23.10	 26.54
355	219.00	219.00	219.00	 82.71	 -0.16	 -0.71
356	128.00	200.00	128.00	 64.96	-26.90	 12.70
357	 91.00	200.00	 91.00	 58.00	-40.48	 17.49
358	219.00	  0.00	219.00	 46.44	 75.42	 -7.01
359	 15.00	 15.00	 15.00	  6.72	  5.41	 -0.74
360	182.00	255.00	  0.00	 77.97	-26.05	 90.12
361	207.00	208.00	229.00	 79.53	  0.78	 -8.63
362	251.00	 76.00	232.00	 65.75	 55.41	-11.97
363	 91.00	 55.00	 91.00	 33.01	 18.29	 -4.42
364	128.00	 91.00	 91.00	 46.08	 10.94	 10.16
365	 77.00	179.00	179.00	 55.99	-25.38	-22.04
366	  0.00	102.00	102.00	 18.47	-21.03	-28.34
367	 36.00	 36.00	109.00	 20.67	 19.00	-28.98
368	 18.00	 18.00	 18.00	  7.24	  5.53	 -1.07
369	255.00	102.00	  0.00	 68.64	 40.19	 89.27
370	109.00	182.00	109.00	 58.55	-27.41	 12.76
371	128.00	 77.00	 77.00	 43.97	 15.14	 14.32
372	 64.00	103.00	 64.00	 34.51	-10.12	  4.83
373	  0.00	109.00	109.00	 20.45	-22.50	-29.22
374	 73.00	 36.00	182.00	 32.79	 37.40	-41.82
375	228.00	228.00	228.00	 85.58	 -0.16	 -0.49
376	153.00	153.00	102.00	 60.45	 -4.45	 23.24
377	 36.00	146.00	146.00	 41.11	-28.96	-28.69
378	  0.00	146.00	219.00	 34.30	-12.27	-62.96
379	 73.00	255.00	 73.00	 60.20	-69.04	 28.00
380	208.00	196.00	196.00	 77.20	  2.00	  3.48
381	104.00	118.00	239.00	 54.83	 13.40	-44.56
382	 73.00	219.00	 73.00	 56.92	-54.98	 21.86
383	255.00	255.00	109.00	 92.45	-10.59	 56.71
384	 91.00	164.00	 18.00	 48.38	-27.97	 45.48
385	 77.00	128.00	 26.00	 39.59	-19.08	 29.81
386	161.00	163.00	 96.00	 63.21	 -6.56	 29.21
387	  0.00	109.00	  0.00	 24.13	-41.11	 17.83
388	128.00	230.00	 26.00	 65.63	-41.08	 61.27
389	243.00	225.00	243.00	 88.20	  4.99	 -3.32
390	 96.00	 75.00	109.00	 39.75	 13.02	 -7.76
391	255.00	204.00	255.00	 85.76	 15.65	 -9.36
392	 36.00	182.00	109.00	 45.73	-49.32	-10.90
393	211.00	 94.00	231.00	 64.56	 39.40	-18.46
394	128.00	164.00	 91.00	 57.39	-16.46	 21.68
395	 70.00	 70.00	 70.00	 28.91	  3.81	 -1.45
396	 73.00	255.00	255.00	 71.04	-38.95	-36.74
397	 91.00	200.00	164.00	 60.40	-31.38	 -9.82
398	 91.00	128.00	164.00	 51.20	 -3.69	-20.02
399	 73.00	146.00	255.00	 52.69	  1.40	-53.92
400	  0.00	204.00	  0.00	 39.28	-73.54	 29.98
401	200.00	 18.00	 55.00	 46.25	 57.40	 36.18
402	 51.00	102.00	204.00	 42.30	  5.64	-50.70
403	179.00	179.00	 26.00	 65.61	 -8.47	 67.39
404	 51.00	 51.00	 63.00	 22.57	  6.37	 -6.64
405	114.00	161.00	170.00	 58.06	-11.18	-11.26
406	  0.00	 51.00	204.00	 21.34	 23.51	-68.19
407	230.00	128.00	 77.00	 69.34	 21.05	 48.54
408	 36.00	  0.00	219.00	 24.61	 52.78	-55.32
409	230.00	 77.00	128.00	 62.67	 41.09	 23.60
410	 36.00	146.00	 36.00	 34.69	-40.38	 15.81
411	 36.00	  0.00	 36.00	 10.78	 22.70	 -3.44
412	 77.00	 38.00	 38.00	 23.80	 16.76	  8.15
413	182.00	146.00	 73.00	 62.67	  2.80	 41.59
414	255.00	 51.00	 51.00	 61.80	 56.09	 57.14
415	 73.00	182.00	255.00	 59.71	-13.15	-48.07
416	219.00	 36.00	109.00	 52.82	 55.75	 24.83
417	  0.00	 73.00	146.00	 18.85	  0.82	-46.85
418	237.00	 18.00	200.00	 52.20	 72.24	 -2.47
419	151.00	163.00	151.00	 62.47	 -4.11	  4.22
420	105.00	117.00	105.00	 45.76	 -2.65	  1.44
421	 26.00	230.00	 77.00	 47.81	-74.82	  7.44
422	137.00	137.00	137.00	 55.26	 -0.18	  2.48
423	 38.00	 77.00	 38.00	 23.31	 -9.69	  4.52
424	 91.00	 18.00	237.00	 36.32	 54.79	-49.01
425	 55.00	237.00	 55.00	 54.74	-68.26	 28.72
426	164.00	 55.00	200.00	 50.11	 44.69	-21.46
427	204.00	  0.00	  0.00	 44.03	 63.72	 51.03
428	164.00	128.00	128.00	 58.45	  8.18	 11.02
429	230.00	230.00	 26.00	 82.02	 -9.75	 87.78
430	109.00	  0.00	 36.00	 25.32	 42.25	 14.10
431	109.00	255.00	219.00	 74.01	-38.77	-17.56
432	181.00	169.00	169.00	 68.59	  1.96	  5.19
433	  0.00	255.00	 36.00	 42.67	-90.54	 24.88
434	155.00	124.00	191.00	 60.56	 14.11	-14.32
435	204.00	102.00	  0.00	 59.99	 27.39	 76.10
436	 52.00	 13.00	 13.00	 13.70	 17.69	  8.80
437	164.00	 18.00	200.00	 43.94	 59.42	-18.33
438	 18.00	164.00	 91.00	 35.85	-48.02	-10.20
439	109.00	 73.00	  0.00	 36.27	 10.52	 41.91
440	 36.00	 36.00	  0.00	 15.05	  1.60	 15.17
441	164.00	237.00	200.00	 77.54	-21.96	 -2.73
442	 64.00	 99.00	 92.00	 36.51	 -6.17	 -6.67
443	  0.00	102.00	255.00	 30.27	 15.27	-78.83
444	230.00	 26.00	128.00	 53.38	 62.52	 21.24
445	 64.00	107.00	163.00	 42.58	 -0.77	-30.77
446	196.00	208.00	196.00	 77.01	 -5.39	  2.38
447	255.00	  0.00	 51.00	 50.42	 77.24	 49.94
448	204.00	  0.00	 51.00	 44.05	 65.97	 34.18
449	146.00	109.00	255.00	 57.84	 26.32	-41.04
450	 91.00	237.00	200.00	 68.43	-38.58	-17.63
451	102.00	154.00	 88.00	 52.78	-19.97	 14.01
452	236.00	253.00	 89.00	 88.42	-15.19	 63.33
453	255.00	255.00	255.00	 94.67	 -1.26	 -2.25
454	 91.00	128.00	 91.00	 46.16	-10.93	  4.64
455	 36.00	 36.00	255.00	 31.17	 48.46	-72.20
456	237.00	 18.00	 55.00	 53.38	 64.21	 47.37
457	127.00	171.00	 81.00	 57.51	-19.96	 26.18
458	 73.00	  0.00	 73.00	 20.83	 37.94	 -4.21
459	 73.00	 36.00	  0.00	 22.68	 13.74	 25.66
460	146.00	 36.00	109.00	 40.79	 40.88	  3.71
461	 18.00	237.00	237.00	 57.69	-46.78	-46.45
462	102.00	102.00	102.00	 42.31	  1.93	  0.62
463	 18.00	 18.00	128.00	 17.07	 27.45	-38.59
464	200.00	 91.00	 18.00	 57.38	 27.30	 64.29
465	 55.00	164.00	164.00	 49.12	-28.31	-26.13
466	128.00	 91.00	237.00	 53.20	 27.72	-41.31
467	155.00	155.00	155.00	 61.65	 -0.08	  2.83
468	185.00	114.00	 72.00	 59.20	 15.01	 38.58
469	 77.00	179.00	230.00	 59.22	-16.34	-39.30
470	179.00	124.00	116.00	 60.77	 11.73	 20.03
471	  0.00	182.00	 73.00	 30.38	-59.91	 -5.53
472	 90.00	 78.00	 78.00	 34.87	  6.19	  2.15
473	230.00	 77.00	 77.00	 61.32	 39.83	 42.30
474	 51.00	255.00	255.00	 68.00	-42.86	-41.12
475	255.00	255.00	219.00	 93.93	 -4.32	 11.96
476	255.00	146.00	109.00	 76.71	 23.80	 44.69
477	219.00	  0.00	109.00	 45.67	 70.97	 23.47
478	255.00	255.00	255.00	 94.54	 -1.17	 -1.90
479	237.00	 91.00	 18.00	 64.90	 35.90	 74.70
480	219.00	182.00	146.00	 76.34	  4.13	 24.77
481	128.00	128.00	230.00	 59.34	 12.13	-34.67
482	179.00	179.00	128.00	 68.72	 -5.96	 22.37
483	 77.00	179.00	 26.00	 48.92	-38.38	 39.74
484	215.00	227.00	215.00	 83.22	 -4.39	  1.56
485	146.00	255.00	146.00	 75.16	-40.44	 16.45
486	 36.00	109.00	109.00	 31.91	-15.42	-21.97
487	 23.00	 35.00	 23.00	 10.47	 -1.25	  0.77
488	198.00	  9.00	139.00	 44.71	 64.92	  8.76
489	109.00	182.00	  0.00	 53.25	-25.50	 58.93
490	153.00	255.00	153.00	 76.96	-37.83	 15.02
491	 56.00	 45.00	 41.00	 20.38	  7.56	  2.71
492	 18.00	128.00	128.00	 31.42	-26.23	-29.79
493	182.00	 36.00	  0.00	 44.87	 44.81	 58.04
494	 91.00	 91.00	 91.00	 37.94	  2.97	 -0.96
495	  0.00	 51.00	255.00	 24.24	 38.50	-83.11
496	179.00	230.00	230.00	 78.75	-13.46	-12.08
497	 73.00	 36.00	146.00	 31.68	 30.91	-29.67
498	 91.00	 18.00	 18.00	 23.52	 27.30	 18.67
499	109.00	 36.00	 73.00	 31.99	 29.55	  5.16
500	179.00	209.00	190.00	 75.76	-10.11	  0.71
501	128.00	200.00	200.00	 68.46	-18.33	-14.55
502	164.00	 55.00	 91.00	 46.85	 34.49	 16.91
503	195.00	190.00	189.00	 74.23	 -0.09	  2.58
504	255.00	182.00	146.00	 81.63	 13.52	 32.93
505	189.00	209.00	164.00	 76.89	-10.18	 14.07
506	128.00	 55.00	 91.00	 40.26	 26.29	  6.11
507	237.00	128.00	200.00	 72.70	 29.72	  1.91
508	164.00	164.00	 18.00	 61.51	 -7.04	 65.86
509	245.00	245.00	245.00	 91.91	 -0.55	 -1.43
510	  0.00	102.00	  0.00	 23.06	-38.83	 17.00
511	  0.00	255.00	182.00	 49.67	-62.13	-32.60
512	 11.00	 88.00	237.00	 31.55	 16.01	-75.44
513	204.00	102.00	102.00	 61.26	 24.94	 29.61
514	153.00	102.00	 51.00	 51.79	 10.44	 36.48
515	204.00	 51.00	204.00	 55.33	 55.40	-12.60
516	128.00	 91.00	128.00	 47.61	 14.77	 -2.87
517	  0.00	153.00	153.00	 30.20	-31.87	-38.99
518	255.00	 51.00	  0.00	 61.50	 57.44	 82.05
519	 55.00	237.00	 18.00	 53.59	-63.65	 45.80
520	200.00	200.00	164.00	 76.54	 -4.26	 15.46
521	 73.00	 73.00	182.00	 41.28	 18.56	-39.95
522	 18.00	 91.00	 18.00	 21.90	-24.35	 10.42
523	109.00	146.00	146.00	 54.67	 -9.77	 -6.03
524	 55.00	164.00	 55.00	 43.00	-40.11	 15.55
525	  0.00	219.00	182.00	 42.95	-51.91	-40.35
526	236.00	224.00	224.00	 87.03	  1.10	  2.16
527	233.00	233.00	245.00	 88.13	  1.29	 -5.46
528	 73.00	255.00	109.00	 61.89	-67.33	 14.48
529	204.00	 51.00	  0.00	 52.02	 44.13	 67.92
530	230.00	 77.00	179.00	 63.53	 44.57	  3.78
531	 91.00	 18.00	 55.00	 24.86	 31.97	  5.40
532	  0.00	255.00	255.00	 58.30	-44.38	-53.94
533	146.00	109.00	109.00	 52.50	  9.42	 11.32
534	 91.00	 55.00	237.00	 42.34	 38.37	-53.56
535	146.00	255.00	 73.00	 72.88	-46.37	 47.56
536	109.00	  0.00	182.00	 31.58	 55.88	-24.64
537	179.00	 26.00	230.00	 48.04	 62.96	-25.70
538	109.00	 36.00	 36.00	 31.14	 25.56	 19.41
539	 91.00	164.00	128.00	 54.36	-23.14	 -1.63
540	 77.00	 77.00	 26.00	 31.58	  0.51	 20.75
541	146.00	 36.00	182.00	 44.02	 48.51	-19.98
542	102.00	153.00	255.00	 58.81	  3.49	-46.08
543	200.00	 18.00	128.00	 46.70	 61.12	 11.99
544	 36.00	 73.00	182.00	 32.64	 12.18	-52.37
545	 73.00	255.00	219.00	 69.17	-46.62	-24.90
546	 89.00	128.00	 89.00	 45.77	-11.76	  5.68
547	 36.00	 36.00	 73.00	 18.10	 11.73	-15.61
548	  0.00	219.00	146.00	 39.76	-60.18	-27.17
549	153.00	 51.00	255.00	 48.56	 52.43	-41.78
550	 73.00	 36.00	 73.00	 25.05	 19.98	 -5.22
551	 73.00	109.00	  0.00	 34.34	-10.88	 37.99
552	237.00	164.00	164.00	 76.69	 15.64	 19.30
553	109.00	146.00	 36.00	 49.26	-16.59	 37.39
554	 18.00	 55.00	 55.00	 15.79	 -6.15	-10.94
555	 91.00	237.00	 18.00	 59.21	-53.00	 56.57
556	153.00	  0.00	102.00	 35.09	 57.74	  7.03
557	 36.00	109.00	255.00	 39.50	 10.74	-70.50
558	  7.00	253.00	130.00	 45.40	-75.74	-13.62
559	184.00	155.00	113.00	 65.95	  1.87	 27.04
560	 18.00	237.00	 55.00	 45.55	-80.62	 16.69
561	109.00	255.00	 73.00	 65.82	-59.15	 37.82
562	128.00	164.00	 18.00	 55.95	-16.77	 56.94
563	182.00	  0.00	255.00	 44.85	 72.84	-24.39
564	 73.00	255.00	182.00	 66.61	-53.77	-11.45
565	 73.00	 73.00	 73.00	 30.56	  3.54	 -1.40
566	 55.00	237.00	237.00	 65.49	-41.99	-36.19
567	 78.00	 78.00	 90.00	 34.30	  5.05	 -5.53
568	224.00	224.00	236.00	 85.11	  0.75	 -5.73
569	200.00	 55.00	237.00	 55.13	 55.16	-26.68
570	219.00	 73.00	 73.00	 58.68	 38.44	 41.23
571	217.00	218.00	 26.00	 78.49	-10.37	 82.30
572	230.00	179.00	179.00	 78.19	 10.02	 13.91
573	109.00	182.00	146.00	 59.59	-22.59	 -1.71
574	 72.00	  0.00	138.00	 24.35	 45.15	-23.15
575	182.00	146.00	255.00	 68.23	 19.60	-29.69
576	255.00	  0.00	109.00	 49.95	 77.89	 33.45
577	128.00	 26.00	 26.00	 32.19	 34.74	 28.68
578	 91.00	237.00	 55.00	 60.78	-57.38	 39.02
579	204.00	204.00	204.00	 77.80	 -1.23	  0.19
580	146.00	 36.00	219.00	 46.04	 51.51	-31.49
581	 36.00	 73.00	 36.00	 22.28	 -9.30	  4.74
582	164.00	 18.00	128.00	 41.33	 53.74	  2.24
583	146.00	146.00	255.00	 63.57	 12.96	-36.99
584	 55.00	128.00	237.00	 47.78	  1.84	-56.12
585	 18.00	 18.00	 55.00	 10.98	 12.93	-14.35
586	146.00	109.00	182.00	 56.48	 17.13	-15.31
587	219.00	182.00	 36.00	 74.09	  0.41	 73.17
588	200.00	 18.00	 18.00	 45.83	 55.34	 50.33
589	 58.00	105.00	115.00	 37.25	 -8.19	-17.30
590	205.00	205.00	205.00	 77.91	 -0.93	  0.46
591	237.00	237.00	200.00	 87.37	 -5.19	 14.01
592	 91.00	 91.00	 18.00	 35.92	 -0.67	 31.60
593	237.00	128.00	 18.00	 69.58	 23.39	 79.99
594	  0.00	  0.00	153.00	 14.53	 38.48	-49.97
595	  0.00	255.00	255.00	 58.50	-44.55	-53.28
596	237.00	200.00	164.00	 81.54	  4.54	 24.33
597	179.00	 77.00	179.00	 55.44	 35.73	 -7.91
598	145.00	133.00	133.00	 56.38	  2.87	  5.35
599	150.00	150.00	150.00	 60.45	  0.09	  2.77
600	109.00	219.00	146.00	 66.40	-36.81	  4.25
601	 18.00	 91.00	200.00	 31.36	  5.66	-60.87
602	164.00	200.00	 55.00	 67.89	-20.36	 52.78
603	182.00	255.00	182.00	 82.31	-25.63	 10.57
604	 51.00	102.00	255.00	 41.88	 15.45	-66.29
605	146.00	  0.00	146.00	 35.31	 59.79	 -5.73
606	227.00	215.00	215.00	 83.18	  1.52	  2.78
607	 51.00	204.00	255.00	 59.11	-29.25	-50.74
608	 36.00	219.00	219.00	 56.57	-43.65	-42.47
609	182.00	 36.00	182.00	 48.31	 54.59	-10.44
610	255.00	109.00	 73.00	 71.05	 34.92	 55.35
611	102.00	204.00	153.00	 62.71	-31.43	 -2.21
612	102.00	255.00	204.00	 72.47	-42.70	-13.99
613	  5.00	234.00	 59.00	 40.29	-82.36	  9.85
614	 77.00	179.00	 77.00	 52.07	-37.76	 15.76
615	153.00	102.00	204.00	 57.21	 23.49	-21.91
616	109.00	146.00	219.00	 58.78	  0.48	-32.93
617	204.00	102.00	255.00	 64.49	 40.00	-28.53
618	204.00	  0.00	204.00	 44.32	 72.58	 -6.92
619	205.00	166.00	166.00	 73.48	  7.09	 11.84
620	237.00	164.00	 55.00	 75.03	 11.39	 63.80
621	255.00	255.00	182.00	 93.26	 -7.06	 26.24
622	204.00	255.00	153.00	 84.13	-23.16	 27.45
623	128.00	200.00	164.00	 66.16	-23.08	 -1.55
624	 36.00	109.00	219.00	 39.82	  2.94	-60.82
625	 73.00	123.00	116.00	 43.97	-11.76	-10.32
626	109.00	255.00	  0.00	 65.44	-47.97	 70.55
627	 11.00	 32.00	 98.00	 14.27	 13.13	-31.24
628	  0.00	  0.00	219.00	 19.85	 52.33	-68.29
629	  0.00	 36.00	146.00	 14.84	 17.89	-50.61
630	153.00	204.00	 51.00	 66.44	-25.35	 51.52
631	182.00	 36.00	146.00	 47.49	 50.57	  1.78
632	207.00	239.00	210.00	 83.67	-10.41	  2.71
633	146.00	146.00	146.00	 59.11	 -0.24	  2.35
634	 55.00	 91.00	164.00	 38.68	  4.30	-36.90
635	 64.00	130.00	 98.00	 41.96	-18.84	 -5.33
636	 36.00	219.00	146.00	 52.60	-56.50	-18.04
637	128.00	 55.00	200.00	 45.92	 39.11	-31.18
638	131.00	127.00	115.00	 51.91	  0.43	  7.67
639	 16.00	 79.00	 76.00	 19.94	-13.80	-16.87
640	230.00	191.00	191.00	 79.81	  7.58	  9.88
641	128.00	 26.00	230.00	 41.88	 55.06	-38.71
642	 55.00	 18.00	128.00	 23.81	 33.97	-28.07
643	255.00	  0.00	204.00	 49.51	 80.17	  6.61
644	 95.00	101.00	 48.00	 41.57	 -3.69	 21.06
645	133.00	106.00	134.00	 50.68	 10.35	 -1.98
646	  4.00	 70.00	128.00	 18.44	 -0.81	-40.32
647	109.00	109.00	109.00	 45.09	  1.78	  0.87
648	 25.00	 21.00	 42.00	 11.45	 11.41	 -8.02
649	200.00	 55.00	 18.00	 51.74	 40.64	 58.96
650	 38.00	123.00	114.00	 35.79	-20.98	-21.53
651	182.00	 73.00	 73.00	 51.41	 30.27	 31.43
652	 36.00	146.00	 73.00	 36.36	-37.49	 -2.24
653	219.00	109.00	  0.00	 63.51	 28.16	 80.42
654	 91.00	 91.00	 55.00	 38.13	 -0.44	 14.53
655	128.00	179.00	 26.00	 58.24	-23.08	 54.70
656	230.00	 77.00	230.00	 64.61	 49.29	-14.25
657	 51.00	255.00	153.00	 60.10	-65.28	 -7.94
658	128.00	128.00	237.00	 59.09	 13.34	-37.02
659	 77.00	128.00	128.00	 46.52	-11.79	-12.24
660	129.00	135.00	192.00	 57.86	  4.81	-19.91
661	219.00	219.00	  0.00	 78.13	 -4.88	 96.02
662	164.00	128.00	 91.00	 57.92	  4.97	 26.19
663	 91.00	164.00	 55.00	 51.45	-29.36	 26.77
664	178.00	 47.00	 47.00	 46.68	 39.17	 37.58
665	204.00	255.00	 51.00	 81.88	-27.85	 71.08
666	182.00	 73.00	219.00	 56.65	 42.26	-22.44
667	219.00	182.00	219.00	 77.94	 10.83	 -4.78
668	 36.00	182.00	219.00	 50.87	-30.38	-48.86
669	146.00	255.00	 36.00	 72.31	-45.48	 65.99
670	182.00	182.00	255.00	 72.58	  6.77	-27.13
671	219.00	219.00	 73.00	 79.87	-10.21	 59.70
672	 25.00	 25.00	 25.00	  9.99	  6.03	 -1.07
673	 20.00	 20.00	 20.00	  8.40	  5.63	 -0.77
674	255.00	 73.00	 36.00	 65.41	 47.05	 68.37
675	219.00	255.00	146.00	 86.81	-19.44	 35.06
676	255.00	182.00	219.00	 81.94	 19.02	  2.11
677	124.00	 92.00	112.00	 45.98	 11.68	  1.90
678	128.00	 91.00	 55.00	 45.88	  9.02	 25.24
679	  0.00	255.00	102.00	 39.99	-80.76	 -4.71
680	 55.00	 55.00	237.00	 36.95	 35.72	-64.91
681	  0.00	255.00	219.00	 54.65	-53.34	-42.89
682	169.00	171.00	182.00	 68.81	 -0.00	 -2.23
683	255.00	255.00	146.00	 93.02	 -9.00	 41.37
684	104.00	137.00	155.00	 53.31	 -5.86	-12.42
685	200.00	164.00	237.00	 73.12	 14.25	-17.71
686	164.00	 55.00	 55.00	 45.23	 32.48	 30.77
687	219.00	146.00	255.00	 73.85	 27.80	-21.71
688	 73.00	 73.00	109.00	 34.34	  8.57	-14.07
689	164.00	128.00	 55.00	 57.75	  3.91	 41.33
690	 64.00	 64.00	103.00	 30.75	 10.07	-15.27
691	109.00	182.00	182.00	 61.64	-19.06	-13.28
692	146.00	146.00	219.00	 64.21	  7.65	-24.81
693	255.00	102.00	 51.00	 69.98	 36.70	 65.23
694	255.00	 51.00	153.00	 61.29	 60.14	 17.97
695	 10.00	 10.00	 10.00	  5.47	  3.47	 -0.17
696	 73.00	 73.00	 36.00	 29.62	  0.22	 14.19
697	  0.00	182.00	  0.00	 35.64	-66.69	 26.96
698	128.00	237.00	128.00	 70.60	-41.04	 18.45
699	 18.00	 91.00	 55.00	 21.90	-21.57	 -5.64
700	 87.00	 99.00	 87.00	 38.25	 -1.64	  0.42
701	 73.00	  0.00	146.00	 24.61	 46.20	-25.37
702	155.00	155.00	155.00	 62.13	 -0.50	  1.93
703	230.00	 77.00	 26.00	 61.16	 38.97	 66.06
704	200.00	164.00	 91.00	 70.29	  2.48	 41.26
705	 61.00	 78.00	 12.00	 28.45	 -4.39	 24.00
706	128.00	 26.00	 77.00	 34.98	 39.17	  8.62
707	166.00	205.00	166.00	 72.09	-14.20	  7.85
708	 26.00	128.00	 26.00	 29.76	-35.61	 14.56
709	 91.00	164.00	164.00	 55.61	-18.52	-14.13
710	128.00	 18.00	164.00	 37.04	 50.85	-17.93
711	 51.00	255.00	102.00	 56.47	-74.40	 11.24
712	247.00	120.00	135.00	 71.66	 30.12	 27.84
713	249.00	 23.00	117.00	 55.42	 67.98	 29.19
714	255.00	219.00	219.00	 87.67	  7.10	  6.84
715	255.00	255.00	255.00	 94.89	 -1.43	 -2.18
716	 77.00	 26.00	230.00	 35.51	 49.27	-53.87
717	117.00	105.00	105.00	 45.66	  4.36	  3.94
718	255.00	102.00	153.00	 69.99	 41.71	 21.64
719	102.00	 51.00	102.00	 35.02	 24.16	 -5.98
720	 73.00	219.00	146.00	 60.13	-46.39	 -5.07
721	235.00	235.00	235.00	 88.43	 -0.26	 -0.49
722	219.00	109.00	146.00	 66.09	 29.02	 16.44
723	146.00	  0.00	219.00	 37.98	 64.34	-25.30
724	 73.00	219.00	 36.00	 55.28	-54.96	 39.89
725	179.00	 26.00	 26.00	 43.24	 48.45	 43.51
726	237.00	128.00	237.00	 72.50	 34.24	-13.64
727	 91.00	 18.00	128.00	 29.68	 40.07	-17.75
728	102.00	 51.00	153.00	 39.01	 30.64	-22.94
729	 55.00	 91.00	 18.00	 28.98	-10.49	 21.73
730	237.00	128.00	 91.00	 71.04	 22.80	 45.04
731	 18.00	 18.00	 91.00	 14.84	 19.75	-26.52
732	 73.00	219.00	255.00	 65.38	-27.84	-42.46
733	  0.00	 51.00	102.00	 13.14	  1.18	-34.55
734	 51.00	 51.00	255.00	 35.52	 41.28	-68.93
735	187.00	196.00	208.00	 75.33	 -2.29	 -5.66
736	 91.00	 18.00	164.00	 32.00	 44.90	-27.92
737	237.00	 91.00	164.00	 67.02	 39.53	 12.02
738	 69.00	225.00	155.00	 60.46	-48.38	 -8.53
739	 18.00	164.00	200.00	 42.61	-28.40	-50.33
740	237.00	200.00	200.00	 82.41	  6.70	  8.81
741	128.00	237.00	 18.00	 66.07	-42.41	 66.56
742	 18.00	237.00	 18.00	 47.89	-77.20	 34.89
743	146.00	146.00	  0.00	 53.95	 -2.31	 63.70
744	  5.00	161.00	187.00	 37.02	-28.50	-49.21
745	200.00	188.00	232.00	 76.51	  5.82	-13.01
746	109.00	182.00	 73.00	 57.85	-30.42	 26.60
747	 73.00	  0.00	  0.00	 14.44	 27.02	 16.56
748	179.00	230.00	 26.00	 73.75	-25.58	 74.95
749	 26.00	179.00	 77.00	 40.28	-54.60	 -0.83
750	 27.00	 27.00	 27.00	 10.38	  5.92	 -1.26
751	109.00	  0.00	219.00	 34.16	 60.30	-36.28
752	237.00	237.00	 91.00	 85.33	-10.02	 61.56
753	167.00	237.00	212.00	 78.48	-19.79	 -6.40
754	  0.00	146.00	 73.00	 24.55	-46.29	 -9.98
755	109.00	219.00	 73.00	 62.86	-43.87	 32.40
756	179.00	 26.00	179.00	 45.54	 57.84	 -9.69
757	255.00	 36.00	 73.00	 58.63	 62.53	 47.53
758	106.00	102.00	 97.00	 42.89	  2.34	  3.43
759	 62.00	 10.00	 30.00	 16.05	 24.64	  4.78
760	182.00	219.00	 36.00	 73.08	-21.85	 69.33
761	102.00	255.00	102.00	 66.68	-59.77	 23.74
762	182.00	 36.00	219.00	 49.84	 59.06	-22.21
763	182.00	255.00	219.00	 83.41	-21.61	 -2.73
764	 51.00	204.00	  0.00	 46.64	-50.64	 45.70
765	255.00	255.00	255.00	 94.57	 -1.44	 -2.37
766	 18.00	 91.00	237.00	 33.50	 14.45	-72.87
767	 31.00	249.00	246.00	 63.42	-46.13	-42.92
768	 73.00	255.00	146.00	 63.57	-61.50	  0.52
769	128.00	128.00	 77.00	 51.70	 -3.42	 22.69
770	 36.00	255.00	182.00	 59.64	-60.84	-22.22
771	  0.00	  0.00	  0.00	  1.85	 -1.52	  0.66
772	146.00	111.00	170.00	 55.98	 14.73	-10.61
773	  0.00	  0.00	182.00	 16.31	 44.29	-58.20
774	  0.00	255.00	  0.00	 50.34	-82.63	 37.73
775	109.00	 36.00	  0.00	 29.82	 25.03	 35.47
776	 36.00	  0.00	109.00	 16.91	 35.49	-25.30
777	128.00	128.00	179.00	 56.44	  6.02	-16.60
778	219.00	182.00	 73.00	 75.10	  0.65	 55.46
779	204.00	 51.00	153.00	 54.04	 49.39	  5.09
780	230.00	179.00	230.00	 78.89	 15.25	 -6.24
781	 46.00	 46.00	 46.00	 18.99	  5.39	 -1.61
782	219.00	109.00	109.00	 65.22	 25.65	 31.21
783	182.00	197.00	  2.00	 68.87	 -8.55	 80.81
784	146.00	  0.00	255.00	 41.09	 69.20	-33.46
785	136.00	124.00	124.00	 52.83	  3.31	  5.43
786	 96.00	 96.00	108.00	 41.90	  4.26	 -4.43
787	164.00	 91.00	 55.00	 51.46	 17.62	 36.45
788	 55.00	128.00	 18.00	 34.52	-25.60	 27.47
789	219.00	182.00	255.00	 78.05	 14.07	-19.61
790	237.00	164.00	 91.00	 75.22	 12.67	 48.38
791	  0.00	  0.00	  8.00	  2.84	  1.86	 -1.64
792	204.00	  0.00	153.00	 43.83	 69.88	  6.73
793	187.00	187.00	199.00	 73.24	  0.63	 -3.28
794	102.00	204.00	  0.00	 56.40	-36.09	 60.52
795	237.00	 55.00	237.00	 60.90	 60.19	-16.41
796	219.00	255.00	255.00	 89.88	 -8.13	 -9.24
797	179.00	230.00	179.00	 78.36	-18.03	  8.36
798	131.00	233.00	111.00	 70.06	-40.51	 25.37
799	 36.00	146.00	255.00	 46.31	 -5.13	-63.95
800	121.00	  5.00	121.00	 31.75	 50.45	 -6.24
801	240.00	217.00	167.00	 84.65	 -0.75	 25.90
802	  0.00	182.00	255.00	 42.51	-20.13	-69.01
803	 91.00	128.00	128.00	 48.79	 -8.36	 -8.50
804	219.00	182.00	  0.00	 73.62	  4.34	 90.97
805	182.00	109.00	255.00	 62.46	 33.37	-32.73
806	255.00	 36.00	 36.00	 59.14	 61.91	 62.93
807	 83.00	 81.00	 16.00	 33.12	 -0.17	 28.49
808	200.00	237.00	237.00	 82.93	 -9.45	 -9.34
809	128.00	200.00	 91.00	 63.25	-30.73	 26.28
810	 36.00	255.00	109.00	 53.20	-77.03	  3.39
811	230.00	230.00	179.00	 84.83	 -5.77	 20.24
812	204.00	153.00	  0.00	 66.45	  9.47	 81.42
813	 89.00	 89.00	128.00	 40.90	  7.78	-13.99
814	 77.00	 77.00	230.00	 44.04	 25.35	-53.19
815	  5.00	  5.00	 17.00	  4.80	  5.36	 -4.01
816	182.00	182.00	 73.00	 68.31	 -8.98	 46.15
817	143.00	190.00	160.00	 67.03	-15.68	  2.95
818	109.00	109.00	255.00	 53.70	 21.01	-49.40
819	 36.00	219.00	  0.00	 47.41	-60.69	 43.64
820	 18.00	 18.00	200.00	 22.80	 41.61	-61.00
821	  0.00	153.00	255.00	 38.27	 -7.66	-72.83
822	 80.00	  1.00	191.00	 28.24	 52.21	-35.81
823	 51.00	 51.00	102.00	 26.20	 13.26	-20.11
824	237.00	 55.00	 91.00	 60.03	 49.26	 37.64
825	 77.00	128.00	179.00	 49.94	 -4.22	-29.37
826	237.00	164.00	 18.00	 74.61	 11.86	 83.40
827	  0.00	 51.00	 51.00	  9.03	-11.65	-16.02
828	200.00	200.00	 91.00	 74.76	 -9.58	 45.57
829	200.00	 91.00	 55.00	 57.46	 26.73	 45.65
830	105.00	105.00	105.00	 43.29	  2.16	  0.48
831	 20.00	 43.00	 88.00	 16.57	  6.94	-25.10
832	  0.00	182.00	219.00	 40.48	-28.91	-58.56
833	255.00	153.00	204.00	 78.76	 26.45	  5.58
834	255.00	182.00	182.00	 82.02	 15.94	 17.54
835	237.00	 91.00	237.00	 67.98	 45.79	-15.37
836	115.00	115.00	154.00	 52.01	  4.92	-12.39
837	 26.00	 26.00	128.00	 19.72	 25.30	-37.85
838	182.00	 36.00	255.00	 49.58	 62.44	-34.41
839	 36.00	219.00	 73.00	 49.86	-67.67	 11.36
840	  0.00	 51.00	  0.00	 13.76	-19.62	  9.17
841	 77.00	 26.00	179.00	 32.19	 41.57	-37.85
842	109.00	 73.00	182.00	 46.30	 25.44	-28.93
843	204.00	204.00	102.00	 76.06	 -9.08	 42.59
844	 18.00	164.00	164.00	 39.69	-34.34	-38.29
845	 51.00	153.00	204.00	 48.62	-16.53	-44.25
846	146.00	182.00	255.00	 68.35	 -0.15	-33.42
847	255.00	219.00	  0.00	 84.55	  5.13	105.60
848	 11.00	 25.00	  8.00	  7.76	 -2.62	  2.83
849	 36.00	109.00	182.00	 37.68	 -3.96	-48.18
850	 90.00	 90.00	 90.00	 37.51	  2.88	 -0.76
851	200.00	237.00	200.00	 82.05	-12.79	  5.31
852	255.00	146.00	182.00	 77.16	 26.20	 14.53
853	102.00	102.00	255.00	 50.64	 22.91	-51.86
854	  5.00	 17.00	  5.00	  5.67	 -3.03	  1.81
855	  0.00	102.00	204.00	 26.99	  1.41	-61.92
856	200.00	 55.00	164.00	 54.37	 47.63	  0.13
857	200.00	200.00	128.00	 75.89	 -7.54	 30.65
858	 18.00	 55.00	200.00	 27.02	 23.64	-64.93
859	164.00	200.00	237.00	 73.20	 -5.47	-21.01
860	153.00	153.00	  0.00	 56.12	 -2.82	 67.09
861	164.00	 91.00	128.00	 53.20	 21.35	  7.59
862	153.00	 51.00	102.00	 44.67	 35.11	  9.62
863	 91.00	 55.00	200.00	 41.32	 33.83	-41.64
864	164.00	200.00	128.00	 70.72	-16.54	 22.42
865	238.00	 41.00	185.00	 57.37	 61.71	  2.12
866	128.00	164.00	200.00	 62.55	 -5.60	-19.40
867	153.00	153.00	255.00	 65.48	 11.80	-35.08
868	182.00	146.00	109.00	 64.15	  4.08	 26.46
869	200.00	 55.00	 55.00	 52.18	 40.98	 41.51
870	 91.00	164.00	200.00	 58.11	-12.71	-27.43
871	255.00	204.00	  0.00	 82.97	  8.95	102.85
872	 18.00	 55.00	 18.00	 14.76	-10.95	  6.54
873	  0.00	 26.00	  0.00	  8.61	 -9.42	  4.48
874	 26.00	 77.00	128.00	 25.86	 -0.67	-34.97
875	164.00	200.00	 18.00	 66.88	-18.04	 70.57
876	 73.00	182.00	146.00	 54.50	-32.70	-10.93
877	  0.00	219.00	  0.00	 41.82	-77.30	 31.97
878	109.00	 73.00	219.00	 48.48	 28.72	-41.49
879	128.00	 77.00	179.00	 49.16	 26.41	-22.01
880	164.00	 18.00	 91.00	 40.72	 51.66	 13.85
881	 51.00	153.00	153.00	 45.24	-25.91	-25.65
882	237.00	200.00	 91.00	 80.43	  0.91	 54.29
883	195.00	157.00	175.00	 70.25	  8.86	  4.88
884	 55.00	 55.00	164.00	 32.83	 21.19	-41.37
885	 36.00	  0.00	  0.00	  7.81	 16.21	  7.26
886	 61.00	171.00	 46.00	 45.22	-40.89	 22.79
887	 73.00	146.00	146.00	 49.42	-18.34	-15.82
888	165.00	165.00	165.00	 65.84	 -0.55	  2.75
889	103.00	 46.00	 97.00	 33.99	 25.75	 -3.91
890	 65.00	 65.00	 65.00	 27.00	  3.61	 -1.51
891	109.00	146.00	182.00	 56.59	 -4.41	-19.55
892	 43.00	 49.00	 66.00	 20.86	  6.15	 -9.59
893	 42.00	 42.00	 54.00	 17.83	  6.65	 -6.03
894	 26.00	179.00	 26.00	 39.27	-56.07	 22.43
895	135.00	135.00	135.00	 54.89	  0.52	  2.54
896	128.00	237.00	 55.00	 67.03	-45.43	 47.12
897	 51.00	153.00	 51.00	 40.14	-37.22	 14.30
898	230.00	 26.00	230.00	 54.12	 70.41	-13.89
899	215.00	163.00	188.00	 74.16	 13.26	  5.37
900	128.00	 55.00	 55.00	 39.54	 23.28	 20.19
901	 77.00	 26.00	 77.00	 25.27	 26.56	 -5.48
902	109.00	219.00	182.00	 67.83	-31.24	 -9.38
903	109.00	 73.00	109.00	 41.19	 16.01	 -3.94
904	182.00	109.00	  0.00	 55.71	 18.77	 69.79
905	164.00	237.00	 55.00	 73.11	-34.34	 57.21
906	164.00	 91.00	 18.00	 51.44	 19.05	 55.83
907	182.00	219.00	109.00	 75.26	-20.47	 35.83
908	 73.00	 36.00	 36.00	 22.84	 15.61	  7.76
909	102.00	 51.00	  0.00	 30.45	 17.93	 35.92
910	146.00	219.00	182.00	 72.41	-22.36	 -1.56
911	  0.00	146.00	182.00	 32.25	-23.04	-49.50
912	182.00	146.00	 36.00	 61.86	  2.87	 57.93
913	103.00	 64.00	 64.00	 35.31	 13.79	  9.52
914	153.00	  0.00	255.00	 41.49	 69.26	-31.67
915	  0.00	  0.00	109.00	 11.59	 28.82	-35.78
916	255.00	146.00	 73.00	 76.38	 22.17	 59.18
917	224.00	 95.00	 80.00	 63.96	 31.31	 41.95
918	230.00	128.00	179.00	 71.81	 26.37	  8.43
919	255.00	182.00	 73.00	 81.26	 10.74	 63.70
920	 36.00	146.00	  0.00	 33.61	-37.79	 32.59
921	 51.00	153.00	102.00	 42.92	-33.43	 -7.02
922	128.00	 55.00	164.00	 43.81	 34.31	-18.91
923	 36.00	 73.00	109.00	 26.25	  0.16	-25.28
924	164.00	200.00	164.00	 71.48	-13.07	  7.40
925	255.00	  0.00	  0.00	 51.31	 77.37	 69.15
926	153.00	204.00	  0.00	 65.67	-19.27	 75.72
927	102.00	153.00	204.00	 57.49	 -5.38	-27.60
928	204.00	153.00	204.00	 72.12	 15.13	 -4.95
929	 51.00	153.00	  0.00	 37.55	-35.19	 37.53
930	230.00	128.00	230.00	 72.02	 31.08	-12.27
931	224.00	236.00	224.00	 86.30	 -4.13	  1.68
932	255.00	  0.00	 73.00	 50.82	 77.20	 43.31
933	255.00	 36.00	146.00	 58.43	 66.01	 20.51
934	202.00	 98.00	  1.00	 59.01	 28.33	 74.54
935	255.00	  0.00	146.00	 50.11	 79.11	 22.91
936	255.00	153.00	  0.00	 76.18	 22.44	 96.35
937	146.00	109.00	146.00	 54.45	 12.84	 -1.77
938	200.00	128.00	 55.00	 63.76	 13.77	 50.82
939	 73.00	109.00	109.00	 40.93	 -6.33	 -9.52
940	  0.00	219.00	 73.00	 35.79	-74.62	 -0.70
941	179.00	 77.00	 77.00	 52.26	 27.88	 29.08
942	124.00	136.00	124.00	 53.05	 -2.87	  3.99
943	146.00	182.00	219.00	 68.84	 -4.43	-21.51
944	120.00	120.00	120.00	 48.97	  0.73	  1.65
945	146.00	 73.00	146.00	 48.83	 27.42	 -5.33
946	195.00	195.00	195.00	 75.35	 -1.15	  0.55
947	109.00	255.00	146.00	 69.82	-51.47	  9.25
948	 42.00	139.00	199.00	 44.74	-13.27	-47.94
949	255.00	146.00	146.00	 76.88	 24.70	 29.08
950	187.00	199.00	187.00	 74.50	 -4.94	  3.08
951	 55.00	 55.00	 18.00	 21.99	  2.03	 15.73
952	237.00	 55.00	164.00	 61.15	 52.89	 10.02
953	182.00	182.00	109.00	 69.09	 -7.52	 31.97
954	153.00	184.00	130.00	 65.82	-13.59	 15.97
955	  0.00	219.00	255.00	 49.93	-35.64	-63.09
956	109.00	146.00	  0.00	 46.57	-12.36	 52.78
957	219.00	182.00	182.00	 76.85	  7.33	 10.02
958	146.00	 36.00	255.00	 44.94	 57.57	-42.63
959	173.00	137.00	165.00	 63.57	 10.21	  1.38
960	102.00	255.00	 51.00	 64.22	-61.55	 47.44
961	250.00	123.00	 60.00	 71.85	 28.42	 61.16
962	143.00	108.00	174.00	 55.92	 15.81	-12.94
963	237.00	 55.00	128.00	 60.34	 50.63	 24.39
964	128.00	 18.00	128.00	 34.99	 46.13	 -7.48
965	233.00	245.00	233.00	 90.05	 -4.19	  0.74
966	 18.00	128.00	200.00	 36.89	-11.93	-56.00
967	 80.00	 80.00	 80.00	 33.53	  2.96	 -1.32
968	237.00	164.00	128.00	 76.68	 12.70	 34.19
969	 77.00	128.00	230.00	 51.94	  3.82	-46.01
970	 27.00	205.00	100.00	 45.47	-61.25	 -5.58
971	179.00	128.00	128.00	 61.53	 11.03	 15.58
972	 73.00	 73.00	219.00	 43.01	 24.64	-51.73
973	 18.00	200.00	200.00	 47.61	-42.35	-44.63
974	  0.00	204.00	153.00	 37.43	-52.34	-31.60
975	199.00	187.00	187.00	 74.54	  2.14	  4.09
976	163.00	151.00	151.00	 62.73	  2.01	  5.45
977	128.00	237.00	200.00	 73.38	-31.02	 -9.72
978	178.00	190.00	178.00	 72.02	 -4.78	  3.44
979	109.00	182.00	 36.00	 56.73	-31.07	 44.40
980	 36.00	182.00	 36.00	 42.11	-54.20	 21.51
981	146.00	255.00	182.00	 77.60	-35.33	  4.12
982	169.00	181.00	169.00	 69.07	 -4.53	  4.16
983	 44.00	 32.00	 32.00	 14.84	  9.19	  1.28
984	131.00	198.00	195.00	 68.13	-17.61	-12.34
985	 73.00	146.00	 36.00	 42.41	-26.47	 26.45
986	102.00	  0.00	255.00	 36.23	 65.26	-44.30
987	 91.00	164.00	237.00	 58.99	 -7.25	-39.94
988	  0.00	109.00	219.00	 28.94	  2.59	-65.95
989	 19.00	174.00	 40.00	 35.92	-56.31	 12.90
990	 50.00	 49.00	111.00	 26.81	 15.43	-24.07
991	 77.00	 77.00	128.00	 37.09	  9.90	-18.93
992	219.00	146.00	182.00	 72.78	 18.11	  7.13
993	 18.00	128.00	 91.00	 29.13	-32.53	-15.92
994	 77.00	 77.00	 77.00	 32.15	  3.77	 -1.21
995	182.00	  0.00	182.00	 40.36	 67.58	 -6.99
996	153.00	255.00	  0.00	 73.27	-34.87	 82.15
997	255.00	 36.00	109.00	 58.88	 64.15	 33.65
998	146.00	109.00	 73.00	 51.53	  6.80	 26.21
999	115.00	154.00	115.00	 54.95	-13.94	  6.74
1000	 18.00	237.00	200.00	 54.86	-53.07	-37.17
1001	  0.00	  0.00	146.00	 13.70	 36.71	-47.58
1002	153.00	 51.00	204.00	 48.77	 44.55	-25.01
1003	146.00	  0.00	 73.00	 34.01	 54.13	 12.93
1004	109.00	109.00	 73.00	 45.01	 -1.47	 15.06
1005	 73.00	182.00	 73.00	 52.21	-40.94	 16.80
1006	200.00	128.00	200.00	 67.89	 23.16	 -6.36
1007	200.00	 18.00	237.00	 49.31	 69.06	-21.75
1008	204.00	 51.00	102.00	 52.73	 44.96	 24.16
1009	230.00	179.00	128.00	 77.12	  7.68	 34.45
1010	255.00	109.00	219.00	 72.32	 42.03	 -4.79
1011	  0.00	255.00	204.00	 52.75	-57.06	-38.61
1012	153.00	153.00	204.00	 64.15	  5.44	-17.25
1013	219.00	 73.00	  0.00	 58.08	 40.14	 75.91
1014	 73.00	109.00	 36.00	 35.85	-11.66	 20.85
1015	237.00	 91.00	 91.00	 65.40	 36.31	 40.51
1016	 51.00	 14.00	 51.00	 16.69	 22.74	 -5.05
1017	182.00	 36.00	109.00	 46.97	 48.98	 14.46
1018	 81.00	 69.00	 69.00	 31.04	  6.92	  2.18
1019	109.00	 73.00	146.00	 44.15	 20.72	-16.36
1020	 55.00	164.00	 91.00	 44.92	-38.10	  0.31
1021	102.00	255.00	255.00	 74.90	-32.40	-31.16
1022	204.00	153.00	153.00	 70.71	  9.87	 15.20
1023	 96.00	 91.00	126.00	 42.70	  8.44	-11.31
1024	 36.00	146.00	109.00	 39.07	-34.94	-15.67
1025	 77.00	230.00	230.00	 67.22	-34.74	-30.13
1026	204.00	102.00	204.00	 65.42	 31.63	 -9.24
1027	109.00	  0.00	 73.00	 26.73	 45.36	  3.92
1028	151.00	151.00	163.00	 61.87	  0.88	 -1.66
1029	 14.00	 26.00	 14.00	  7.86	 -1.33	  1.35
1030	179.00	140.00	140.00	 62.96	  8.09	 12.67
1031	209.00	209.00	209.00	 79.28	 -0.90	 -0.19
1032	124.00	124.00	136.00	 51.77	  1.86	 -2.63
1033	200.00	 18.00	200.00	 48.12	 66.62	-10.50
1034	109.00	 36.00	146.00	 36.88	 38.29	-19.16
1035	219.00	255.00	  0.00	 84.41	-15.97	 99.76
1036	250.00	223.00	172.00	 87.10	  0.72	 27.00
1037	 26.00	230.00	128.00	 49.93	-66.22	-12.81
1038	  0.00	204.00	204.00	 43.33	-41.05	-50.11
1039	204.00	153.00	102.00	 69.32	  7.46	 36.61
1040	237.00	 91.00	128.00	 65.64	 37.51	 26.24
1041	 77.00	179.00	128.00	 53.99	-33.04	 -3.98
1042	179.00	179.00	230.00	 72.82	  3.83	-16.93
1043	219.00	 73.00	 36.00	 58.58	 38.32	 57.95
1044	135.00	 45.00	254.00	 45.14	 51.96	-45.77
1045	237.00	237.00	128.00	 86.26	 -8.72	 45.67
1046	 73.00	 36.00	219.00	 36.43	 43.37	-53.39
1047	 73.00	 73.00	255.00	 42.33	 31.94	-61.99
1048	164.00	 91.00	164.00	 55.67	 25.10	 -4.70
1049	230.00	230.00	128.00	 84.00	 -9.23	 41.93
1050	  0.00	153.00	  0.00	 30.77	-55.86	 23.51
1051	153.00	204.00	102.00	 68.29	-23.64	 29.78
1052	 36.00	  0.00	255.00	 30.12	 61.51	-60.90
1053	 18.00	164.00	 55.00	 34.25	-51.89	  4.08
1054	178.00	178.00	190.00	 71.04	  0.71	 -2.18
1055	  0.00	255.00	146.00	 44.91	-71.53	-20.45
1056	 73.00	109.00	219.00	 48.41	  9.49	-46.51
1057	 22.00	 52.00	  3.00	 15.66	 -8.31	 13.66
1058	225.00	225.00	225.00	 84.51	 -0.09	 -0.41
1059	118.00	118.00	118.00	 48.16	  0.90	  1.22
1060	171.00	  1.00	239.00	 42.19	 69.23	-24.65
1061	 17.00	151.00	  3.00	 31.95	-48.46	 26.54
1062	146.00	219.00	219.00	 73.78	-18.56	-15.14
1063	219.00	  0.00	182.00	 45.38	 73.77	  2.53
1064	 96.00	108.00	 96.00	 42.10	 -1.90	  1.46
1065	140.00	  3.00	 78.00	 33.64	 51.72	 10.39
1066	150.00	 13.00	196.00	 40.68	 58.73	-20.03
1067	140.00	140.00	140.00	 56.49	  0.25	  2.01
1068	  0.00	146.00	255.00	 36.85	 -4.79	-73.53
1069	200.00	164.00	200.00	 72.42	 10.48	 -3.16
1070	 73.00	  0.00	109.00	 22.68	 42.23	-14.42
1071	255.00	219.00	182.00	 87.66	  4.25	 23.09
1072	 18.00	128.00	 18.00	 28.01	-39.29	 15.92
1073	128.00	 26.00	128.00	 36.80	 42.71	 -7.64
1074	 75.00	 75.00	 75.00	 31.66	  3.59	 -0.97
1075	102.00	204.00	204.00	 65.67	-24.65	-20.20
1076	193.00	173.00	135.00	 70.65	 -0.51	 22.69
1077	164.00	164.00	237.00	 68.91	  7.43	-24.75
1078	 55.00	200.00	200.00	 55.82	-37.74	-33.38
1079	102.00	153.00	102.00	 53.21	-18.37	  8.26
1080	114.00	114.00	126.00	 47.83	  2.46	 -3.72
1081	 18.00	200.00	164.00	 44.62	-48.66	-33.55
1082	  0.00	146.00	109.00	 26.23	-38.45	-24.10
1083	 36.00	  0.00	182.00	 21.21	 47.00	-45.80
1084	146.00	 73.00	255.00	 51.13	 41.93	-43.94
1085	  0.00	109.00	182.00	 27.27	 -7.57	-53.84
1086	230.00	128.00	 26.00	 68.24	 21.13	 73.51
1087	 36.00	255.00	 36.00	 52.23	-78.77	 36.48
1088	182.00	 73.00	255.00	 55.97	 46.32	-36.03
1089	255.00	255.00	 73.00	 91.27	-11.05	 71.88
1090	164.00	 55.00	 18.00	 45.13	 31.58	 48.50
1091	179.00	 26.00	 77.00	 44.33	 50.37	 23.56
1092	200.00	 91.00	128.00	 59.57	 29.11	 16.96
1093	245.00	233.00	233.00	 89.68	  2.07	  1.81
1094	181.00	230.00	 89.00	 75.91	-25.67	 45.43
1095	219.00	219.00	182.00	 82.13	 -4.47	 14.89
1096	219.00	  0.00	  0.00	 45.88	 67.50	 56.12
1097	 60.00	 60.00	 72.00	 26.45	  5.80	 -6.16
1098	128.00	128.00	128.00	 52.26	  0.89	  1.98
1099	182.00	219.00	219.00	 77.60	 -9.79	 -8.72
1100	146.00	182.00	 73.00	 62.69	-19.39	 36.18
1101	126.00	114.00	114.00	 48.92	  3.94	  4.83
1102	146.00	109.00	  0.00	 48.68	  8.71	 57.82
1103	 18.00	164.00	 18.00	 34.11	-52.91	 22.08
1104	109.00	255.00	109.00	 67.62	-56.74	 22.84
1105	 62.00	 87.00	 75.00	 31.31	 -4.22	 -3.25
1106	237.00	 18.00	237.00	 52.74	 74.48	-14.10
1107	220.00	220.00	220.00	 83.13	 -0.05	 -0.39
1108	182.00	146.00	182.00	 67.34	 10.44	 -1.88
1109	  0.00	 36.00	 36.00	  7.24	 -7.86	-12.15
1110	  0.00	219.00	109.00	 37.89	-69.03	-13.63
1111	109.00	132.00	 99.00	 50.11	 -7.55	  7.64
1112	204.00	204.00	255.00	 79.10	  3.85	-20.17
1113	 18.00	 55.00	 91.00	 17.93	  0.94	-25.75
1114	255.00	109.00	146.00	 70.73	 38.23	 24.78
1115	237.00	 18.00	 18.00	 52.23	 65.18	 61.96
1116	 13.00	 13.00	 52.00	  9.43	 12.98	-14.81
1117	 55.00	200.00	 55.00	 50.78	-54.74	 21.94
1118	153.00	204.00	255.00	 72.60	 -7.60	-30.02
1119	219.00	255.00	109.00	 85.67	-21.27	 50.00
1120	 55.00	128.00	 55.00	 36.50	-24.41	 10.31
1121	179.00	230.00	 77.00	 75.22	-26.95	 50.26
1122	146.00	146.00	 36.00	 56.28	 -6.81	 48.01
1123	241.00	165.00	 23.00	 74.90	 12.14	 81.99
1124	 26.00	 77.00	 26.00	 21.23	-14.72	  7.52
1125	 92.00	 13.00	 59.00	 24.45	 34.96	  3.77
1126	164.00	128.00	 18.00	 56.86	  5.26	 61.44
1127	128.00	 18.00	237.00	 40.84	 59.36	-39.73
1128	  0.00	  0.00	  0.00	  1.56	 -1.24	  0.92
1129	146.00	  0.00	182.00	 36.46	 61.64	-14.67
1130	 51.00	204.00	153.00	 54.05	-45.81	-18.60
1131	102.00	204.00	 51.00	 58.48	-41.22	 37.52
1132	182.00	 73.00	 36.00	 51.21	 29.20	 47.41
1133	221.00	192.00	179.00	 78.35	  3.91	 12.91
1134	179.00	128.00	 26.00	 59.40	  8.38	 60.45
1135	  0.00	219.00	 36.00	 37.96	-80.96	 16.39
1136	219.00	  0.00	146.00	 45.64	 72.63	 12.67
1137	109.00	 73.00	255.00	 46.81	 34.96	-52.99
1138	 51.00	 51.00	153.00	 30.43	 20.96	-38.40
1139	 55.00	200.00	 18.00	 47.41	-53.02	 38.78
1140	 91.00	 91.00	128.00	 41.46	  7.34	-13.67
1141	 26.00	 26.00	 26.00	 10.07	  6.12	 -1.94
1142	219.00	255.00	219.00	 89.47	-12.49	  4.40
1143	164.00	237.00	237.00	 78.68	-17.95	-16.01
1144	237.00	200.00	237.00	 82.36	 10.95	 -6.04
1145	164.00	 18.00	 18.00	 38.75	 46.90	 40.29
1146	200.00	128.00	 18.00	 62.92	 15.00	 70.29
1147	219.00	255.00	 36.00	 84.61	-22.18	 83.23
1148	128.00	 77.00	128.00	 45.66	 19.85	 -4.43
1149	 36.00	255.00	  0.00	 54.22	-71.29	 50.63
1150	251.00	180.00	 75.00	 80.06	 10.21	 60.96
1151	255.00	109.00	109.00	 71.42	 36.13	 40.12
1152	  0.00	 73.00	219.00	 25.28	 17.18	-71.03
1153	 63.00	200.00	211.00	 58.26	-32.47	-34.49
1154	255.00	  0.00	153.00	 49.97	 78.75	 21.07
1155	 26.00	 26.00	179.00	 22.61	 35.00	-54.72
1156	160.00	160.00	172.00	 64.64	  0.85	 -1.64
1157	140.00	140.00	179.00	 59.57	  3.76	-11.56
1158	153.00	224.00	208.00	 75.38	-19.92	 -8.62
1159	146.00	  0.00	 36.00	 32.51	 50.49	 21.93
1160	 38.00	 38.00	 77.00	 19.61	 12.25	-16.10
1161	179.00	128.00	230.00	 66.19	 21.81	-22.36
1162	 77.00	230.00	179.00	 64.51	-43.58	-14.94
1163	146.00	182.00	146.00	 64.69	-13.40	  7.58
1164	164.00	 18.00	 55.00	 40.32	 48.78	 25.78
1165	182.00	  0.00	146.00	 41.16	 65.89	  2.99
1166	  0.00	146.00	 36.00	 25.28	-52.49	  4.97
1167	 73.00	219.00	109.00	 58.42	-51.36	  8.70
1168	 23.00	 23.00	 35.00	 10.15	  8.05	 -6.03
1169	215.00	215.00	215.00	 81.21	 -0.90	  0.12
1170	219.00	219.00	255.00	 82.52	  3.40	-15.54
1171	190.00	178.00	178.00	 71.61	  2.21	  4.82
1172	255.00	146.00	255.00	 77.69	 34.03	-15.56
1173	 91.00	200.00	237.00	 64.56	-20.07	-34.06
1174	 34.00	100.00	 57.00	 26.93	-18.74	 -1.39
1175	200.00	200.00	200.00	 76.66	 -0.80	  0.57
1176	  0.00	 51.00	153.00	 16.81	 12.12	-50.91
1177	109.00	219.00	  0.00	 59.54	-38.50	 63.72
1178	255.00	 36.00	255.00	 57.85	 73.69	-17.52
1179	164.00	237.00	164.00	 76.81	-26.01	 11.39
1180	128.00	237.00	237.00	 74.38	-25.96	-23.50
1181	237.00	 55.00	 55.00	 59.58	 48.50	 52.22
1182	204.00	255.00	255.00	 88.14	-10.91	-11.65
1183	 26.00	 77.00	230.00	 33.77	 20.22	-71.32
1184	219.00	 36.00	 36.00	 52.88	 52.61	 53.01
1185	219.00	  0.00	255.00	 48.64	 76.93	-16.27
1186	102.00	 51.00	255.00	 41.65	 45.20	-55.29
1187	182.00	182.00	146.00	 70.16	 -4.63	 15.86
1188	255.00	153.00	 51.00	 76.92	 20.18	 69.47
1189	175.00	168.00	223.00	 71.54	  6.26	-17.14
1190	102.00	  0.00	 51.00	 24.55	 42.12	  7.96
1191	237.00	164.00	237.00	 77.18	 23.00	 -9.85
1192	200.00	 91.00	 91.00	 58.48	 27.59	 31.37
1193	 55.00	 55.00	 55.00	 22.74	  4.18	 -2.08
1194	 73.00	  0.00	219.00	 29.93	 56.40	-46.15
1195	252.00	244.00	187.00	 90.95	 -4.33	 23.76
1196	219.00	  0.00	 73.00	 45.99	 70.13	 35.69
1197	252.00	  3.00	 34.00	 51.51	 74.62	 54.91
1198	230.00	179.00	 26.00	 75.58	  5.09	 79.99
1199	109.00	219.00	219.00	 69.71	-26.43	-21.21
1200	 82.00	 82.00	 82.00	 34.23	  3.70	 -1.02
1201	110.00	110.00	110.00	 45.06	  1.53	  0.77
1202	200.00	164.00	128.00	 71.21	  3.74	 25.99
1203	139.00	207.00	177.00	 69.71	-20.61	 -2.56
1204	204.00	  0.00	255.00	 47.79	 75.19	-19.35
1205	108.00	 96.00	 96.00	 42.24	  5.31	  3.50
1206	191.00	191.00	230.00	 76.27	  1.99	-13.55
1207	182.00	255.00	 36.00	 78.25	-34.07	 72.97
1208	164.00	 18.00	237.00	 44.55	 63.69	-29.68
1209	200.00	 91.00	200.00	 61.92	 35.65	 -9.17
1210	166.00	161.00	130.00	 63.86	 -3.16	 16.22
1211	182.00	109.00	109.00	 58.46	 18.17	 22.03
1212	 15.00	  8.00	185.00	 19.64	 42.40	-55.56
1213	 55.00	 91.00	200.00	 41.31	  9.95	-49.68
1214	164.00	164.00	 91.00	 63.70	 -6.43	 32.28
1215	214.00	  0.00	249.00	 47.52	 75.24	-15.60
1216	 26.00	128.00	230.00	 41.46	 -4.44	-63.93
1217	  0.00	 73.00	 73.00	 13.15	-15.51	-21.54
1218	237.00	 91.00	200.00	 66.74	 42.85	 -1.76
1219	153.00	  0.00	  0.00	 33.51	 49.96	 35.89
1220	 55.00	200.00	237.00	 57.77	-30.89	-46.74
1221	109.00	219.00	109.00	 64.15	-41.06	 18.15
1222	 60.00	127.00	 51.00	 37.77	-22.28	 13.09
1223	255.00	102.00	255.00	 70.75	 50.08	-18.59
1224	255.00	219.00	255.00	 88.67	 10.37	 -6.99
1225	182.00	219.00	255.00	 77.86	 -5.20	-23.07
1226	128.00	179.00	 77.00	 59.19	-23.38	 29.34
1227	  8.00	  0.00	  0.00	  3.29	  2.32	  1.78
1228	255.00	182.00	109.00	 81.95	 12.53	 48.58
1229	 73.00	109.00	146.00	 43.09	 -2.45	-21.80
1230	 55.00	164.00	237.00	 52.52	-14.68	-51.62
1231	179.00	 77.00	128.00	 53.55	 30.71	 10.24
1232	219.00	182.00	109.00	 76.17	  2.45	 41.45
1233	219.00	 73.00	255.00	 61.46	 53.19	-27.41
1234	  0.00	255.00	 73.00	 40.64	-87.70	  8.01
1235	146.00	219.00	 73.00	 68.26	-32.64	 41.34
1236	 91.00	128.00	 18.00	 41.83	-14.75	 38.70
1237	128.00	 91.00	 18.00	 43.73	  8.56	 42.65
1238	109.00	182.00	255.00	 64.10	 -7.10	-40.74
1239	 55.00	200.00	128.00	 52.80	-47.53	 -8.50
1240	 14.00	 14.00	 26.00	  7.03	  7.20	 -4.98
1241	164.00	 55.00	128.00	 47.40	 37.24	  3.83
1242	109.00	  0.00	146.00	 29.82	 52.87	-14.76
1243	202.00	225.00	193.00	 80.29	 -9.47	  6.91
1244	100.00	100.00	100.00	 41.61	  2.53	  0.75
1245	 51.00	 63.00	 51.00	 22.54	 -0.35	 -0.19
1246	145.00	145.00	145.00	 58.05	  0.20	  2.43
1247	 36.00	219.00	255.00	 59.78	-38.61	-51.12
1248	 26.00	179.00	230.00	 48.15	-27.95	-56.23
1249	255.00	  0.00	182.00	 49.78	 79.48	 12.07
1250	255.00	190.00	240.00	 83.63	 18.16	 -4.81
1251	 42.00	 54.00	 42.00	 19.09	  0.32	  0.73
1252	230.00	128.00	128.00	 70.23	 23.20	 28.17
1253	185.00	115.00	175.00	 62.38	 22.12	 -2.27
1254	 18.00	200.00	128.00	 42.79	-55.64	-20.46
1255	255.00	255.00	 51.00	 91.23	-11.03	 81.23
1256	  0.00	  8.00	  0.00	  4.00	 -3.74	  1.83
1257	 97.00	116.00	 80.00	 44.13	 -6.11	  9.71
1258	 55.00	 18.00	 18.00	 15.78	 17.20	  8.47
1259	  1.00	186.00	132.00	 34.02	-49.30	-27.02
1260	109.00	146.00	255.00	 58.66	  6.42	-45.30
1261	  0.00	182.00	146.00	 34.07	-45.05	-31.63
1262	200.00	237.00	128.00	 80.32	-20.02	 33.99
1263	200.00	128.00	 91.00	 64.18	 14.56	 36.83
1264	 91.00	237.00	237.00	 70.41	-33.30	-28.04
1265	182.00	 73.00	182.00	 55.11	 38.03	 -8.55
1266	 26.00	128.00	 77.00	 31.26	-31.83	 -8.82
1267	 78.00	 90.00	 78.00	 34.71	 -1.63	  0.39
1268	255.00	219.00	 73.00	 86.04	 -0.01	 69.79
1269	 55.00	 18.00	 55.00	 18.10	 22.50	 -4.75
1270	190.00	190.00	190.00	 73.36	 -0.91	  1.17
1271	237.00	237.00	164.00	 86.52	 -7.32	 30.55
1272	161.00	138.00	109.00	 59.37	  1.71	 19.83
1273	255.00	204.00	 51.00	 84.30	  3.16	 78.58
1274	 16.00	243.00	  1.00	 48.66	-74.50	 41.72
1275	255.00	109.00	255.00	 71.97	 46.80	-18.24
1276	 51.00	  0.00	255.00	 31.22	 62.25	-57.28
1277	255.00	 36.00	  0.00	 59.04	 63.88	 79.76
1278	179.00	 77.00	 26.00	 51.69	 27.11	 52.37
1279	255.00	204.00	204.00	 85.34	 10.74	 10.88
1280	 51.00	102.00	 51.00	 30.80	-13.44	  6.01
1281	219.00	  0.00	 36.00	 46.49	 68.83	 44.00
1282	214.00	 31.00	 91.00	 51.12	 56.46	 30.45
1283	218.00	255.00	237.00	 89.39	-10.69	 -3.04
1284	255.00	219.00	146.00	 87.50	  1.65	 38.14
1285	169.00	169.00	181.00	 68.11	  0.63	 -1.79
1286	237.00	200.00	128.00	 81.00	  2.42	 38.92
1287	 55.00	 18.00	237.00	 31.99	 52.48	-60.06
1288	128.00	164.00	237.00	 63.86	  0.09	-33.10
1289	 55.00	237.00	 91.00	 56.03	-67.59	 12.80
1290	 18.00	237.00	164.00	 50.55	-61.72	-25.60
1291	255.00	255.00	  0.00	 89.39	 -5.92	108.93
1292	 91.00	 55.00	128.00	 36.27	 23.47	-17.70
1293	 84.00	 75.00	134.00	 38.21	 13.51	-19.55
1294	 26.00	 14.00	 14.00	  8.25	  9.78	  2.29
1295	200.00	 18.00	164.00	 47.08	 63.74	 -0.09
1296	132.00	 61.00	 86.00	 41.80	 23.51	 10.35
1297	 69.00	 69.00	 81.00	 30.64	  4.99	 -5.97
1298	153.00	255.00	102.00	 74.91	-42.86	 36.21
1299	182.00	  0.00	  0.00	 39.09	 57.88	 45.19
1300	 41.00	  3.00	101.00	 17.58	 33.67	-22.15
1301	219.00	146.00	 36.00	 69.41	 12.18	 67.42
1302	 26.00	128.00	128.00	 33.77	-24.98	-28.81
1303	128.00	 55.00	 18.00	 37.18	 22.26	 37.03
1304	 18.00	200.00	 91.00	 41.34	-62.72	 -5.76
1305	 55.00	237.00	164.00	 59.82	-54.94	-14.28
1306	125.00	125.00	125.00	 51.10	  0.51	  2.05
1307	 36.00	182.00	 73.00	 43.99	-53.55	  4.80
1308	255.00	255.00	153.00	 93.10	 -9.17	 38.00
1309	255.00	146.00	  0.00	 75.31	 24.98	 95.49
1310	 36.00	146.00	219.00	 46.16	-14.13	-55.40
1311	237.00	 55.00	200.00	 60.32	 57.01	 -3.18
1312	 36.00	  0.00	146.00	 19.19	 41.13	-35.54
1313	 18.00	200.00	237.00	 49.03	-34.63	-56.99
1314	109.00	 36.00	219.00	 41.33	 47.49	-42.31
1315	102.00	255.00	  0.00	 64.32	-49.96	 68.67
1316	146.00	 73.00	109.00	 46.59	 23.82	  7.38
1317	182.00	109.00	 36.00	 56.98	 16.21	 52.57
1318	255.00	153.00	102.00	 77.44	 20.65	 47.45
1319	109.00	182.00	219.00	 64.63	-13.35	-26.76
1320	 18.00	 55.00	128.00	 20.89	  8.00	-39.01
1321	255.00	  0.00	  0.00	 51.65	 77.76	 69.02
1322	  0.00	146.00	146.00	 29.12	-30.09	-37.70
1323	102.00	204.00	102.00	 60.83	-38.19	 16.68
1324	 73.00	146.00	182.00	 50.87	-12.46	-29.31
1325	219.00	219.00	109.00	 80.55	 -9.91	 44.51
1326	102.00	  0.00	102.00	 27.17	 47.20	 -5.38
1327	 18.00	 55.00	237.00	 29.45	 31.50	-75.13
1328	 47.00	254.00	 27.00	 54.80	-74.12	 43.33
1329	 36.00	109.00	  0.00	 27.86	-25.04	 27.20
1330	109.00	 36.00	182.00	 39.33	 42.67	-30.69
1331	 73.00	219.00	219.00	 64.38	-34.78	-31.00
1332	219.00	 73.00	146.00	 60.83	 42.36	 13.39
1333	 26.00	230.00	179.00	 53.62	-54.94	-29.17
1334	128.00	230.00	230.00	 73.15	-24.69	-21.67
1335	230.00	179.00	 77.00	 76.67	  5.82	 55.10
1336	 99.00	 87.00	 87.00	 38.59	  6.19	  2.49
1337	 18.00	237.00	 91.00	 46.00	-77.68	  0.83
1338	 55.00	200.00	 91.00	 51.74	-53.11	  5.75
1339	204.00	255.00	  0.00	 81.24	-19.97	 95.51
1340	142.00	154.00	142.00	 59.12	 -3.97	  4.61
1341	255.00	146.00	219.00	 77.15	 30.93	 -1.33
1342	175.00	175.00	175.00	 69.15	 -1.03	  2.27
1343	128.00	164.00	 55.00	 56.87	-18.25	 37.39
1344	 50.00	 50.00	 50.00	 20.46	  4.69	 -2.15
1345	182.00	146.00	146.00	 64.91	  7.16	 11.38
1346	 36.00	109.00	 36.00	 28.56	-22.89	 10.04
1347	128.00	128.00	128.00	 52.20	  0.58	  2.15
1348	112.00	 70.00	 90.00	 39.47	 15.36	  2.86
1349	146.00	 73.00	219.00	 52.48	 35.19	-31.41
1350	 51.00	153.00	255.00	 50.25	 -5.43	-58.92
1351	 73.00	182.00	182.00	 55.65	-27.04	-23.97
1352	182.00	182.00	 36.00	 67.10	 -9.61	 63.40
1353	 13.00	 52.00	 13.00	 13.26	-11.56	  6.45
1354	255.00	153.00	153.00	 78.16	 22.93	 26.73
1355	 51.00	102.00	102.00	 34.90	 -9.40	-14.85
1356	 35.00	 35.00	 35.00	 12.69	  6.07	 -2.11
1357	251.00	177.00	216.00	 80.79	 18.91	  2.53
1358	182.00	255.00	109.00	 79.54	-33.22	 40.08
1359	102.00	255.00	153.00	 69.41	-52.71	  5.20
1360	 36.00	255.00	255.00	 65.51	-44.31	-44.54
1361	 36.00	 73.00	 73.00	 23.78	 -5.39	-10.36
1362	230.00	 26.00	 77.00	 52.89	 60.72	 40.47
1363	255.00	182.00	 36.00	 80.84	 10.64	 82.03
1364	 73.00	255.00	 36.00	 59.56	-68.58	 47.01
1365	146.00	 36.00	  0.00	 37.55	 34.32	 46.20
1366	  0.00	255.00	153.00	 46.13	-69.77	-22.96
1367	204.00	  0.00	102.00	 43.78	 67.68	 21.13
1368	  6.00	 30.00	 44.00	  7.96	 -0.59	-13.69
1369	 55.00	 91.00	237.00	 42.62	 17.96	-61.08
1370	255.00	 51.00	102.00	 61.72	 56.73	 36.52
1371	128.00	179.00	128.00	 60.93	-19.19	  9.34
1372	 26.00	 26.00	 77.00	 15.39	 15.51	-19.54
1373	102.00	  0.00	  0.00	 21.48	 35.60	 24.29
1374	146.00	109.00	 36.00	 50.51	  6.13	 42.64
1375	230.00	230.00	230.00	 86.33	 -0.53	 -0.42
1376	  0.00	204.00	255.00	 46.89	-29.33	-66.06
1377	109.00	146.00	109.00	 52.76	-12.91	  6.29
1378	230.00	 26.00	179.00	 53.09	 66.99	  2.14
1379	 18.00	 18.00	164.00	 19.40	 34.38	-50.15
1380	 55.00	128.00	 91.00	 39.51	-20.97	 -5.84
1381	219.00	 73.00	109.00	 59.25	 39.93	 26.90
1382	164.00	128.00	237.00	 63.29	 19.67	-29.02
1383	146.00	 36.00	 36.00	 37.74	 35.25	 31.02
1384	 40.00	 32.00	  2.00	 15.16	  4.57	 14.30
1385	102.00	153.00	  0.00	 46.46	-17.56	 52.05
1386	204.00	153.00	255.00	 72.93	 21.43	-24.96
1387	182.00	182.00	182.00	 71.29	 -0.56	  2.15
1388	102.00	 51.00	 51.00	 32.42	 18.20	 12.88
1389	197.00	  5.00	 55.00	 43.47	 62.26	 32.30
1390	153.00	 51.00	  0.00	 41.88	 31.08	 52.01
1391	 36.00	182.00	182.00	 48.25	-37.49	-37.40
1392	 45.00	 45.00	 45.00	 18.40	  5.26	 -1.75
1393	160.00	172.00	160.00	 66.01	 -4.30	  4.13
1394	146.00	255.00	255.00	 80.23	-24.01	-23.65
1395	 73.00	219.00	  0.00	 53.08	-49.18	 54.14
1396	 91.00	237.00	164.00	 67.07	-46.32	 -3.94
1397	205.00	205.00	217.00	 78.38	  0.14	 -5.09
1398	 95.00	 95.00	 95.00	 40.12	  2.40	 -0.19
1399	160.00	160.00	160.00	 64.07	 -0.16	  2.98
1400	 18.00	128.00	 55.00	 28.13	-37.40	 -0.57
1401	 84.00	 16.00	 75.00	 24.42	 32.62	 -3.14
1402	153.00	 51.00	153.00	 45.88	 39.77	 -7.92
1403	 73.00	  0.00	 36.00	 17.14	 32.52	  4.88
1404	196.00	196.00	208.00	 76.20	 -0.02	 -3.99
1405	 79.00	156.00	252.00	 56.12	 -2.59	-49.47
1406	130.00	161.00	139.00	 58.24	 -9.87	  3.36
1407	200.00	200.00	237.00	 77.32	  2.25	-13.83
1408	 91.00	 18.00	 91.00	 27.15	 35.18	 -5.52
1409	200.00	200.00	 18.00	 72.72	 -8.36	 79.20
1410	 17.00	  5.00	  5.00	  5.51	  6.48	  2.32
1411	128.00	128.00	164.00	 55.59	  4.54	-10.84
1412	180.00	178.00	165.00	 69.50	 -1.89	  7.54
1413	237.00	164.00	200.00	 77.20	 17.63	  5.79
1414	166.00	166.00	205.00	 68.13	  3.85	-12.55
1415	146.00	 73.00	 73.00	 46.21	 21.08	 20.72
1416	 51.00	204.00	204.00	 56.33	-39.87	-34.82
1417	237.00	 55.00	 18.00	 59.44	 48.79	 71.08
1418	 73.00	109.00	182.00	 46.80	  3.23	-35.20
1419	128.00	230.00	 77.00	 67.35	-42.78	 36.93
1420	153.00	102.00	255.00	 57.89	 31.05	-40.34
1421	 73.00	 36.00	109.00	 27.91	 25.90	-17.42
1422	164.00	200.00	 91.00	 69.23	-19.38	 37.15
1423	  0.00	109.00	 36.00	 19.62	-39.43	  0.25
1424	255.00	109.00	 36.00	 70.27	 34.39	 71.57
1425	237.00	200.00	 55.00	 79.65	  0.41	 69.55
1426	204.00	255.00	102.00	 83.15	-26.78	 49.07
1427	  0.00	 36.00	219.00	 21.01	 34.58	-74.00
1428	 51.00	  0.00	102.00	 18.84	 36.91	-18.61
1429	153.00	102.00	153.00	 54.66	 17.99	 -3.86
1430	 91.00	 91.00	200.00	 48.13	 16.44	-39.02
1431	146.00	 36.00	146.00	 42.16	 44.95	 -8.02
1432	102.00	102.00	153.00	 46.81	  7.68	-18.21
1433	179.00	 26.00	128.00	 44.94	 53.40	  6.61
1434	128.00	128.00	200.00	 57.64	  7.75	-24.24
1435	 18.00	 18.00	237.00	 26.11	 50.69	-70.76
1436	200.00	128.00	128.00	 65.89	 16.56	 21.94
1437	128.00	 77.00	 26.00	 41.46	 13.24	 36.00
1438	109.00	 73.00	 73.00	 38.65	 12.17	  8.97
1439	 91.00	200.00	128.00	 59.08	-36.58	  2.70
1440	 73.00	182.00	 36.00	 48.79	-40.98	 33.00
1441	219.00	 73.00	182.00	 61.50	 44.60	  0.25
1442	 91.00	 55.00	164.00	 38.63	 27.93	-29.66
1443	217.00	205.00	205.00	 79.79	  1.87	  2.87
1444	172.00	160.00	160.00	 66.05	  1.28	  5.26
1445	237.00	128.00	128.00	 71.18	 24.87	 29.72
1446	219.00	146.00	  0.00	 69.24	 15.88	 85.63
1447	109.00	109.00	 36.00	 43.92	 -3.73	 30.85
1448	255.00	182.00	255.00	 82.84	 21.91	-12.58
1449	 73.00	  0.00	255.00	 33.09	 63.28	-51.60
1450	237.00	128.00	164.00	 71.68	 26.82	 16.28
1451	 73.00	  0.00	182.00	 26.54	 50.58	-34.69
1452	109.00	  0.00	  0.00	 23.01	 37.73	 25.81
1453	146.00	146.00	182.00	 61.92	  3.62	-10.74
1454	 51.00	102.00	153.00	 37.53	 -3.08	-32.92
1455	219.00	 36.00	  0.00	 52.13	 54.34	 70.08
1456	128.00	 55.00	128.00	 42.02	 30.25	 -6.43
1457	  0.00	182.00	109.00	 31.34	-52.33	-18.85
1458	 51.00	  0.00	153.00	 21.96	 43.81	-33.21
1459	 73.00	 73.00	  0.00	 27.51	  0.85	 30.37
1460	230.00	212.00	217.00	 83.37	  2.93	  2.20
1461	153.00	  0.00	 51.00	 35.21	 54.18	 20.42
1462	  0.00	153.00	102.00	 26.69	-42.96	-20.21
1463	164.00	237.00	 91.00	 74.35	-33.87	 41.40
1464	164.00	164.00	200.00	 67.48	  3.14	-11.21
1465	 77.00	 26.00	128.00	 29.17	 34.11	-22.16
1466	200.00	 55.00	200.00	 55.36	 52.55	-12.27
1467	182.00	219.00	 73.00	 74.34	-22.82	 51.49
1468	179.00	188.00	140.00	 70.63	 -7.64	 18.34
1469	219.00	109.00	255.00	 67.80	 40.67	-25.11
1470	255.00	 51.00	204.00	 61.05	 64.50	 -1.64
1471	 32.00	 32.00	 44.00	 12.93	  8.21	 -5.97
1472	 55.00	200.00	164.00	 54.73	-41.82	-21.28
1473	245.00	244.00	255.00	 91.71	  0.28	 -5.39
1474	 36.00	182.00	255.00	 50.85	-22.84	-60.17
1475	153.00	102.00	102.00	 52.70	 13.13	 15.25
1476	 33.00	100.00	 77.00	 28.32	-16.51	 -9.91
1477	 36.00	 36.00	 36.00	 13.47	  6.06	 -2.22
1478	  0.00	 36.00	  0.00	 10.40	-13.48	  6.39
1479	  0.00	109.00	255.00	 31.67	 11.96	-77.96
1480	 91.00	164.00	 91.00	 53.06	-26.06	 11.95
1481	 36.00	255.00	146.00	 55.90	-70.39	-10.80
1482	182.00	 36.00	 36.00	 45.53	 45.57	 42.38
1483	 36.00	255.00	 73.00	 52.83	-81.12	 19.31
1484	200.00	237.00	 55.00	 78.85	-23.06	 64.76
1485	164.00	 91.00	237.00	 57.25	 34.12	-32.13
1486	 26.00	128.00	179.00	 37.71	-14.97	-47.17
1487	182.00	219.00	146.00	 76.70	-16.99	 21.47
1488	246.00	246.00	246.00	 92.30	 -0.74	 -1.30
1489	182.00	219.00	182.00	 77.18	-12.87	  6.23
1490	109.00	 36.00	109.00	 34.23	 32.71	 -6.33
1491	146.00	219.00	255.00	 74.00	-14.02	-30.12
1492	200.00	237.00	 91.00	 79.52	-21.95	 49.52
1493	182.00	  0.00	 73.00	 40.54	 61.72	 22.76
1494	 26.00	 77.00	 77.00	 22.58	 -9.19	-14.89
1495	  0.00	255.00	109.00	 40.60	-79.68	 -7.48
1496	255.00	182.00	  0.00	 80.36	 14.61	100.46
1497	  9.00	  9.00	  9.00	  4.76	  2.70	  0.28
1498	  0.00	153.00	 51.00	 26.57	-53.44	 -0.35
1499	255.00	  0.00	255.00	 51.69	 80.61	 -8.06
1500	200.00	200.00	 55.00	 74.49	-10.72	 61.64
1501	128.00	 91.00	200.00	 52.39	 22.52	-28.39
1502	 55.00	128.00	128.00	 40.97	-17.65	-19.53
1503	  5.00	  5.00	  5.00	  3.59	  1.41	  0.68
1504	 95.00	 22.00	234.00	 37.49	 53.33	-48.41
1505	 51.00	204.00	102.00	 52.04	-54.43	  0.41
1506	109.00	255.00	255.00	 75.69	-31.60	-30.19
1507	255.00	 73.00	  0.00	 64.87	 48.99	 85.81
1508	219.00	146.00	109.00	 71.11	 14.06	 35.89
1509	182.00	  0.00	 36.00	 39.40	 59.51	 32.13
1510	 73.00	182.00	109.00	 52.41	-37.34	  2.42
1511	146.00	182.00	182.00	 66.30	 -9.26	 -6.10
1512	128.00	237.00	164.00	 72.09	-36.02	  4.81
1513	 55.00	 55.00	128.00	 29.48	 15.21	-28.19
1514	146.00	  0.00	109.00	 34.50	 56.51	  3.29
1515	 55.00	237.00	200.00	 63.11	-47.14	-26.77
1516	128.00	 18.00	 91.00	 33.87	 43.32	  3.84
1517	128.00	230.00	179.00	 71.40	-31.05	 -2.92
1518	160.00	116.00	117.00	 55.81	 10.66	 13.07
1519	219.00	219.00	146.00	 81.29	 -7.55	 30.18
1520	142.00	251.00	248.00	 78.75	-24.80	-22.66
1521	 36.00	 73.00	  0.00	 22.52	 -9.87	 21.82
1522	 18.00	 91.00	128.00	 25.45	 -8.59	-35.50
1523	 68.00	236.00	100.00	 59.24	-60.60	 13.07
1524	200.00	164.00	164.00	 72.31	  6.56	 11.37
1525	255.00	146.00	 36.00	 75.93	 21.80	 77.15
1526	 56.00	 11.00	  9.00	 14.31	 19.52	 11.33
1527	115.00	115.00	115.00	 47.05	  1.33	  0.64
1528	154.00	142.00	142.00	 59.45	  2.47	  5.36
1529	146.00	109.00	219.00	 58.99	 20.87	-28.27
1530	164.00	128.00	164.00	 61.03	 11.24	 -1.33
1531	255.00	 73.00	146.00	 65.70	 51.68	 21.12
1532	 20.00	 83.00	  3.00	 21.34	-21.22	 17.24
1533	  0.00	 73.00	 36.00	 13.13	-24.63	 -4.61
1534	146.00	219.00	146.00	 71.41	-26.65	 13.63
1535	240.00	237.00	162.00	 87.13	 -6.84	 32.22
1536	  0.00	  0.00	 36.00	  6.01	 12.32	-12.41
1537	219.00	109.00	182.00	 67.33	 31.26	  2.31
1538	204.00	 51.00	 51.00	 52.32	 43.60	 44.06
1539	133.00	145.00	133.00	 56.13	 -3.77	  4.40
1540	237.00	 91.00	 55.00	 64.87	 35.54	 55.76
1541	255.00	  0.00	102.00	 50.23	 77.97	 35.88
1542	 73.00	182.00	219.00	 58.20	-20.13	-35.89
1543	 77.00	230.00	128.00	 61.70	-52.40	  4.66
1544	219.00	146.00	219.00	 73.13	 21.78	 -7.66
1545	 55.00	 18.00	 91.00	 21.29	 28.31	-16.02
1546	  0.00	 36.00	109.00	 12.03	 10.68	-38.72
1547	255.00	109.00	  0.00	 70.16	 37.91	 90.52
1548	219.00	146.00	 73.00	 69.86	 13.57	 49.99
1549	182.00	 73.00	109.00	 52.73	 32.09	 17.91
1550	255.00	219.00	109.00	 86.80	  0.79	 53.86
1551	198.00	159.00	 71.00	 67.73	  3.00	 48.31
1552	 42.00	 54.00	249.00	 34.76	 38.21	-70.69
1553	208.00	229.00	242.00	 82.94	 -3.99	-10.70
1554	146.00	 36.00	 73.00	 39.80	 38.12	 16.30
1555	200.00	164.00	 55.00	 68.60	  1.15	 56.12
1556	 26.00	230.00	230.00	 58.16	-46.27	-44.27
1557	153.00	204.00	204.00	 73.34	-12.68	-10.07
1558	182.00	 36.00	 73.00	 46.12	 46.42	 27.34
1559	237.00	 18.00	164.00	 53.11	 68.06	 10.42
1560	219.00	255.00	 73.00	 85.25	-22.58	 64.90
1561	 51.00	  0.00	204.00	 24.55	 52.02	-47.51
1562	147.00	202.00	231.00	 71.35	 -9.90	-22.39
1563	 91.00	128.00	237.00	 54.67	  7.21	-44.85
1564	164.00	237.00	 18.00	 72.55	-31.06	 75.95
1565	182.00	255.00	146.00	 80.84	-30.14	 25.43
1566	164.00	 55.00	237.00	 50.99	 48.16	-34.10
1567	 36.00	 73.00	146.00	 28.96	  5.96	-39.48
1568	 73.00	219.00	182.00	 61.92	-39.95	-18.60
1569	109.00	255.00	182.00	 72.61	-44.67	 -4.16
1570	 91.00	128.00	 55.00	 43.61	-14.11	 20.89
1571	 77.00	 77.00	179.00	 43.03	 16.93	-37.18
1572	 91.00	200.00	 55.00	 56.46	-42.59	 32.72
1573	255.00	  0.00	 36.00	 50.89	 77.26	 54.26
1574	182.00	109.00	146.00	 59.57	 20.64	  7.92
1575	255.00	 73.00	219.00	 65.63	 57.03	 -7.43
1576	157.00	145.00	151.00	 60.71	  2.82	  3.08
1577	128.00	 18.00	 55.00	 32.29	 41.20	 15.59
1578	255.00	255.00	255.00	 94.82	 -1.42	 -1.81
1579	255.00	 36.00	182.00	 57.32	 68.71	  8.63
1580	170.00	170.00	170.00	 67.21	 -0.53	  2.53
1581	102.00	  0.00	204.00	 31.94	 57.15	-33.12
1582	 20.00	  9.00	 21.00	  7.41	 10.98	 -2.13
1583	 36.00	 36.00	219.00	 30.53	 40.66	-67.08
1584	 91.00	200.00	 18.00	 54.31	-41.53	 50.90
1585	 69.00	 81.00	 69.00	 30.87	 -0.64	 -0.04
1586	235.00	171.00	180.00	 77.71	 13.56	 13.92
1587	109.00	109.00	  0.00	 41.82	 -0.66	 48.64
1588	 36.00	182.00	  0.00	 40.03	-50.90	 38.04
1589	 73.00	182.00	  0.00	 47.31	-36.74	 48.67
1590	128.00	128.00	 91.00	 51.35	 -2.52	 16.71
1591	146.00	182.00	 36.00	 62.19	-19.22	 54.09
1592	146.00	146.00	109.00	 58.20	 -3.59	 17.20
1593	 51.00	 51.00	204.00	 33.70	 30.32	-56.13
1594	 36.00	  0.00	 73.00	 14.25	 29.06	-14.38
1595	113.00	123.00	  1.00	 43.91	 -3.68	 50.65
1596	102.00	 51.00	204.00	 42.58	 37.51	-39.94
1597	109.00	146.00	 73.00	 51.36	-15.86	 20.88
1598	237.00	237.00	 55.00	 84.72	-10.22	 76.86
1599	200.00	 91.00	164.00	 60.78	 31.89	  3.14
1600	 73.00	146.00	 73.00	 45.10	-25.14	 10.91
1601	 36.00	219.00	182.00	 54.49	-49.69	-30.42
1602	155.00	233.00	  9.00	 70.30	-30.85	 76.81
1603	128.00	179.00	179.00	 63.42	-13.50	 -8.82
1604	120.00	137.00	130.00	 53.06	 -3.82	  0.87
1605	 18.00	164.00	128.00	 37.93	-43.25	-24.08
1606	  0.00	255.00	  0.00	 50.56	-81.99	 38.04
1607	 36.00	219.00	 36.00	 49.49	-68.12	 28.59
1608	  0.00	146.00	  0.00	 29.57	-53.87	 22.44
1609	223.00	187.00	151.00	 77.42	  3.88	 24.25
1610	 70.00	 63.00	 66.00	 27.67	  5.71	 -0.90
1611	 68.00	182.00	 95.00	 51.29	-40.19	  6.16
1612	237.00	 18.00	128.00	 52.90	 66.61	 23.72
1613	255.00	102.00	204.00	 71.11	 43.42	  0.09
1614	  0.00	255.00	 51.00	 40.43	-89.81	 17.68
1615	 55.00	 18.00	200.00	 28.94	 45.28	-49.56
1616	153.00	  0.00	204.00	 38.37	 64.37	-19.16
1617	 54.00	 87.00	 30.00	 28.12	 -8.73	 14.18
1618	153.00	102.00	  0.00	 48.81	 13.30	 60.07
1619	249.00	 82.00	 13.00	 65.15	 42.53	 79.82
1620	128.00	 26.00	179.00	 39.40	 49.57	-23.89
1621	  1.00	 86.00	 69.00	 14.97	-21.50	-17.30
1622	142.00	142.00	154.00	 58.74	  1.16	 -3.00
1623	164.00	 91.00	 91.00	 52.16	 19.18	 21.41
1624	 36.00	 36.00	146.00	 23.46	 24.38	-41.11
1625	 36.00	 36.00	182.00	 25.91	 32.19	-55.08
1626	 18.00	128.00	237.00	 39.12	 -3.50	-67.79
1627	204.00	255.00	204.00	 86.03	-17.30	  7.45
1628	193.00	242.00	173.00	 81.56	-19.40	 15.41
1629	219.00	 36.00	146.00	 53.36	 58.45	 11.34
1630	 18.00	164.00	237.00	 44.25	-20.33	-63.56
1631	182.00	 73.00	146.00	 54.12	 33.88	  3.95
1632	153.00	153.00	153.00	 61.24	 -0.08	  2.53
1633	 26.00	  0.00	  0.00	  6.02	 11.23	  4.70
1634	 77.00	 83.00	194.00	 44.85	 16.32	-41.70
1635	204.00	153.00	 51.00	 67.52	  6.55	 57.66
1636	105.00	105.00	117.00	 45.17	  2.97	 -3.89
1637	255.00	217.00	217.00	 87.45	  7.82	  7.57
1638	219.00	109.00	219.00	 69.10	 34.02	-11.41
1639	200.00	237.00	 18.00	 78.27	-20.11	 84.06
1640	128.00	164.00	164.00	 60.70	 -9.90	 -4.80
1641	237.00	200.00	 18.00	 79.32	  0.68	 89.43
1642	144.00	 73.00	 32.00	 44.06	 18.63	 37.37
1643	164.00	 18.00	164.00	 41.88	 56.80	 -8.22
1644	  0.00	182.00	 36.00	 31.54	-66.49	 10.64
1645	102.00	102.00	 51.00	 43.15	 -2.64	 22.04
1646	  0.00	153.00	204.00	 34.91	-18.72	-57.60
1647	128.00	128.00	 55.00	 51.65	 -4.76	 31.73
1648	 55.00	164.00	 18.00	 41.14	-38.93	 33.08
1649	248.00	199.00	210.00	 83.75	 10.44	  7.34
1650	 60.00	 60.00	 60.00	 24.75	  3.73	 -1.78
1651	146.00	182.00	109.00	 63.48	-16.57	 21.93
1652	 55.00	 55.00	 55.00	 22.61	  4.52	 -1.98
1653	 60.00	168.00	  1.00	 41.75	-36.78	 42.38
1654	  5.00	  5.00	 18.00	  4.44	  5.72	 -4.04
1655	200.00	 18.00	 91.00	 46.66	 59.31	 24.30
1656	102.00	  0.00	153.00	 29.09	 51.85	-18.81
1657	230.00	230.00	 77.00	 83.35	-10.27	 63.48
1658	 73.00	 73.00	146.00	 37.35	 13.11	-26.81
1659	 36.00	109.00	 73.00	 29.92	-19.93	 -6.33
1660	230.00	 26.00	 26.00	 52.46	 59.00	 59.33
1661	 68.00	 55.00	  7.00	 24.99	  5.50	 23.87
1662	164.00	200.00	200.00	 73.80	 -9.71	 -6.42
1663	242.00	254.00	242.00	 93.18	 -3.93	  0.12
1664	128.00	230.00	128.00	 69.77	-37.99	 17.73
1665	180.00	180.00	180.00	 71.11	 -0.87	  2.01
1666	255.00	255.00	 36.00	 90.90	-10.64	 89.13
1667	200.00	 91.00	237.00	 62.42	 39.19	-23.99
1668	219.00	 36.00	219.00	 54.86	 65.45	-14.46
1669	 51.00	102.00	  0.00	 28.73	-16.38	 30.02
1670	219.00	 36.00	255.00	 54.78	 67.61	-25.80
1671	146.00	146.00	 73.00	 57.12	 -5.53	 31.58
1672	182.00	182.00	219.00	 73.88	  2.35	-12.13
1673	  0.00	  0.00	  0.00	  1.69	 -1.45	  0.36
1674	102.00	102.00	  0.00	 39.86	  0.47	 46.25
1675	255.00	 51.00	255.00	 61.08	 68.67	-19.67
1676	182.00	109.00	219.00	 63.11	 27.91	-19.61
1677	255.00	 36.00	219.00	 57.92	 70.87	 -5.46
1678	146.00	182.00	  0.00	 59.27	-13.33	 68.94
1679	255.00	153.00	255.00	 78.30	 31.26	-15.06
1680	109.00	109.00	182.00	 51.41	  9.84	-24.75
1681	  0.00	 73.00	182.00	 21.70	  8.91	-58.71
1682	 20.00	 55.00	 50.00	 15.93	 -5.72	 -8.02
1683	230.00	230.00	230.00	 86.29	 -0.27	  0.03
1684	255.00	204.00	102.00	 84.63	  5.20	 53.95
1685	 51.00	255.00	204.00	 64.14	-53.67	-24.93
1686	 30.00	 30.00	 30.00	 11.59	  5.83	 -2.07
1687	 72.00	 60.00	 60.00	 26.95	  7.24	  1.63
1688	182.00	219.00	  0.00	 72.46	-14.98	 85.44
1689	165.00	179.00	242.00	 70.24	  2.80	-25.18
1690	182.00	146.00	219.00	 70.13	 15.26	-16.01
1691	125.00	133.00	 66.00	 51.59	 -6.56	 26.84
1692	219.00	219.00	 36.00	 78.75	-10.64	 77.94
1693	 54.00	 42.00	 42.00	 19.68	  8.44	  1.28
1694	153.00	153.00	 51.00	 59.17	 -7.38	 44.18
1695	128.00	 18.00	200.00	 39.22	 54.55	-28.61
1696	140.00	179.00	140.00	 63.10	-14.25	  7.50
1697	219.00	109.00	 73.00	 64.77	 25.13	 45.21
1698	146.00	255.00	109.00	 73.97	-45.15	 31.22
1699	 36.00	219.00	109.00	 50.79	-63.92	 -4.05
1700	164.00	 91.00	200.00	 56.52	 29.09	-19.33
1701	237.00	237.00	 18.00	 84.43	 -9.03	 95.29
1702	  0.00	 36.00	 73.00	  8.89	  2.19	-25.10
1703	  0.00	253.00	187.00	 50.05	-60.46	-34.81
1704	 91.00	 18.00	200.00	 33.68	 49.11	-38.98
1705	146.00	 73.00	182.00	 50.27	 31.05	-18.32
1706	182.00	 73.00	  0.00	 51.08	 30.79	 64.98
1707	 32.00	 44.00	 32.00	 14.41	  0.81	  1.14
1708	 36.00	 73.00	219.00	 35.43	 20.78	-65.70
1709	191.00	191.00	191.00	 74.12	 -0.86	  1.25
1710	  0.00	182.00	182.00	 37.65	-37.40	-45.17
1711	179.00	230.00	128.00	 76.97	-23.41	 28.54
1712	146.00	224.00	165.00	 72.93	-26.23	  6.37
1713	204.00	204.00	  0.00	 73.91	 -4.80	 90.16
1714	146.00	219.00	109.00	 69.89	-30.68	 26.76
1715	128.00	 18.00	 18.00	 31.09	 37.04	 29.74
1716	102.00	117.00	122.00	 47.51	 -1.47	 -5.08
1717	162.00	 92.00	148.00	 54.39	 22.42	  0.02
1718	173.00	173.00	173.00	 68.63	 -0.24	  2.60
1719	 90.00	105.00	 76.00	 40.20	 -3.95	  7.38
1720	146.00	219.00	  0.00	 66.15	-26.75	 75.15
1721	195.00	246.00	225.00	 83.40	-14.96	 -4.58
1722	182.00	146.00	  0.00	 60.41	  6.33	 74.40
1723	 63.00	 51.00	 51.00	 23.30	  7.31	  1.19
1724	  0.00	 73.00	255.00	 26.55	 27.81	-81.83
1725	204.00	204.00	 51.00	 75.17	-10.44	 65.10
1726	105.00	 55.00	148.00	 39.84	 28.70	-20.45
1727	255.00	255.00	  0.00	 89.46	 -6.36	109.49
1728	  0.00	102.00	 51.00	 17.35	-34.12	 -6.59
1729	 73.00	109.00	255.00	 47.12	 16.30	-59.24
1730	 18.00	 91.00	164.00	 28.15	 -2.81	-47.39
1731	  0.00	109.00	146.00	 23.57	-15.36	-41.70
1732	 85.00	 85.00	 85.00	 35.51	  3.24	 -0.54
1733	109.00	255.00	 36.00	 65.50	-57.96	 55.89
1734	210.00	210.00	210.00	 79.59	 -0.65	 -0.42
1735	 85.00	148.00	 99.00	 49.72	-20.89	  4.01
1736	182.00	109.00	 73.00	 57.77	 16.30	 36.83
1737	  0.00	219.00	219.00	 47.69	-44.88	-52.27
1738	217.00	217.00	255.00	 82.14	  3.68	-16.04
1739	219.00	109.00	 36.00	 64.29	 24.61	 61.95
1740	184.00	121.00	139.00	 61.50	 15.93	 11.77
1741	164.00	164.00	 55.00	 62.64	 -8.07	 47.24
1742	132.00	172.00	198.00	 64.17	 -7.92	-16.44
1743	109.00	109.00	219.00	 54.21	 14.34	-37.78
1744	109.00	  0.00	109.00	 28.09	 49.10	 -5.49
1745	219.00	 36.00	 73.00	 52.82	 53.91	 38.37
1746	198.00	 52.00	245.00	 54.34	 56.88	-29.48
1747	100.00	136.00	116.00	 50.06	-10.49	 -0.71
1748	255.00	 73.00	182.00	 65.36	 54.62	  6.88
1749	115.00	111.00	 63.00	 46.69	 -1.38	 21.87
1750	 32.00	 75.00	 28.00	 21.83	-11.56	  7.78
1751	  0.00	204.00	 51.00	 34.23	-73.08	  6.65
1752	 55.00	 91.00	128.00	 35.09	 -1.20	-24.14
1753	 91.00	237.00	128.00	 65.01	-51.34	  9.23
1754	 55.00	 55.00	 91.00	 26.70	 10.14	-14.51
1755	164.00	164.00	164.00	 65.15	 -0.21	  2.62
1756	109.00	109.00	146.00	 48.48	  5.49	-12.57
1757	156.00	133.00	232.00	 63.49	 15.13	-28.29
1758	153.00	255.00	204.00	 79.43	-30.50	 -3.30
1759	 91.00	200.00	200.00	 62.86	-26.85	-21.66
1760	 18.00	 55.00	164.00	 23.82	 14.62	-51.90
1761	131.00	  3.00	 10.00	 28.77	 43.22	 27.85
1762	255.00	109.00	182.00	 71.35	 40.09	  9.81
1763	  0.00	  0.00	 73.00	  9.03	 20.33	-24.30
1764	242.00	127.00	207.00	 73.20	 31.77	  0.32
1765	 55.00	128.00	164.00	 43.06	-11.52	-32.21
1766	100.00	100.00	100.00	 41.38	  2.33	  0.20
1767	200.00	164.00	 18.00	 67.56	  3.00	 74.20
1768	146.00	 73.00	  0.00	 44.14	 20.88	 53.24
1769	  0.00	  0.00	204.00	 18.13	 49.37	-64.86
1770	 91.00	237.00	 91.00	 63.57	-56.32	 23.10
1771	 91.00	 91.00	164.00	 45.14	 11.42	-26.01
1772	 51.00	255.00	 51.00	 55.55	-74.57	 33.13
1773	215.00	215.00	227.00	 81.73	  0.71	 -5.06
1774	 60.00	 72.00	 60.00	 26.56	 -0.94	 -0.17
1775	 18.00	 91.00	 91.00	 23.01	-15.00	-21.10
1776	 36.00	109.00	146.00	 34.08	-10.18	-35.59
1777	 55.00	128.00	200.00	 46.23	 -5.29	-44.73
1778	 89.00	143.00	132.00	 51.10	-14.95	 -7.24
1779	128.00	164.00	128.00	 58.39	-12.98	  7.22
1780	102.00	204.00	255.00	 67.47	-16.66	-38.07
1781	255.00	255.00	204.00	 93.42	 -5.67	 18.37
1782	 55.00	 55.00	200.00	 34.75	 28.15	-53.53
1783	109.00	219.00	255.00	 70.22	-20.92	-35.35
1784	255.00	  0.00	255.00	 51.66	 80.65	 -8.14
1785	 91.00	 55.00	 18.00	 30.23	 12.08	 25.48
1786	 26.00	230.00	 26.00	 48.11	-73.31	 31.72
1787	130.00	130.00	130.00	 53.01	  0.34	  2.00
1788	  0.00	  0.00	255.00	 28.28	 59.99	-71.06
1789	 55.00	164.00	200.00	 51.62	-21.86	-39.59
1790	 64.00	 64.00	 64.00	 26.97	  4.20	 -1.82
1791	 26.00	179.00	179.00	 44.87	-37.56	-39.41
1792	 91.00	 55.00	 55.00	 30.48	 14.40	  7.80
1793	102.00	153.00	153.00	 55.20	-13.90	 -9.18
1794	164.00	237.00	128.00	 75.53	-30.26	 26.18
1795	128.00	 91.00	164.00	 50.59	 18.31	-15.56
1796	114.00	126.00	114.00	 49.48	 -3.21	  2.86
1797	 40.00	 40.00	 40.00	 15.59	  6.01	 -1.99
1798	 58.00	 37.00	195.00	 31.99	 36.74	-50.74
1799	 35.00	 23.00	 23.00	 11.75	 10.25	  1.37
1800	164.00	 55.00	164.00	 49.05	 41.24	 -8.14
1801	109.00	 36.00	255.00	 40.52	 52.59	-52.23
1802	 73.00	 36.00	255.00	 36.11	 49.60	-62.14
1803	102.00	153.00	 51.00	 50.84	-21.40	 29.95
1804	250.00	250.00	250.00	 93.65	 -0.89	 -2.06
1805	  0.00	  0.00	255.00	 28.51	 60.19	-71.22
1806	153.00	255.00	255.00	 81.00	-21.90	-21.81
1807	 18.00	237.00	128.00	 47.83	-69.81	-13.67
1808	204.00	102.00	 51.00	 60.26	 23.86	 50.93
1809	 55.00	 18.00	164.00	 26.67	 38.90	-38.53
1810	128.00	128.00	 18.00	 49.99	 -4.56	 49.25
1811	 11.00	  8.00	233.00	 23.44	 52.76	-70.00
1812	164.00	164.00	128.00	 64.24	 -4.49	 16.70
1813	128.00	128.00	 26.00	 50.23	 -4.66	 45.03
1814	 90.00	212.00	 66.00	 58.19	-47.43	 29.06
1815	141.00	 79.00	205.00	 52.29	 30.29	-27.94
1816	219.00	 36.00	182.00	 53.29	 61.74	 -2.16
1817	154.00	115.00	115.00	 54.40	  9.47	 12.00
1818	  3.00	  0.00	  0.00	  1.95	  0.33	  1.04
1819	115.00	  1.00	189.00	 32.96	 56.91	-25.24
1820	  0.00	250.00	  0.00	 49.10	-81.70	 37.76
1821	 57.00	 53.00	 55.00	 23.06	  5.45	 -1.79
1822	111.00	112.00	116.00	 46.78	  1.77	 -0.86
1823	120.00	 54.00	  0.00	 35.43	 21.23	 41.75
1824	 53.00	 48.00	  0.00	 20.52	  3.24	 20.86
1825	110.00	100.00	 50.00	 44.24	  0.02	 24.28
1826	  3.00	114.00	 97.00	 21.93	-27.49	-23.64
1827	 79.00	 99.00	  0.00	 33.59	 -5.21	 37.68
END_DATA
