CGATS.17
NUMBER_OF_FIELDS 7
BEGIN_DATA_FORMAT
SAMPLE_ID RGB_R RGB_G RGB_B LAB_L LAB_A LAB_B
END_DATA_FORMAT
NUMBER_OF_SETS 1827
BEGIN_DATA
1	207.00	111.00	  0.00	 61.24	 25.39	 77.68
2	  3.00	114.00	 97.00	 21.91	-27.54	-23.54
3	110.00	100.00	 52.00	 44.23	  0.11	 23.49
4	 53.00	 48.00	  0.00	 20.46	  3.19	 20.90
5	120.00	 54.00	  0.00	 35.41	 21.26	 41.72
6	111.00	112.00	116.00	 46.76	  1.79	 -0.87
7	 57.00	 53.00	 55.00	 22.99	  5.43	 -1.86
8	  0.00	194.00	  1.00	 37.46	-70.57	 28.68
9	115.00	  1.00	189.00	 32.90	 56.92	-25.25
10	  3.00	  0.00	  0.00	  2.01	  0.34	  1.09
11	204.00	102.00	  0.00	 59.82	 27.67	 76.23
12	200.00	 91.00	 18.00	 57.01	 27.44	 63.92
13	143.00	 89.00	128.00	 49.31	 18.33	  1.12
14	 13.00	 71.00	 74.00	 17.38	-11.57	-18.21
15	102.00	  0.00	204.00	 32.39	 57.60	-33.37
16	 18.00	128.00	237.00	 39.42	 -3.63	-68.06
17	107.00	101.00	 43.00	 43.41	 -0.99	 26.37
18	255.00	146.00	  0.00	 75.82	 24.67	 95.67
19	136.00	124.00	124.00	 52.93	  2.70	  5.04
20	237.00	164.00	164.00	 76.81	 15.41	 19.82
21	182.00	146.00	182.00	 66.78	 10.69	 -1.66
22	253.00	 91.00	 91.00	 67.81	 41.30	 44.37
23	 55.00	237.00	237.00	 65.26	-41.73	-36.21
24	230.00	194.00	160.00	 79.94	  4.27	 23.39
25	176.00	176.00	182.00	 70.06	  0.06	 -0.10
26	124.00	153.00	105.00	 55.86	-11.61	 12.87
27	255.00	153.00	255.00	 78.78	 31.05	-14.98
28	108.00	 96.00	 96.00	 42.33	  5.61	  3.49
29	 26.00	128.00	 77.00	 31.43	-31.73	 -8.70
30	182.00	 73.00	255.00	 56.40	 46.68	-35.92
31	 35.00	 52.00	 51.00	 18.33	  0.75	 -5.58
32	102.00	102.00	  0.00	 39.67	 -0.10	 46.03
33	197.00	195.00	134.00	 74.63	 -6.39	 26.38
34	128.00	230.00	128.00	 69.90	-38.13	 17.32
35	230.00	179.00	128.00	 77.07	  7.17	 34.35
36	 55.00	 91.00	 18.00	 29.01	-10.01	 21.28
37	154.00	142.00	142.00	 59.19	  2.78	  5.22
38	200.00	 18.00	128.00	 46.95	 61.24	 12.02
39	 36.00	  0.00	 73.00	 14.65	 29.24	-14.14
40	 17.00	 11.00	 34.00	  7.91	 11.63	 -7.25
41	200.00	 18.00	237.00	 49.14	 68.99	-21.56
42	168.00	144.00	104.00	 61.22	  1.14	 24.71
43	160.00	160.00	160.00	 63.79	 -0.51	  2.80
44	 95.00	 95.00	 95.00	 39.66	  2.54	 -0.33
45	164.00	164.00	 91.00	 63.62	 -6.37	 32.55
46	255.00	 36.00	  0.00	 58.75	 63.94	 79.67
47	 77.00	 38.00	 38.00	 23.88	 16.50	  8.11
48	 36.00	219.00	255.00	 59.64	-38.24	-51.05
49	164.00	 55.00	164.00	 48.78	 40.93	 -7.97
50	 45.00	 45.00	 45.00	 18.28	  5.32	 -1.60
51	128.00	128.00	230.00	 59.19	 12.48	-34.82
52	 95.00	229.00	 47.00	 60.51	-52.95	 42.77
53	134.00	 79.00	141.00	 47.86	 22.86	 -6.62
54	196.00	 10.00	232.00	 46.52	 70.23	-19.13
55	 73.00	146.00	182.00	 50.87	-12.17	-29.06
56	 50.00	 50.00	 50.00	 20.64	  4.49	 -2.19
57	255.00	182.00	  0.00	 80.00	 14.53	100.34
58	175.00	175.00	175.00	 69.25	 -1.05	  2.22
59	146.00	109.00	219.00	 58.76	 20.95	-28.47
60	164.00	 18.00	164.00	 41.86	 56.45	 -8.58
61	 45.00	133.00	106.00	 38.76	-25.07	-14.80
62	219.00	 36.00	219.00	 54.48	 65.52	-14.74
63	182.00	146.00	146.00	 65.15	  7.22	 11.65
64	213.00	140.00	203.00	 71.93	 21.04	 -3.43
65	 51.00	 51.00	 63.00	 22.69	  6.33	 -6.38
66	200.00	 55.00	 55.00	 51.94	 41.02	 42.00
67	118.00	141.00	195.00	 57.86	  0.96	-23.18
68	182.00	  0.00	109.00	 40.60	 64.15	 13.29
69	255.00	  0.00	 73.00	 50.49	 77.06	 43.77
70	 51.00	197.00	 45.00	 48.43	-55.02	 24.53
71	119.00	 92.00	163.00	 49.73	 16.15	-17.39
72	  0.00	 73.00	146.00	 18.64	  0.60	-47.27
73	 18.00	164.00	 18.00	 33.93	-52.54	 21.74
74	182.00	219.00	 73.00	 74.19	-22.97	 51.25
75	255.00	  0.00	255.00	 51.73	 80.73	 -7.89
76	182.00	255.00	 73.00	 78.58	-34.95	 55.95
77	162.00	 26.00	 80.00	 41.45	 46.85	 17.97
78	119.00	114.00	 87.00	 47.38	  0.39	 13.50
79	192.00	155.00	184.00	 70.17	  9.74	  0.61
80	146.00	 36.00	182.00	 43.70	 49.17	-20.24
81	 72.00	  8.00	 16.00	 17.11	 26.03	 12.54
82	 91.00	 84.00	145.00	 41.45	 12.14	-20.11
83	109.00	  0.00	 73.00	 26.64	 45.72	  3.42
84	191.00	230.00	191.00	 80.21	-13.76	  6.01
85	146.00	182.00	109.00	 63.73	-16.60	 21.79
86	 73.00	 36.00	109.00	 28.06	 25.53	-17.40
87	109.00	109.00	 73.00	 45.30	 -1.63	 15.22
88	200.00	164.00	128.00	 71.14	  3.77	 25.50
89	255.00	  0.00	102.00	 50.20	 77.37	 36.16
90	200.00	164.00	164.00	 72.00	  6.88	 11.22
91	109.00	109.00	219.00	 53.96	 14.27	-37.52
92	 51.00	204.00	153.00	 54.16	-45.57	-17.96
93	 13.00	 52.00	 13.00	 13.28	-12.13	  6.63
94	  5.00	211.00	123.00	 39.18	-61.67	-20.27
95	 91.00	 55.00	164.00	 39.18	 28.22	-29.53
96	164.00	 18.00	 55.00	 40.06	 49.03	 25.56
97	246.00	174.00	 18.00	 77.19	 11.53	 87.88
98	109.00	 73.00	182.00	 46.25	 25.09	-28.86
99	204.00	204.00	204.00	 77.85	 -1.27	  0.32
100	123.00	124.00	176.00	 54.66	  6.08	-16.97
101	 36.00	182.00	146.00	 46.85	-43.16	-23.95
102	 36.00	182.00	255.00	 50.69	-22.76	-60.40
103	  0.00	  0.00	109.00	 11.40	 29.01	-35.65
104	 73.00	182.00	182.00	 55.87	-26.93	-24.01
105	164.00	200.00	237.00	 73.17	 -5.84	-21.22
106	128.00	164.00	128.00	 58.43	-12.80	  7.48
107	153.00	204.00	  0.00	 65.49	-19.78	 75.29
108	102.00	153.00	  0.00	 46.25	-17.77	 52.09
109	 51.00	  0.00	153.00	 21.62	 44.22	-32.82
110	109.00	 36.00	146.00	 37.16	 38.31	-18.99
111	128.00	 89.00	 89.00	 45.94	 11.02	 10.92
112	  0.00	  0.00	182.00	 16.58	 44.47	-58.34
113	 77.00	179.00	179.00	 56.15	-25.80	-21.37
114	235.00	177.00	211.00	 79.18	 14.14	  2.22
115	182.00	  0.00	182.00	 40.85	 67.68	 -6.52
116	251.00	 35.00	 66.00	 58.85	 61.12	 49.49
117	109.00	182.00	109.00	 58.87	-26.94	 12.66
118	230.00	230.00	 26.00	 82.51	 -9.58	 87.54
119	200.00	 18.00	 18.00	 46.53	 55.66	 50.69
120	138.00	152.00	 64.00	 56.59	-10.30	 33.57
121	  0.00	 51.00	102.00	 12.73	  1.65	-34.50
122	102.00	204.00	  0.00	 56.16	-35.84	 61.03
123	146.00	  0.00	  0.00	 31.44	 47.72	 34.27
124	 93.00	 89.00	241.00	 47.97	 24.44	-50.71
125	146.00	 73.00	255.00	 51.03	 42.17	-44.07
126	237.00	226.00	179.00	 85.41	 -3.09	 21.63
127	 91.00	200.00	128.00	 59.46	-36.87	  2.93
128	 18.00	 91.00	 55.00	 21.49	-21.92	 -5.98
129	128.00	230.00	 26.00	 65.38	-41.06	 61.13
130	 36.00	219.00	109.00	 50.70	-63.97	 -4.33
131	109.00	 73.00	 73.00	 38.50	 12.17	  8.73
132	204.00	102.00	204.00	 65.31	 31.86	 -9.42
133	255.00	 73.00	  0.00	 64.65	 49.52	 86.05
134	103.00	 38.00	123.00	 34.82	 32.80	-13.52
135	128.00	 91.00	 18.00	 43.41	  8.67	 42.59
136	109.00	182.00	 36.00	 56.19	-31.16	 44.29
137	 36.00	 53.00	  9.00	 17.94	 -2.87	 14.89
138	 73.00	109.00	219.00	 48.51	  9.21	-46.07
139	 56.00	104.00	 58.00	 32.74	-12.66	  5.00
140	 73.00	182.00	  0.00	 46.94	-36.47	 48.90
141	128.00	128.00	 18.00	 49.23	 -4.40	 49.30
142	 30.00	 30.00	 30.00	 11.63	  5.77	 -2.06
143	  0.00	165.00	 33.00	 28.72	-59.98	  9.43
144	  0.00	 51.00	  0.00	 13.77	-19.44	  8.59
145	230.00	230.00	230.00	 86.32	 -0.22	 -0.04
146	 95.00	110.00	 83.00	 42.35	 -3.93	  6.50
147	255.00	102.00	  0.00	 68.69	 40.37	 89.78
148	124.00	136.00	124.00	 52.86	 -3.41	  3.87
149	  0.00	204.00	255.00	 46.36	-29.65	-65.76
150	  9.00	  9.00	  9.00	  4.96	  3.19	 -0.04
151	 55.00	200.00	164.00	 54.69	-41.55	-21.21
152	179.00	 26.00	128.00	 44.61	 53.43	  6.93
153	 73.00	  0.00	 36.00	 17.37	 32.58	  4.66
154	179.00	 26.00	230.00	 48.09	 63.23	-25.76
155	219.00	255.00	  0.00	 84.00	-15.93	 99.68
156	255.00	153.00	204.00	 78.04	 26.52	  5.44
157	204.00	255.00	255.00	 88.08	-11.03	-11.89
158	 77.00	 26.00	179.00	 32.05	 41.72	-38.68
159	 97.00	 88.00	 50.00	 38.54	  1.85	 17.62
160	217.00	115.00	 60.00	 64.89	 22.13	 51.49
161	128.00	179.00	 77.00	 59.25	-23.35	 29.33
162	159.00	153.00	163.00	 63.35	  2.24	  0.67
163	219.00	 73.00	  0.00	 58.82	 39.93	 75.93
164	128.00	 55.00	200.00	 46.03	 39.08	-31.39
165	148.00	109.00	129.00	 53.62	 12.00	  4.58
166	255.00	  0.00	255.00	 51.93	 80.83	 -7.77
167	158.00	 68.00	240.00	 52.35	 42.72	-36.34
168	 91.00	164.00	164.00	 55.18	-19.28	-14.25
169	  0.00	  0.00	255.00	 28.62	 60.27	-70.91
170	 30.00	 27.00	  0.00	 11.86	  2.54	 11.55
171	 91.00	237.00	 18.00	 59.52	-53.33	 56.46
172	190.00	190.00	190.00	 73.29	 -0.91	  0.96
173	182.00	182.00	 73.00	 68.63	 -8.93	 46.41
174	 78.00	 90.00	 78.00	 34.54	 -0.88	  0.53
175	128.00	164.00	 55.00	 56.74	-18.34	 37.85
176	  0.00	204.00	153.00	 37.41	-52.03	-31.66
177	 73.00	 36.00	182.00	 33.00	 37.04	-41.85
178	255.00	 36.00	 73.00	 59.06	 62.15	 47.60
179	142.00	142.00	154.00	 58.61	  1.28	 -2.63
180	 55.00	200.00	237.00	 58.13	-31.31	-46.88
181	255.00	255.00	255.00	 94.66	 -1.21	 -2.17
182	 91.00	 91.00	 55.00	 38.39	  0.18	 14.02
183	255.00	 51.00	153.00	 61.31	 60.24	 17.74
184	  0.00	255.00	  0.00	 50.29	-82.30	 38.48
185	237.00	 18.00	200.00	 52.41	 71.78	 -2.20
186	 18.00	128.00	200.00	 36.85	-11.88	-55.77
187	182.00	255.00	146.00	 80.89	-30.34	 25.45
188	111.00	 78.00	 46.00	 39.89	  8.89	 21.94
189	 73.00	 73.00	109.00	 34.98	  8.88	-14.09
190	109.00	 73.00	219.00	 48.72	 29.23	-41.48
191	204.00	204.00	  0.00	 73.78	 -4.77	 90.17
192	133.00	133.00	145.00	 55.22	  1.30	 -2.73
193	129.00	252.00	135.00	 72.34	-45.41	 17.36
194	161.00	112.00	108.00	 55.55	 11.29	 16.29
195	153.00	255.00	153.00	 76.88	-38.11	 15.28
196	 86.00	127.00	 94.00	 45.68	-11.84	  1.82
197	 23.00	 23.00	 35.00	  9.77	  8.12	 -5.95
198	182.00	109.00	 73.00	 57.20	 15.86	 36.25
199	109.00	  0.00	146.00	 29.69	 52.89	-15.16
200	182.00	201.00	229.00	 75.87	 -3.26	-14.35
201	 56.00	 50.00	198.00	 33.70	 30.45	-51.96
202	182.00	 73.00	109.00	 52.59	 31.89	 17.92
203	 77.00	 77.00	128.00	 37.25	  9.83	-19.50
204	 77.00	 77.00	 77.00	 32.25	  3.11	 -1.15
205	 18.00	 55.00	200.00	 26.75	 23.62	-64.40
206	164.00	 18.00	200.00	 43.43	 59.38	-18.69
207	 98.00	 31.00	102.00	 30.54	 32.33	 -7.60
208	145.00	133.00	133.00	 55.85	  2.88	  5.04
209	  0.00	  5.00	 64.00	  7.71	 16.22	-21.98
210	 82.00	  5.00	151.00	 27.08	 46.61	-24.36
211	146.00	 73.00	 36.00	 44.27	 19.36	 35.72
212	255.00	102.00	204.00	 71.26	 43.51	  0.30
213	 18.00	164.00	200.00	 42.59	-28.27	-49.77
214	179.00	179.00	230.00	 73.03	  3.90	-17.45
215	251.00	171.00	 93.00	 78.78	 14.15	 51.79
216	102.00	102.00	153.00	 46.72	  7.49	-17.45
217	 32.00	 44.00	 32.00	 14.37	  0.69	  0.99
218	 91.00	 18.00	128.00	 29.90	 39.50	-17.50
219	216.00	 46.00	 73.00	 53.96	 48.51	 38.33
220	 36.00	 36.00	 73.00	 18.13	 11.88	-15.42
221	204.00	153.00	102.00	 69.31	  7.70	 36.67
222	237.00	 55.00	164.00	 60.97	 53.31	  9.89
223	229.00	223.00	239.00	 85.66	  2.50	 -5.79
224	255.00	146.00	146.00	 77.06	 24.54	 29.42
225	237.00	237.00	128.00	 86.43	 -8.86	 45.67
226	 55.00	164.00	128.00	 47.67	-34.61	-12.91
227	219.00	109.00	146.00	 66.14	 29.05	 16.54
228	 36.00	  0.00	  0.00	  7.56	 16.15	  7.40
229	154.00	115.00	115.00	 54.41	  9.24	 11.85
230	146.00	146.00	 36.00	 56.05	 -7.18	 48.16
231	153.00	 51.00	153.00	 46.13	 39.83	 -8.51
232	200.00	200.00	128.00	 76.15	 -7.39	 30.79
233	 55.00	 91.00	 55.00	 29.69	 -8.61	  3.52
234	 18.00	 18.00	 91.00	 14.70	 20.06	-26.77
235	 73.00	219.00	 36.00	 55.12	-55.07	 39.53
236	204.00	153.00	255.00	 72.55	 21.12	-24.63
237	128.00	200.00	 18.00	 60.94	-29.82	 60.93
238	 12.00	 39.00	250.00	 26.43	 44.04	-78.22
239	153.00	169.00	123.00	 63.48	 -8.96	 16.68
240	 55.00	128.00	237.00	 47.57	  2.06	-55.90
241	110.00	110.00	110.00	 45.53	  1.23	  0.97
242	128.00	128.00	237.00	 59.41	 13.12	-36.90
243	237.00	 55.00	128.00	 60.42	 50.90	 23.97
244	153.00	153.00	255.00	 65.04	 11.25	-35.01
245	  0.00	153.00	 51.00	 26.48	-53.52	 -0.43
246	125.00	  0.00	151.00	 32.99	 56.35	-12.09
247	106.00	137.00	182.00	 54.97	 -1.99	-21.62
248	200.00	 91.00	128.00	 59.49	 29.72	 17.13
249	237.00	 18.00	237.00	 52.44	 74.21	-13.81
250	139.00	182.00	108.00	 62.53	-18.92	 20.53
251	179.00	 26.00	 26.00	 43.32	 48.18	 43.64
252	114.00	126.00	114.00	 49.33	 -3.01	  2.60
253	146.00	 36.00	219.00	 45.94	 51.87	-31.51
254	 73.00	 73.00	146.00	 37.55	 13.33	-26.91
255	109.00	255.00	 36.00	 64.95	-57.73	 55.44
256	219.00	255.00	219.00	 88.93	-12.08	  4.67
257	 51.00	102.00	 51.00	 31.10	-13.62	  6.35
258	219.00	219.00	  0.00	 78.29	 -4.95	 96.00
259	  0.00	219.00	182.00	 43.52	-51.87	-40.35
260	 64.00	 64.00	103.00	 31.28	 10.11	-15.35
261	 77.00	128.00	230.00	 51.51	  4.29	-46.20
262	 18.00	 55.00	 91.00	 18.08	  0.48	-25.47
263	 73.00	219.00	146.00	 59.98	-46.25	 -5.00
264	 18.00	200.00	128.00	 42.55	-55.67	-20.77
265	219.00	219.00	182.00	 81.99	 -4.32	 15.16
266	132.00	168.00	191.00	 62.97	 -6.89	-14.08
267	 88.00	119.00	227.00	 52.12	  8.80	-43.00
268	109.00	219.00	 73.00	 62.56	-44.19	 32.17
269	200.00	164.00	200.00	 72.50	 10.08	 -2.88
270	 73.00	  0.00	 73.00	 20.53	 38.23	 -4.36
271	 22.00	 65.00	133.00	 23.50	  5.50	-39.12
272	 51.00	  0.00	204.00	 25.01	 51.84	-47.58
273	 55.00	128.00	164.00	 42.98	-11.68	-32.41
274	 77.00	128.00	128.00	 46.50	-11.64	-12.56
275	179.00	 77.00	128.00	 53.60	 30.54	 10.23
276	 84.00	  2.00	 60.00	 21.29	 38.18	  1.16
277	 73.00	219.00	109.00	 57.94	-51.12	  8.60
278	160.00	235.00	211.00	 77.33	-20.84	 -7.68
279	 35.00	 35.00	 35.00	 13.09	  6.30	 -2.05
280	 72.00	 60.00	 60.00	 27.04	  7.55	  1.37
281	  0.00	  0.00	 51.00	  7.82	 16.29	-17.21
282	204.00	  0.00	 51.00	 44.32	 65.89	 34.14
283	 73.00	146.00	 36.00	 42.70	-26.40	 25.97
284	 52.00	 13.00	 13.00	 13.53	 17.51	  8.79
285	190.00	178.00	178.00	 72.00	  1.50	  4.42
286	 36.00	 36.00	219.00	 30.27	 40.84	-66.91
287	 68.00	 83.00	 98.00	 34.38	  2.46	 -9.99
288	102.00	 51.00	  0.00	 30.74	 17.88	 35.47
289	 77.00	179.00	230.00	 59.13	-16.23	-39.01
290	 73.00	109.00	146.00	 43.17	 -2.50	-22.18
291	  0.00	204.00	204.00	 43.27	-40.90	-50.51
292	109.00	109.00	 36.00	 43.94	 -3.45	 31.45
293	217.00	205.00	205.00	 79.98	  1.33	  2.41
294	 36.00	255.00	  0.00	 54.08	-71.12	 51.14
295	109.00	219.00	 36.00	 60.69	-44.04	 49.66
296	 55.00	 91.00	128.00	 35.37	 -1.18	-24.16
297	255.00	255.00	146.00	 92.91	 -8.71	 40.90
298	 91.00	200.00	 91.00	 58.10	-40.61	 17.27
299	255.00	255.00	255.00	 94.81	 -1.37	 -1.70
300	237.00	 91.00	 55.00	 65.15	 35.44	 55.95
301	  0.00	102.00	204.00	 26.69	  1.39	-62.38
302	219.00	182.00	109.00	 75.94	  2.44	 41.35
303	219.00	 36.00	146.00	 53.53	 57.79	 11.78
304	  9.00	150.00	 72.00	 29.44	-46.82	 -6.72
305	  0.00	 36.00	255.00	 23.80	 45.53	-81.74
306	  0.00	  8.00	  0.00	  3.84	 -3.26	  1.93
307	 26.00	 26.00	230.00	 28.72	 46.10	-69.71
308	 55.00	 55.00	237.00	 37.02	 36.12	-65.36
309	102.00	153.00	102.00	 53.10	-18.36	  8.44
310	 18.00	 18.00	128.00	 17.09	 27.66	-38.55
311	146.00	219.00	 73.00	 68.36	-32.63	 41.15
312	 73.00	 36.00	255.00	 35.81	 49.22	-61.82
313	179.00	 26.00	 77.00	 44.16	 50.49	 23.81
314	153.00	153.00	  0.00	 56.40	 -2.74	 67.17
315	255.00	153.00	102.00	 77.58	 20.46	 47.32
316	255.00	255.00	 36.00	 90.70	-10.61	 89.37
317	 36.00	146.00	182.00	 42.67	-20.72	-43.41
318	237.00	164.00	200.00	 77.10	 17.58	  5.69
319	 36.00	255.00	 36.00	 52.20	-78.83	 36.23
320	109.00	109.00	109.00	 44.92	  1.83	  0.59
321	146.00	 36.00	  0.00	 37.33	 34.23	 46.33
322	  0.00	219.00	255.00	 49.80	-35.57	-63.30
323	203.00	185.00	183.00	 74.75	  2.80	  6.08
324	125.00	 58.00	102.00	 40.78	 25.34	  1.64
325	  5.00	  5.00	  5.00	  3.58	  1.39	  0.66
326	219.00	  0.00	 36.00	 46.62	 68.69	 44.21
327	255.00	109.00	219.00	 72.47	 42.00	 -5.20
328	 55.00	164.00	164.00	 49.51	-28.13	-26.15
329	201.00	 75.00	241.00	 59.86	 45.71	-26.05
330	151.00	133.00	234.00	 63.29	 14.67	-29.98
331	 91.00	237.00	237.00	 70.11	-33.44	-27.88
332	146.00	146.00	  0.00	 53.97	 -2.35	 64.21
333	 35.00	 23.00	 23.00	 11.34	 10.29	  1.34
334	  0.00	153.00	204.00	 34.50	-19.02	-57.50
335	196.00	208.00	196.00	 77.55	 -5.31	  2.39
336	 55.00	200.00	200.00	 56.09	-37.44	-33.37
337	174.00	139.00	 26.00	 60.42	  3.72	 60.46
338	237.00	 91.00	237.00	 67.83	 46.05	-15.24
339	 81.00	 85.00	131.00	 38.96	  7.94	-17.80
340	 55.00	 18.00	 18.00	 15.56	 16.67	  8.49
341	128.00	 18.00	128.00	 35.18	 46.63	 -7.23
342	160.00	160.00	172.00	 64.80	  0.85	 -1.59
343	219.00	146.00	146.00	 71.79	 16.25	 21.28
344	146.00	219.00	  0.00	 66.43	-26.79	 74.84
345	182.00	146.00	219.00	 69.84	 15.44	-16.21
346	219.00	 73.00	182.00	 61.50	 45.10	  0.42
347	255.00	182.00	182.00	 82.22	 15.57	 17.37
348	182.00	182.00	255.00	 72.60	  6.93	-26.96
349	 91.00	164.00	237.00	 59.59	 -7.19	-39.77
350	237.00	 91.00	200.00	 66.64	 42.87	 -1.57
351	 51.00	 63.00	 51.00	 22.67	 -0.39	 -0.10
352	 60.00	 85.00	131.00	 35.95	  3.05	-24.21
353	198.00	158.00	218.00	 73.38	 13.26	-11.03
354	219.00	 36.00	255.00	 54.59	 67.30	-25.39
355	  0.00	146.00	255.00	 36.77	 -4.83	-73.52
356	255.00	109.00	 36.00	 70.71	 34.07	 72.07
357	219.00	182.00	255.00	 77.80	 14.12	-19.32
358	 36.00	 36.00	255.00	 31.23	 48.25	-72.16
359	 26.00	230.00	230.00	 58.36	-46.10	-44.54
360	255.00	204.00	102.00	 84.61	  5.01	 53.86
361	182.00	109.00	255.00	 62.76	 33.06	-32.76
362	128.00	237.00	 91.00	 69.42	-44.82	 32.57
363	254.00	144.00	225.00	 76.76	 31.90	 -4.22
364	219.00	 73.00	 36.00	 58.82	 38.17	 58.01
365	 18.00	164.00	 91.00	 35.67	-48.48	-10.12
366	206.00	192.00	166.00	 76.27	 -0.34	 15.01
367	167.00	 57.00	190.00	 50.58	 43.77	-17.32
368	 75.00	 75.00	 75.00	 31.51	  3.49	 -1.15
369	 51.00	255.00	102.00	 56.12	-74.45	 10.89
370	182.00	 36.00	182.00	 48.14	 54.94	-10.43
371	128.00	 18.00	164.00	 37.11	 50.99	-17.96
372	164.00	 55.00	 91.00	 46.79	 34.77	 17.01
373	230.00	191.00	191.00	 79.25	  7.72	  9.79
374	171.00	255.00	 61.00	 76.71	-38.92	 58.47
375	 51.00	204.00	255.00	 59.45	-29.39	-50.30
376	200.00	237.00	200.00	 82.37	-12.72	  4.88
377	200.00	200.00	 55.00	 73.98	-10.76	 61.96
378	227.00	154.00	123.00	 73.56	 13.60	 32.80
379	179.00	179.00	 26.00	 65.91	 -8.49	 67.23
380	146.00	146.00	255.00	 63.66	 12.72	-37.33
381	  0.00	 73.00	 36.00	 13.36	-25.08	 -4.86
382	109.00	109.00	  0.00	 42.38	 -0.39	 48.33
383	 91.00	 91.00	237.00	 48.37	 22.51	-49.52
384	164.00	 55.00	128.00	 47.40	 36.61	  3.88
385	164.00	164.00	 18.00	 61.14	 -6.76	 66.01
386	219.00	146.00	182.00	 72.14	 18.37	  7.16
387	200.00	237.00	 55.00	 78.86	-23.20	 65.04
388	230.00	230.00	230.00	 86.68	 -0.31	 -0.47
389	255.00	  0.00	  0.00	 51.47	 77.34	 69.05
390	  0.00	 36.00	 73.00	  8.82	  2.02	-25.13
391	 51.00	255.00	255.00	 67.87	-43.24	-41.23
392	 55.00	 91.00	237.00	 43.23	 17.93	-60.61
393	146.00	255.00	219.00	 78.99	-29.85	 -9.59
394	255.00	146.00	182.00	 77.22	 26.44	 14.25
395	102.00	153.00	153.00	 55.28	-13.72	 -9.19
396	238.00	203.00	135.00	 81.68	  1.69	 36.28
397	 36.00	  0.00	146.00	 19.17	 41.38	-35.19
398	219.00	182.00	182.00	 76.85	  7.12	  9.82
399	227.00	138.00	 19.00	 69.05	 18.00	 77.66
400	 36.00	182.00	 73.00	 43.81	-53.52	  4.69
401	  0.00	  0.00	  0.00	  1.65	 -1.65	  0.80
402	109.00	 36.00	255.00	 40.44	 52.68	-52.21
403	109.00	146.00	109.00	 52.78	-12.56	  5.70
404	102.00	204.00	102.00	 60.47	-38.11	 16.17
405	219.00	 36.00	109.00	 53.01	 55.59	 24.73
406	200.00	 91.00	 55.00	 58.09	 26.74	 46.01
407	146.00	146.00	109.00	 58.04	 -3.31	 17.34
408	 91.00	237.00	128.00	 65.36	-51.32	  9.08
409	102.00	 51.00	204.00	 42.53	 37.32	-39.78
410	 73.00	182.00	255.00	 59.17	-13.55	-48.14
411	146.00	182.00	255.00	 68.75	 -0.16	-33.52
412	  1.00	 15.00	 12.00	  4.68	 -3.27	 -2.47
413	198.00	143.00	139.00	 67.72	 11.35	 18.91
414	  0.00	182.00	109.00	 31.57	-52.51	-18.95
415	178.00	178.00	190.00	 71.06	  0.57	 -2.14
416	 89.00	229.00	120.00	 63.19	-49.72	 10.62
417	 86.00	197.00	 26.00	 53.59	-42.04	 45.38
418	 55.00	200.00	 55.00	 50.61	-55.09	 21.92
419	 66.00	 36.00	 21.00	 21.20	 13.09	 12.81
420	255.00	  0.00	109.00	 50.27	 77.69	 33.77
421	  5.00	  5.00	 17.00	  4.27	  4.91	 -3.72
422	219.00	  0.00	255.00	 48.31	 76.92	-16.19
423	  0.00	 36.00	146.00	 15.19	 18.30	-50.67
424	128.00	128.00	128.00	 52.39	  0.63	  2.06
425	 73.00	  0.00	109.00	 22.57	 42.40	-14.00
426	 32.00	  5.00	 23.00	  8.90	 16.81	 -0.21
427	 91.00	 55.00	200.00	 41.07	 33.00	-41.98
428	230.00	 77.00	179.00	 63.40	 44.39	  4.14
429	109.00	 36.00	  0.00	 29.99	 25.32	 35.77
430	180.00	168.00	207.00	 70.84	  5.51	 -9.95
431	 86.00	 63.00	 20.00	 30.63	  7.57	 24.00
432	146.00	 73.00	219.00	 52.84	 35.07	-31.34
433	153.00	204.00	 51.00	 66.33	-25.53	 51.62
434	182.00	 73.00	 73.00	 51.36	 29.99	 31.24
435	164.00	200.00	164.00	 71.67	-12.99	  7.01
436	255.00	 36.00	219.00	 58.14	 70.97	 -5.59
437	 91.00	 18.00	237.00	 36.37	 55.05	-49.29
438	167.00	127.00	183.00	 62.09	 14.53	 -7.91
439	 34.00	 86.00	 48.00	 24.35	-13.27	  0.35
440	232.00	  1.00	148.00	 47.15	 73.60	 15.79
441	 14.00	 14.00	 26.00	  7.04	  7.48	 -4.64
442	134.00	155.00	130.00	 58.37	 -7.45	  6.38
443	  9.00	 30.00	142.00	 16.92	 22.61	-46.84
444	193.00	226.00	197.00	 80.09	-11.25	  3.45
445	 36.00	  0.00	 36.00	 10.53	 22.95	 -3.32
446	 18.00	128.00	 91.00	 28.91	-32.75	-16.11
447	109.00	 36.00	109.00	 34.28	 32.83	 -7.13
448	 63.00	 51.00	 51.00	 23.44	  7.56	  1.24
449	146.00	255.00	146.00	 75.38	-41.08	 17.10
450	153.00	 51.00	255.00	 48.21	 53.01	-41.90
451	  0.00	109.00	109.00	 20.27	-22.71	-29.30
452	122.00	121.00	111.00	 49.53	  0.41	  5.38
453	153.00	255.00	102.00	 74.79	-43.09	 36.14
454	 36.00	 73.00	 36.00	 22.16	 -9.57	  4.68
455	  3.00	219.00	 66.00	 37.49	-75.63	  2.53
456	  0.00	102.00	255.00	 30.07	 15.40	-78.67
457	102.00	 51.00	255.00	 41.70	 44.71	-55.36
458	240.00	175.00	253.00	 79.42	 21.11	-14.80
459	182.00	255.00	182.00	 82.38	-25.45	 10.31
460	174.00	173.00	143.00	 67.41	 -3.80	 14.04
461	167.00	 32.00	138.00	 44.05	 48.89	  0.08
462	 59.00	 67.00	  1.00	 24.49	 -0.70	 25.51
463	146.00	109.00	255.00	 58.18	 26.09	-41.17
464	164.00	 91.00	128.00	 53.95	 21.72	  7.94
465	109.00	182.00	255.00	 64.06	 -7.12	-40.58
466	215.00	215.00	215.00	 81.00	 -0.57	 -0.13
467	128.00	 55.00	 91.00	 39.98	 25.84	  6.46
468	103.00	 64.00	 64.00	 35.32	 13.84	  9.62
469	255.00	204.00	  0.00	 82.59	  8.82	103.04
470	 36.00	255.00	146.00	 55.75	-70.09	-10.92
471	255.00	255.00	182.00	 93.20	 -7.22	 26.30
472	205.00	205.00	217.00	 78.00	  0.13	 -5.05
473	 51.00	204.00	204.00	 56.53	-40.00	-35.11
474	227.00	215.00	215.00	 83.35	  1.48	  2.46
475	204.00	  0.00	255.00	 47.33	 75.73	-19.54
476	  0.00	255.00	 36.00	 42.49	-90.91	 24.80
477	237.00	 91.00	128.00	 65.49	 37.63	 26.52
478	204.00	102.00	255.00	 64.48	 40.19	-29.05
479	164.00	 55.00	200.00	 50.16	 44.75	-21.31
480	182.00	  0.00	 36.00	 39.60	 59.37	 31.77
481	 43.00	159.00	139.00	 45.15	-35.25	-21.31
482	182.00	187.00	209.00	 73.66	 -0.42	 -8.30
483	 26.00	 77.00	 77.00	 22.55	 -9.30	-14.93
484	 36.00	  0.00	255.00	 30.04	 62.11	-61.28
485	109.00	146.00	182.00	 56.53	 -4.55	-19.69
486	  0.00	109.00	  0.00	 23.92	-41.59	 17.85
487	 26.00	128.00	 26.00	 29.31	-35.84	 14.67
488	240.00	207.00	244.00	 83.83	 10.20	 -7.41
489	 73.00	146.00	109.00	 47.40	-21.96	 -3.55
490	200.00	128.00	 18.00	 62.74	 14.61	 69.79
491	182.00	219.00	  0.00	 72.46	-14.90	 85.47
492	 87.00	 99.00	 87.00	 38.62	 -1.54	  0.39
493	200.00	 55.00	128.00	 54.12	 44.47	 13.84
494	151.00	140.00	201.00	 62.49	  8.91	-17.38
495	  0.00	219.00	146.00	 39.80	-60.42	-27.08
496	195.00	195.00	195.00	 75.49	 -0.65	  1.40
497	  0.00	 36.00	109.00	 12.27	 10.55	-38.26
498	237.00	237.00	 91.00	 85.61	-10.04	 61.00
499	237.00	 91.00	164.00	 66.59	 39.21	 11.89
500	255.00	 73.00	109.00	 65.47	 48.95	 36.27
501	160.00	194.00	183.00	 70.35	-10.44	 -1.57
502	153.00	102.00	  0.00	 49.55	 13.32	 59.84
503	 39.00	138.00	 62.00	 35.13	-34.21	  2.77
504	255.00	219.00	219.00	 88.06	  6.87	  6.91
505	110.00	  6.00	224.00	 35.80	 59.01	-38.12
506	255.00	204.00	153.00	 85.42	  6.62	 33.12
507	109.00	255.00	  0.00	 65.75	-47.83	 70.22
508	182.00	  0.00	 73.00	 40.55	 61.86	 22.62
509	200.00	 91.00	200.00	 62.31	 35.31	 -9.47
510	  0.00	  0.00	  0.00	  1.57	 -1.43	  0.94
511	 73.00	 73.00	 36.00	 29.89	  0.84	 14.00
512	 36.00	 36.00	109.00	 21.07	 19.13	-28.89
513	197.00	 10.00	147.00	 44.64	 64.94	  5.45
514	200.00	 18.00	164.00	 47.10	 63.45	 -0.07
515	182.00	146.00	 36.00	 61.95	  2.72	 58.44
516	 26.00	230.00	179.00	 53.61	-54.89	-29.28
517	 91.00	 55.00	 55.00	 30.63	 14.27	  8.20
518	128.00	 77.00	128.00	 46.15	 20.20	 -4.27
519	146.00	109.00	  0.00	 48.55	  8.75	 58.11
520	  0.00	102.00	 51.00	 17.81	-34.15	 -6.83
521	128.00	128.00	 77.00	 51.95	 -3.68	 22.83
522	246.00	246.00	246.00	 92.51	 -0.89	 -1.48
523	219.00	 73.00	255.00	 61.48	 52.90	-27.13
524	182.00	109.00	182.00	 61.66	 23.91	 -5.51
525	255.00	 73.00	 73.00	 65.77	 47.22	 49.86
526	255.00	  0.00	  0.00	 51.54	 77.23	 68.99
527	 73.00	109.00	182.00	 47.15	  3.11	-34.98
528	220.00	220.00	220.00	 82.94	 -0.46	 -0.69
529	 91.00	 18.00	 91.00	 26.65	 35.29	 -5.50
530	220.00	244.00	236.00	 87.29	 -6.39	 -3.39
531	  0.00	  0.00	  0.00	  1.63	 -1.62	  0.99
532	182.00	 73.00	146.00	 54.23	 33.77	  4.20
533	 36.00	 73.00	  0.00	 22.27	 -9.60	 21.65
534	128.00	237.00	 18.00	 66.11	-42.30	 66.38
535	 36.00	146.00	 73.00	 36.81	-37.43	 -1.88
536	 73.00	182.00	219.00	 57.95	-19.76	-36.29
537	255.00	146.00	109.00	 76.63	 23.76	 44.17
538	128.00	128.00	 91.00	 51.56	 -2.87	 16.67
539	 73.00	255.00	  0.00	 60.09	-59.12	 60.67
540	208.00	196.00	196.00	 77.01	  1.74	  3.22
541	137.00	137.00	137.00	 55.25	  0.44	  2.45
542	164.00	200.00	128.00	 70.57	-16.56	 22.29
543	 37.00	201.00	189.00	 52.22	-44.21	-35.34
544	153.00	255.00	  0.00	 73.18	-35.11	 81.99
545	200.00	164.00	237.00	 73.11	 14.23	-17.83
546	230.00	 77.00	 77.00	 61.84	 39.62	 42.96
547	135.00	135.00	135.00	 54.72	  0.16	  2.81
548	  0.00	255.00	 51.00	 40.49	-89.67	 17.71
549	128.00	 91.00	 91.00	 46.02	 10.83	 10.71
550	146.00	139.00	124.00	 57.18	  0.07	  9.95
551	  0.00	109.00	182.00	 27.17	 -7.98	-54.15
552	 65.00	 65.00	 65.00	 26.93	  3.62	 -1.73
553	221.00	206.00	178.00	 80.24	 -0.33	 15.32
554	165.00	165.00	165.00	 65.39	 -0.62	  2.43
555	230.00	179.00	230.00	 78.82	 15.60	 -6.46
556	103.00	129.00	158.00	 52.23	 -2.83	-14.68
557	 26.00	179.00	230.00	 48.30	-28.24	-56.56
558	182.00	219.00	146.00	 76.64	-17.52	 21.36
559	 51.00	 81.00	104.00	 31.29	 -0.04	-17.39
560	171.00	187.00	 42.00	 66.34	-13.80	 58.93
561	128.00	179.00	230.00	 65.96	 -6.49	-27.94
562	 17.00	  5.00	  5.00	  5.61	  6.45	  2.05
563	  0.00	153.00	  0.00	 30.60	-56.43	 23.57
564	224.00	224.00	236.00	 84.84	  1.09	 -5.52
565	 91.00	 91.00	 91.00	 37.86	  3.02	 -0.26
566	146.00	146.00	182.00	 61.59	  3.57	-11.05
567	237.00	128.00	 18.00	 69.52	 23.32	 80.05
568	  0.00	109.00	255.00	 31.62	 11.70	-77.94
569	177.00	226.00	242.00	 77.93	-11.23	-17.68
570	182.00	182.00	 36.00	 67.52	 -9.00	 63.74
571	  8.00	 30.00	  5.00	  8.58	 -6.64	  4.81
572	 91.00	237.00	164.00	 66.86	-46.29	 -3.98
573	  0.00	 51.00	255.00	 24.24	 38.18	-83.40
574	245.00	233.00	233.00	 89.62	  1.59	  1.95
575	 59.00	 71.00	 20.00	 26.40	 -2.42	 17.74
576	153.00	153.00	102.00	 60.16	 -4.48	 23.20
577	128.00	 91.00	 55.00	 45.52	  9.00	 25.66
578	129.00	 89.00	111.00	 46.29	 13.57	  2.93
579	109.00	255.00	182.00	 72.47	-44.77	 -4.16
580	  0.00	255.00	255.00	 58.39	-44.20	-53.45
581	128.00	230.00	230.00	 73.02	-25.10	-21.89
582	145.00	145.00	145.00	 58.03	  0.16	  2.43
583	128.00	 91.00	164.00	 50.40	 18.77	-15.69
584	100.00	100.00	100.00	 41.49	  2.54	  0.74
585	181.00	127.00	128.00	 61.39	 12.30	 16.07
586	191.00	191.00	230.00	 76.00	  2.40	-13.33
587	 18.00	 18.00	237.00	 26.04	 50.78	-70.96
588	128.00	 18.00	200.00	 39.34	 54.11	-28.79
589	179.00	230.00	128.00	 76.77	-23.33	 28.77
590	 91.00	200.00	237.00	 64.61	-19.75	-33.71
591	237.00	164.00	 55.00	 75.21	 11.19	 63.88
592	236.00	224.00	224.00	 86.74	  0.56	  2.57
593	153.00	  0.00	102.00	 35.63	 57.94	  7.21
594	 51.00	153.00	204.00	 48.76	-16.38	-44.39
595	 91.00	 55.00	237.00	 42.40	 38.49	-53.29
596	143.00	250.00	172.00	 76.24	-35.26	  6.29
597	216.00	 57.00	108.00	 55.86	 45.61	 25.62
598	200.00	 55.00	 91.00	 52.69	 41.81	 27.21
599	237.00	200.00	128.00	 80.82	  2.35	 39.10
600	109.00	219.00	  0.00	 59.93	-37.97	 64.49
601	  0.00	  0.00	146.00	 14.03	 36.52	-47.30
602	 55.00	 18.00	 55.00	 17.87	 22.19	 -4.77
603	128.00	237.00	200.00	 73.10	-30.79	-10.13
604	164.00	128.00	237.00	 63.55	 20.01	-28.58
605	204.00	102.00	153.00	 62.91	 28.66	  9.44
606	219.00	255.00	146.00	 86.97	-19.59	 34.83
607	 70.00	 46.00	 46.00	 23.53	 11.40	  4.37
608	230.00	179.00	 77.00	 76.45	  5.58	 55.09
609	200.00	248.00	223.00	 84.80	-13.90	 -2.33
610	 26.00	 26.00	 77.00	 15.85	 15.66	-19.92
611	105.00	150.00	156.00	 55.38	-11.13	-10.11
612	105.00	105.00	105.00	 43.35	  1.96	  0.80
613	 55.00	 55.00	164.00	 32.79	 21.48	-40.68
614	 55.00	164.00	200.00	 51.55	-21.67	-39.27
615	105.00	107.00	 50.00	 44.63	 -3.80	 24.11
616	 91.00	128.00	128.00	 48.17	 -8.26	 -8.63
617	 51.00	153.00	  0.00	 37.23	-34.74	 38.26
618	 91.00	 18.00	200.00	 33.73	 48.72	-38.91
619	  4.00	183.00	 68.00	 32.42	-60.82	 -2.29
620	176.00	229.00	171.00	 77.47	-19.45	 11.04
621	178.00	138.00	181.00	 65.24	 12.86	 -3.33
622	146.00	255.00	182.00	 77.70	-35.22	  3.69
623	102.00	 51.00	 51.00	 32.36	 18.27	 12.98
624	 26.00	230.00	128.00	 50.25	-66.37	-12.98
625	237.00	 55.00	200.00	 60.54	 56.96	 -3.05
626	142.00	126.00	 85.00	 53.70	  0.43	 22.83
627	204.00	255.00	102.00	 82.58	-26.82	 49.17
628	109.00	 72.00	 91.00	 39.37	 14.79	  1.95
629	164.00	237.00	128.00	 75.89	-30.30	 26.86
630	179.00	 77.00	 26.00	 51.89	 27.16	 52.64
631	187.00	127.00	184.00	 64.94	 19.21	 -3.42
632	 73.00	255.00	 73.00	 60.28	-69.23	 28.49
633	239.00	226.00	195.00	 86.04	 -1.85	 15.14
634	179.00	128.00	230.00	 66.55	 21.27	-22.57
635	 55.00	 55.00	 55.00	 22.67	  4.14	 -2.09
636	 55.00	 55.00	200.00	 34.83	 27.93	-53.17
637	 91.00	164.00	 91.00	 52.86	-26.56	 11.81
638	248.00	 25.00	 99.00	 56.04	 66.29	 35.91
639	145.00	111.00	134.00	 53.28	 10.65	  2.06
640	254.00	 50.00	  4.00	 61.34	 56.85	 80.22
641	254.00	242.00	242.00	 92.71	  1.47	  0.66
642	247.00	 54.00	224.00	 60.74	 61.96	 -9.24
643	237.00	200.00	200.00	 82.06	  6.86	  8.94
644	109.00	  0.00	 36.00	 25.24	 42.34	 13.97
645	  0.00	204.00	 51.00	 34.07	-72.74	  6.48
646	 15.00	 62.00	 28.00	 15.87	-12.83	  2.04
647	 91.00	 18.00	164.00	 32.11	 44.91	-27.81
648	255.00	255.00	109.00	 92.20	-10.59	 56.13
649	 18.00	237.00	 18.00	 48.00	-76.20	 34.73
650	146.00	  0.00	255.00	 40.96	 69.07	-32.92
651	  0.00	182.00	  0.00	 35.79	-66.79	 26.77
652	128.00	 55.00	128.00	 41.71	 30.20	 -5.85
653	164.00	 91.00	 55.00	 51.45	 17.58	 35.97
654	 36.00	219.00	182.00	 54.51	-50.13	-30.29
655	128.00	128.00	 26.00	 49.94	 -5.32	 44.73
656	  0.00	146.00	 36.00	 25.52	-52.85	  4.94
657	164.00	 91.00	164.00	 55.45	 25.50	 -4.54
658	255.00	255.00	 73.00	 91.13	-10.53	 71.78
659	164.00	 55.00	 18.00	 45.21	 31.41	 48.96
660	164.00	128.00	 18.00	 56.93	  5.05	 60.88
661	205.00	 85.00	 94.00	 58.88	 31.01	 30.72
662	182.00	146.00	  0.00	 60.42	  6.67	 74.15
663	230.00	 77.00	 26.00	 61.83	 39.19	 66.31
664	102.00	255.00	 51.00	 64.67	-61.74	 47.49
665	182.00	160.00	120.00	 66.39	  0.08	 24.11
666	 51.00	153.00	 51.00	 40.32	-36.93	 13.77
667	 91.00	128.00	237.00	 54.71	  7.19	-44.64
668	 80.00	 80.00	 80.00	 33.55	  3.41	 -0.87
669	 18.00	200.00	 18.00	 40.66	-66.31	 26.88
670	 77.00	128.00	179.00	 50.19	 -4.72	-29.28
671	255.00	 73.00	219.00	 65.66	 56.55	 -7.38
672	125.00	211.00	 60.00	 63.07	-36.83	 40.67
673	102.00	  0.00	255.00	 36.12	 65.03	-44.01
674	179.00	140.00	140.00	 63.68	  8.00	 12.68
675	163.00	 88.00	124.00	 52.75	 21.91	  8.36
676	182.00	 36.00	146.00	 47.66	 50.64	  1.62
677	146.00	219.00	255.00	 73.85	-14.09	-29.69
678	216.00	190.00	 94.00	 76.05	 -1.74	 47.73
679	 73.00	219.00	219.00	 63.84	-34.86	-31.08
680	242.00	254.00	242.00	 92.84	 -4.71	 -0.23
681	 65.00	 27.00	 78.00	 22.84	 23.73	 -9.12
682	 73.00	182.00	 36.00	 49.13	-40.78	 33.20
683	222.00	229.00	188.00	 83.81	 -6.42	 14.70
684	222.00	231.00	224.00	 85.20	 -2.76	 -0.01
685	146.00	  0.00	 73.00	 34.53	 54.35	 13.04
686	146.00	182.00	219.00	 69.24	 -4.79	-20.77
687	 94.00	 40.00	 79.00	 30.35	 24.30	 -1.54
688	 57.00	113.00	 82.00	 36.19	-14.06	 -3.74
689	200.00	164.00	 91.00	 69.80	  2.48	 41.20
690	255.00	 36.00	255.00	 58.47	 73.88	-17.63
691	219.00	255.00	 73.00	 85.07	-22.76	 65.04
692	  0.00	204.00	102.00	 34.99	-64.11	-13.23
693	204.00	153.00	 51.00	 67.73	  6.48	 58.16
694	102.00	204.00	255.00	 67.64	-16.71	-37.68
695	 76.00	 64.00	 49.00	 28.00	  5.51	  7.98
696	 73.00	 36.00	 36.00	 22.78	 15.98	  7.22
697	105.00	 31.00	199.00	 38.11	 45.94	-36.69
698	187.00	 57.00	 87.00	 50.96	 37.89	 25.35
699	  0.00	255.00	182.00	 49.88	-62.55	-32.77
700	  0.00	  0.00	  0.00	  1.60	 -1.27	  0.93
701	255.00	 73.00	 36.00	 65.94	 47.37	 68.25
702	 18.00	 91.00	128.00	 25.62	 -8.85	-35.05
703	 56.00	 30.00	 96.00	 23.38	 23.51	-17.58
704	233.00	233.00	245.00	 87.90	  0.86	 -5.33
705	187.00	113.00	158.00	 61.47	 21.00	  5.05
706	 36.00	109.00	 36.00	 28.46	-22.29	 10.44
707	153.00	  0.00	204.00	 38.10	 64.09	-19.24
708	100.00	100.00	100.00	 41.50	  2.18	  0.70
709	109.00	219.00	109.00	 64.09	-40.96	 17.98
710	133.00	 37.00	225.00	 44.68	 50.53	-37.04
711	219.00	 36.00	182.00	 53.77	 62.05	 -1.80
712	204.00	  0.00	102.00	 43.68	 67.76	 20.90
713	 55.00	237.00	128.00	 57.82	-61.74	 -0.46
714	146.00	 73.00	146.00	 48.81	 27.07	 -5.49
715	128.00	 26.00	 77.00	 34.78	 39.09	  8.39
716	 26.00	 14.00	 14.00	  8.58	  9.82	  2.13
717	153.00	153.00	153.00	 61.43	 -0.08	  2.81
718	204.00	194.00	254.00	 77.70	  7.00	-20.85
719	146.00	109.00	 73.00	 51.83	  6.83	 25.75
720	204.00	255.00	  0.00	 81.35	-20.37	 95.31
721	 68.00	253.00	 41.00	 58.20	-69.56	 42.35
722	204.00	 51.00	  0.00	 52.13	 44.43	 68.01
723	 73.00	109.00	 36.00	 35.42	-11.52	 20.72
724	255.00	204.00	204.00	 85.23	 10.80	 10.68
725	 36.00	182.00	182.00	 48.32	-37.56	-36.83
726	169.00	 13.00	254.00	 44.68	 68.15	-32.65
727	179.00	179.00	128.00	 68.76	 -5.75	 23.17
728	 73.00	182.00	109.00	 52.94	-37.40	  1.64
729	 18.00	 55.00	128.00	 20.85	  8.19	-38.82
730	163.00	151.00	151.00	 62.81	  2.07	  5.28
731	 73.00	 73.00	  0.00	 27.68	  1.05	 30.37
732	 18.00	 55.00	237.00	 29.59	 31.57	-75.04
733	 96.00	174.00	218.00	 61.17	-12.84	-31.24
734	 18.00	200.00	 91.00	 41.65	-62.55	 -5.56
735	182.00	  0.00	146.00	 40.53	 66.10	  2.79
736	 51.00	255.00	 51.00	 55.60	-75.19	 33.15
737	 73.00	 93.00	 46.00	 33.82	 -5.50	 13.09
738	 55.00	128.00	200.00	 46.27	 -5.48	-44.78
739	153.00	102.00	 51.00	 51.44	 10.17	 36.49
740	155.00	155.00	155.00	 61.66	 -0.49	  2.39
741	179.00	128.00	128.00	 61.24	 11.48	 15.95
742	128.00	164.00	164.00	 60.12	 -9.53	 -4.99
743	182.00	  0.00	255.00	 45.09	 73.02	-24.33
744	255.00	255.00	  0.00	 89.37	 -6.35	109.25
745	255.00	255.00	 51.00	 90.99	-10.96	 81.38
746	230.00	 26.00	 26.00	 53.17	 59.16	 58.99
747	 10.00	 10.00	 10.00	  5.12	  3.23	 -0.39
748	223.00	 91.00	148.00	 63.71	 36.26	 14.41
749	 73.00	 36.00	 73.00	 25.38	 19.76	 -5.08
750	127.00	 63.00	135.00	 43.61	 26.97	 -8.29
751	 55.00	 18.00	128.00	 23.69	 33.98	-28.32
752	120.00	109.00	130.00	 48.42	  6.14	 -3.93
753	200.00	 18.00	200.00	 47.94	 66.95	-10.52
754	229.00	157.00	160.00	 75.16	 15.59	 18.70
755	132.00	153.00	130.00	 57.42	 -7.61	  5.87
756	 89.00	126.00	117.00	 47.39	 -9.03	 -5.55
757	146.00	182.00	182.00	 66.45	 -9.26	 -5.97
758	179.00	128.00	 77.00	 60.22	  8.40	 36.32
759	 55.00	164.00	 55.00	 43.17	-40.25	 15.68
760	255.00	255.00	  0.00	 89.17	 -6.27	109.30
761	140.00	140.00	140.00	 56.47	  0.28	  1.91
762	173.00	205.00	134.00	 72.89	-15.68	 22.56
763	158.00	132.00	 94.00	 57.78	  2.04	 24.32
764	128.00	200.00	 55.00	 61.94	-31.83	 42.29
765	 73.00	255.00	182.00	 66.60	-53.65	-11.45
766	 36.00	182.00	219.00	 50.74	-30.59	-48.83
767	200.00	 91.00	237.00	 62.77	 39.04	-23.71
768	112.00	 92.00	148.00	 47.48	 13.55	-14.55
769	 69.00	 69.00	 81.00	 30.54	  5.12	 -6.02
770	215.00	227.00	215.00	 82.93	 -3.98	  1.65
771	165.00	136.00	129.00	 60.06	  5.61	 12.36
772	230.00	128.00	179.00	 71.59	 26.57	  8.52
773	 26.00	179.00	 26.00	 38.45	-55.76	 22.54
774	164.00	 91.00	200.00	 56.75	 29.46	-18.68
775	182.00	 73.00	182.00	 55.19	 38.25	 -8.98
776	 77.00	 26.00	 77.00	 24.64	 26.13	 -5.14
777	 42.00	 42.00	 54.00	 18.32	  7.15	 -6.03
778	 55.00	164.00	237.00	 52.61	-14.06	-51.25
779	 55.00	 55.00	 18.00	 21.71	  1.79	 15.78
780	116.00	163.00	248.00	 62.16	 -0.56	-39.07
781	128.00	 18.00	 55.00	 32.35	 40.92	 15.45
782	  5.00	132.00	 21.00	 25.65	-46.35	 11.10
783	146.00	109.00	182.00	 56.05	 17.07	-15.00
784	 55.00	237.00	 55.00	 55.01	-68.22	 28.83
785	 90.00	 90.00	 90.00	 37.49	  3.03	 -0.46
786	 77.00	230.00	179.00	 63.92	-43.51	-14.44
787	154.00	134.00	143.00	 58.70	  5.25	  3.90
788	146.00	182.00	  0.00	 59.25	-13.75	 68.58
789	 36.00	146.00	255.00	 46.10	 -5.18	-64.01
790	198.00	241.00	 32.00	 78.89	-24.26	 77.26
791	 44.00	 32.00	 32.00	 14.89	  9.30	  1.41
792	 82.00	141.00	132.00	 49.44	-15.55	-10.50
793	  0.00	 36.00	182.00	 18.35	 25.55	-62.68
794	 51.00	 51.00	102.00	 26.27	 13.58	-19.71
795	131.00	204.00	130.00	 66.15	-27.40	 13.10
796	153.00	 51.00	  0.00	 41.52	 31.05	 51.80
797	118.00	118.00	118.00	 48.32	  1.00	  1.02
798	 91.00	 55.00	 91.00	 32.75	 18.13	 -4.63
799	139.00	 82.00	 94.00	 46.99	 17.01	 11.59
800	182.00	182.00	146.00	 70.36	 -4.67	 15.54
801	 51.00	255.00	204.00	 64.36	-54.06	-24.76
802	204.00	153.00	153.00	 70.98	  9.83	 15.12
803	  8.00	 43.00	 51.00	 10.66	 -4.25	-14.27
804	 81.00	 65.00	 80.00	 31.74	  9.40	 -2.72
805	255.00	 73.00	255.00	 65.28	 60.36	-20.21
806	128.00	230.00	 77.00	 67.11	-42.88	 36.62
807	  4.00	 27.00	 47.00	  7.49	  1.12	-14.95
808	182.00	255.00	109.00	 79.55	-33.41	 40.25
809	 36.00	109.00	146.00	 34.04	-10.03	-35.60
810	 32.00	 21.00	 43.00	 12.34	 13.54	 -6.28
811	 73.00	  0.00	146.00	 24.65	 46.62	-24.96
812	 18.00	237.00	128.00	 48.56	-69.92	-14.30
813	109.00	146.00	 36.00	 49.37	-17.00	 37.28
814	 36.00	 73.00	182.00	 32.42	 12.12	-52.43
815	146.00	255.00	 36.00	 72.00	-45.02	 65.63
816	219.00	  0.00	146.00	 45.74	 72.49	 12.50
817	 36.00	109.00	255.00	 39.36	 10.51	-70.16
818	255.00	255.00	255.00	 94.55	 -1.33	 -1.73
819	 77.00	128.00	 77.00	 42.80	-15.38	  7.34
820	 70.00	136.00	175.00	 48.81	-10.22	-29.09
821	 55.00	 18.00	 91.00	 21.33	 27.81	-16.00
822	 55.00	128.00	 55.00	 36.63	-24.20	 10.11
823	 26.00	  0.00	  0.00	  6.33	 11.06	  4.67
824	  0.00	 73.00	 73.00	 12.87	-15.63	-21.76
825	  0.00	255.00	 73.00	 40.52	-88.07	  8.11
826	170.00	104.00	 42.00	 54.25	 14.28	 46.17
827	204.00	255.00	 51.00	 81.80	-28.16	 70.86
828	200.00	 55.00	164.00	 54.52	 47.55	  0.20
829	204.00	102.00	 51.00	 60.39	 23.83	 50.88
830	 36.00	 73.00	 73.00	 24.09	 -5.25	-10.23
831	146.00	  0.00	109.00	 34.53	 56.60	  3.23
832	251.00	118.00	 44.00	 71.67	 30.07	 68.67
833	 36.00	255.00	182.00	 59.11	-60.34	-22.13
834	 51.00	 51.00	255.00	 35.14	 41.51	-68.89
835	126.00	114.00	114.00	 48.85	  3.83	  4.28
836	109.00	109.00	182.00	 51.99	  9.53	-24.77
837	 51.00	102.00	  0.00	 28.71	-16.12	 30.35
838	 84.00	 56.00	 98.00	 33.08	 16.92	 -9.32
839	233.00	245.00	233.00	 89.56	 -4.20	  1.14
840	255.00	153.00	153.00	 78.01	 22.82	 27.09
841	 54.00	 42.00	 42.00	 19.37	  8.16	  1.18
842	164.00	128.00	 91.00	 57.76	  5.06	 26.38
843	 36.00	234.00	 32.00	 50.67	-71.71	 33.09
844	 91.00	237.00	200.00	 69.06	-38.89	-17.58
845	172.00	160.00	160.00	 65.91	  1.91	  5.21
846	109.00	146.00	255.00	 58.69	  6.90	-45.52
847	182.00	255.00	219.00	 83.67	-21.59	 -2.60
848	 18.00	 55.00	164.00	 23.82	 14.69	-51.97
849	128.00	200.00	 91.00	 63.59	-30.22	 26.80
850	128.00	237.00	128.00	 70.96	-41.03	 18.57
851	  0.00	255.00	255.00	 58.65	-44.19	-53.53
852	170.00	108.00	153.00	 57.84	 19.42	  1.84
853	109.00	 73.00	109.00	 41.46	 16.25	 -3.84
854	128.00	 55.00	237.00	 46.79	 43.40	-43.05
855	153.00	204.00	153.00	 70.67	-18.61	  9.27
856	  8.00	238.00	219.00	 53.21	-50.21	-45.37
857	109.00	146.00	 73.00	 51.40	-16.16	 21.14
858	209.00	231.00	210.00	 82.74	 -7.39	  2.62
859	 14.00	  0.00	243.00	 25.57	 57.40	-67.49
860	119.00	109.00	 21.00	 44.85	 -0.48	 41.29
861	 89.00	128.00	 89.00	 45.91	-12.21	  5.18
862	 36.00	  0.00	219.00	 24.59	 52.65	-55.61
863	189.00	 71.00	  1.00	 52.19	 33.31	 65.30
864	133.00	145.00	133.00	 55.72	 -4.07	  4.13
865	 51.00	255.00	  0.00	 56.25	-66.12	 55.18
866	109.00	255.00	109.00	 68.14	-56.61	 22.85
867	 73.00	109.00	255.00	 47.00	 16.69	-59.31
868	237.00	128.00	128.00	 71.16	 24.82	 29.91
869	  0.00	146.00	146.00	 28.63	-29.99	-37.54
870	237.00	 91.00	 18.00	 64.79	 35.83	 74.93
871	138.00	207.00	152.00	 68.34	-23.80	  6.67
872	109.00	 36.00	 73.00	 32.35	 30.12	  5.13
873	 55.00	 55.00	 91.00	 26.93	 10.33	-14.71
874	164.00	200.00	 91.00	 69.11	-19.79	 37.12
875	 26.00	 77.00	179.00	 29.67	  8.12	-53.63
876	219.00	  0.00	219.00	 47.03	 75.29	 -6.84
877	  0.00	109.00	146.00	 23.95	-15.61	-41.97
878	182.00	  0.00	219.00	 41.57	 69.49	-14.86
879	230.00	 26.00	230.00	 53.93	 70.59	-13.82
880	 55.00	200.00	 18.00	 47.42	-53.19	 38.85
881	219.00	 73.00	109.00	 58.98	 39.60	 27.42
882	233.00	223.00	231.00	 86.39	  1.93	 -1.47
883	 36.00	 36.00	146.00	 23.33	 24.99	-40.88
884	120.00	120.00	120.00	 48.88	  0.74	  1.67
885	 36.00	146.00	219.00	 45.82	-13.97	-56.09
886	 46.00	 46.00	 46.00	 18.58	  5.28	 -1.59
887	102.00	204.00	 51.00	 59.00	-40.87	 37.43
888	 26.00	 77.00	 26.00	 21.07	-14.40	  7.42
889	230.00	128.00	 26.00	 68.85	 21.20	 73.76
890	 55.00	 91.00	164.00	 38.59	  4.43	-37.32
891	 36.00	 73.00	146.00	 29.72	  5.57	-38.91
892	205.00	250.00	137.00	 83.25	-22.64	 34.02
893	200.00	164.00	 18.00	 67.67	  3.38	 74.34
894	197.00	125.00	141.00	 64.88	 17.73	 15.64
895	146.00	  0.00	146.00	 35.30	 60.19	 -5.86
896	109.00	255.00	 73.00	 66.30	-59.84	 37.62
897	164.00	200.00	 55.00	 67.81	-20.46	 53.02
898	153.00	153.00	204.00	 64.00	  5.02	-17.10
899	 87.00	 77.00	210.00	 45.59	 23.03	-44.69
900	216.00	100.00	 14.00	 62.12	 28.29	 73.00
901	163.00	  5.00	212.00	 40.73	 64.81	-19.68
902	 33.00	  5.00	 54.00	 12.57	 23.24	 -9.61
903	 68.00	 76.00	 77.00	 30.52	  1.66	 -4.12
904	146.00	255.00	 73.00	 73.33	-46.33	 47.64
905	 91.00	 91.00	200.00	 48.05	 16.41	-38.65
906	182.00	219.00	255.00	 77.68	 -5.74	-22.89
907	119.00	196.00	 14.00	 58.56	-31.05	 59.88
908	219.00	109.00	182.00	 66.99	 31.46	  2.52
909	 91.00	128.00	 91.00	 46.35	-11.06	  5.21
910	102.00	153.00	 51.00	 51.16	-21.65	 29.86
911	 38.00	 77.00	 38.00	 23.63	 -9.97	  4.62
912	  0.00	255.00	219.00	 54.60	-53.52	-42.80
913	109.00	 73.00	146.00	 44.02	 20.79	-16.67
914	235.00	235.00	235.00	 88.51	 -0.50	 -0.42
915	 64.00	103.00	 64.00	 34.47	-10.08	  4.60
916	211.00	167.00	  3.00	 69.52	  6.97	 84.45
917	 17.00	252.00	 97.00	 47.25	-83.11	  2.04
918	128.00	200.00	128.00	 64.99	-26.65	 12.53
919	 51.00	 51.00	153.00	 29.39	 20.95	-38.34
920	164.00	237.00	200.00	 77.49	-22.14	 -2.17
921	 25.00	 25.00	 25.00	  9.72	  5.91	 -1.63
922	109.00	182.00	 73.00	 58.12	-30.16	 27.41
923	169.00	181.00	169.00	 68.96	 -4.73	  4.01
924	 36.00	219.00	 36.00	 49.09	-68.09	 28.33
925	126.00	133.00	183.00	 56.67	  3.97	-17.74
926	255.00	109.00	146.00	 71.22	 38.46	 24.81
927	 58.00	114.00	 38.00	 34.34	-17.23	 16.07
928	197.00	143.00	 73.00	 65.90	  7.84	 44.85
929	237.00	 55.00	237.00	 61.05	 60.99	-16.38
930	137.00	105.00	 72.00	 49.53	  6.01	 22.94
931	 26.00	179.00	 77.00	 40.63	-54.70	 -0.51
932	234.00	 80.00	204.00	 64.78	 46.20	 -3.98
933	245.00	245.00	245.00	 92.10	 -0.21	 -1.67
934	 18.00	128.00	128.00	 31.96	-26.24	-30.20
935	 91.00	128.00	 55.00	 43.42	-14.48	 20.73
936	255.00	 73.00	146.00	 65.25	 51.23	 21.52
937	144.00	113.00	113.00	 52.39	  7.99	  9.47
938	248.00	241.00	169.00	 89.16	 -5.66	 32.07
939	182.00	182.00	  0.00	 66.15	 -3.97	 80.45
940	 36.00	  0.00	109.00	 17.04	 35.66	-25.22
941	179.00	179.00	 77.00	 67.90	 -8.77	 44.06
942	179.00	128.00	 26.00	 59.57	  8.25	 60.14
943	157.00	 84.00	152.00	 52.72	 25.28	 -2.93
944	 55.00	237.00	164.00	 60.17	-54.95	-14.97
945	 77.00	 77.00	230.00	 44.29	 25.44	-52.71
946	 91.00	164.00	200.00	 57.89	-12.62	-27.29
947	169.00	250.00	 17.00	 75.32	-33.29	 79.16
948	255.00	255.00	219.00	 93.85	 -4.44	 12.15
949	102.00	  0.00	102.00	 26.93	 47.16	 -5.13
950	  0.00	 36.00	219.00	 21.03	 34.73	-74.06
951	237.00	200.00	164.00	 81.93	  4.24	 24.42
952	  0.00	  0.00	 26.00	  5.17	  9.00	 -8.39
953	 18.00	164.00	128.00	 38.12	-42.92	-23.94
954	228.00	228.00	228.00	 85.87	 -0.43	 -0.30
955	153.00	255.00	204.00	 79.44	-30.05	 -3.48
956	146.00	255.00	255.00	 80.08	-24.19	-23.30
957	  0.00	  0.00	204.00	 18.88	 49.29	-65.10
958	219.00	255.00	109.00	 86.32	-21.39	 49.89
959	 55.00	 18.00	164.00	 26.52	 38.85	-38.93
960	 73.00	109.00	109.00	 40.79	 -6.73	 -9.94
961	 41.00	205.00	226.00	 55.56	-37.93	-46.18
962	255.00	182.00	146.00	 81.86	 13.50	 32.83
963	231.00	228.00	152.00	 84.22	 -6.87	 31.81
964	 18.00	164.00	237.00	 44.77	-19.96	-63.38
965	219.00	146.00	219.00	 73.44	 22.48	 -7.50
966	  4.00	114.00	235.00	 33.54	  4.05	-72.15
967	128.00	179.00	 26.00	 58.15	-23.38	 54.52
968	109.00	146.00	219.00	 58.51	  0.47	-33.30
969	 73.00	 36.00	219.00	 36.33	 43.51	-53.20
970	 19.00	 66.00	175.00	 26.96	 12.24	-55.41
971	 96.00	 54.00	112.00	 35.56	 22.11	-10.75
972	219.00	219.00	255.00	 83.00	  3.26	-15.60
973	 18.00	 91.00	200.00	 31.31	  5.65	-60.84
974	237.00	 18.00	 91.00	 52.43	 65.78	 35.61
975	220.00	205.00	251.00	 80.68	  6.67	-15.65
976	 51.00	102.00	255.00	 41.59	 15.48	-66.27
977	255.00	146.00	219.00	 76.85	 30.73	 -1.35
978	 70.00	104.00	197.00	 45.97	  6.77	-41.54
979	153.00	102.00	255.00	 57.60	 31.16	-39.98
980	237.00	164.00	 18.00	 74.43	 11.82	 83.20
981	219.00	182.00	 36.00	 74.46	  0.79	 73.39
982	109.00	 73.00	  0.00	 35.80	 11.21	 41.68
983	128.00	 26.00	179.00	 39.51	 49.49	-23.51
984	 42.00	 54.00	 42.00	 19.33	  0.62	  0.39
985	128.00	230.00	179.00	 71.38	-31.35	 -2.98
986	184.00	 56.00	 53.00	 49.21	 37.15	 38.42
987	164.00	164.00	128.00	 64.37	 -4.14	 17.21
988	219.00	219.00	 36.00	 79.10	-10.44	 78.18
989	164.00	237.00	237.00	 78.36	-17.63	-15.84
990	111.00	 40.00	 56.00	 32.25	 26.19	 12.13
991	235.00	191.00	240.00	 81.20	 14.03	 -8.35
992	255.00	 36.00	 36.00	 59.71	 61.77	 62.72
993	 36.00	 73.00	255.00	 34.57	 28.08	-72.56
994	162.00	203.00	231.00	 73.28	 -7.85	-18.71
995	151.00	163.00	151.00	 62.67	 -4.34	  4.49
996	164.00	128.00	164.00	 61.18	 11.18	 -1.48
997	 76.00	 82.00	 33.00	 32.34	 -1.96	 17.71
998	153.00	 51.00	204.00	 48.17	 45.08	-25.19
999	122.00	143.00	223.00	 59.93	  4.73	-32.82
1000	196.00	194.00	223.00	 76.74	  1.93	-10.16
1001	230.00	230.00	128.00	 84.10	 -8.89	 41.38
1002	219.00	219.00	109.00	 81.11	 -9.62	 44.58
1003	191.00	191.00	191.00	 73.75	 -0.54	  1.13
1004	205.00	166.00	166.00	 73.33	  7.03	 11.74
1005	 70.00	 70.00	 70.00	 29.07	  3.57	 -1.83
1006	255.00	182.00	 36.00	 80.89	 10.41	 81.85
1007	 85.00	135.00	140.00	 49.58	-11.15	-13.27
1008	128.00	128.00	128.00	 52.29	  0.77	  2.11
1009	128.00	179.00	128.00	 61.21	-18.96	  9.03
1010	  0.00	 73.00	255.00	 27.09	 27.78	-81.81
1011	237.00	 18.00	 18.00	 52.64	 64.94	 61.76
1012	 73.00	146.00	 73.00	 45.16	-25.41	 10.35
1013	128.00	 18.00	 91.00	 34.02	 43.66	  3.46
1014	 51.00	102.00	102.00	 34.23	 -9.30	-14.80
1015	204.00	 51.00	255.00	 55.07	 59.40	-30.33
1016	237.00	237.00	237.00	 89.54	 -0.27	 -1.10
1017	153.00	255.00	 51.00	 73.88	-44.23	 59.47
1018	200.00	 55.00	 18.00	 51.57	 40.80	 59.40
1019	255.00	219.00	  0.00	 84.34	  4.45	105.05
1020	  5.00	 17.00	  5.00	  5.89	 -3.07	  1.74
1021	195.00	254.00	178.00	 83.89	-23.10	 15.28
1022	146.00	  0.00	 36.00	 32.57	 50.59	 22.42
1023	 73.00	 73.00	255.00	 42.00	 32.29	-61.58
1024	109.00	146.00	  0.00	 46.47	-12.73	 52.85
1025	219.00	219.00	 73.00	 80.14	-10.64	 59.61
1026	 26.00	 26.00	128.00	 19.07	 25.49	-37.21
1027	255.00	248.00	203.00	 92.46	 -3.60	 17.97
1028	147.00	 84.00	 98.00	 48.71	 18.28	 12.85
1029	128.00	 77.00	179.00	 49.13	 26.35	-22.15
1030	  0.00	255.00	146.00	 44.96	-71.66	-20.23
1031	200.00	237.00	237.00	 82.96	 -9.23	 -9.30
1032	 73.00	219.00	182.00	 61.74	-39.90	-18.79
1033	 18.00	164.00	164.00	 39.18	-34.82	-38.21
1034	182.00	 36.00	109.00	 47.11	 48.24	 14.25
1035	  0.00	182.00	146.00	 33.93	-44.79	-31.98
1036	150.00	150.00	150.00	 60.49	 -0.03	  2.81
1037	164.00	 18.00	 18.00	 38.83	 47.23	 40.17
1038	102.00	204.00	153.00	 62.99	-31.77	 -2.31
1039	 91.00	200.00	 18.00	 54.77	-41.28	 50.80
1040	 26.00	179.00	179.00	 45.13	-38.06	-39.40
1041	 63.00	177.00	 15.00	 44.86	-40.12	 40.25
1042	 60.00	 72.00	 60.00	 26.79	 -0.71	 -0.04
1043	219.00	182.00	  0.00	 73.69	  4.46	 91.46
1044	 91.00	237.00	 55.00	 60.93	-56.52	 38.84
1045	205.00	205.00	205.00	 78.40	 -0.55	 -0.13
1046	 65.00	 28.00	 46.00	 20.27	 17.92	  1.16
1047	204.00	 51.00	204.00	 55.59	 55.86	-13.01
1048	160.00	172.00	160.00	 65.78	 -4.66	  4.40
1049	 77.00	179.00	 26.00	 48.90	-37.85	 39.52
1050	 18.00	237.00	237.00	 57.44	-46.98	-46.68
1051	  0.00	 51.00	153.00	 17.05	 11.89	-51.69
1052	 32.00	 32.00	 44.00	 13.07	  8.01	 -6.00
1053	198.00	185.00	203.00	 74.53	  3.54	 -2.73
1054	102.00	102.00	102.00	 42.36	  1.85	  0.19
1055	255.00	102.00	153.00	 69.77	 41.57	 21.72
1056	244.00	194.00	194.00	 82.00	 10.22	 11.82
1057	 51.00	102.00	153.00	 37.69	 -2.99	-33.26
1058	219.00	219.00	219.00	 82.70	 -0.62	 -0.98
1059	146.00	219.00	109.00	 69.80	-30.28	 27.09
1060	 38.00	 38.00	 77.00	 19.60	 12.33	-16.06
1061	150.00	158.00	 92.00	 60.35	 -7.49	 27.34
1062	169.00	169.00	181.00	 68.15	  0.58	 -1.58
1063	115.00	154.00	115.00	 54.53	-14.09	  6.21
1064	219.00	 36.00	  0.00	 52.24	 54.20	 70.03
1065	179.00	 77.00	 77.00	 51.75	 27.65	 29.18
1066	102.00	255.00	102.00	 66.36	-59.26	 23.86
1067	255.00	219.00	255.00	 89.08	  9.87	 -7.01
1068	146.00	 36.00	109.00	 40.90	 41.08	  4.02
1069	164.00	 18.00	 91.00	 40.73	 51.98	 13.76
1070	 55.00	128.00	 91.00	 39.36	-21.25	 -6.10
1071	 77.00	179.00	128.00	 53.29	-32.65	 -4.11
1072	105.00	105.00	117.00	 45.09	  3.31	 -3.78
1073	  0.00	182.00	 73.00	 30.86	-59.81	 -5.45
1074	255.00	204.00	 51.00	 84.16	  2.92	 78.33
1075	170.00	226.00	201.00	 76.97	-16.66	 -2.90
1076	 91.00	200.00	200.00	 62.75	-26.76	-21.58
1077	217.00	255.00	217.00	 88.68	-12.99	  4.75
1078	128.00	 18.00	237.00	 40.33	 59.27	-39.14
1079	  0.00	255.00	102.00	 40.21	-81.34	 -5.03
1080	153.00	  0.00	153.00	 36.37	 61.50	 -5.44
1081	179.00	 77.00	179.00	 55.71	 35.66	 -7.84
1082	  0.00	146.00	 73.00	 24.93	-46.39	-10.14
1083	114.00	132.00	144.00	 52.69	 -2.24	 -6.64
1084	170.00	170.00	232.00	 70.91	  5.54	-20.69
1085	 36.00	109.00	  0.00	 28.15	-25.02	 26.93
1086	182.00	146.00	 73.00	 63.10	  2.22	 41.53
1087	255.00	219.00	182.00	 87.56	  4.05	 23.66
1088	 91.00	200.00	 55.00	 56.91	-42.72	 32.31
1089	182.00	109.00	 36.00	 57.05	 15.76	 52.42
1090	237.00	159.00	188.00	 76.07	 18.20	  9.74
1091	 91.00	 91.00	 18.00	 36.62	 -0.76	 31.58
1092	237.00	237.00	164.00	 86.48	 -7.20	 30.63
1093	 68.00	249.00	203.00	 66.55	-48.04	-21.81
1094	 36.00	  0.00	182.00	 21.50	 47.11	-45.75
1095	 51.00	 51.00	204.00	 34.26	 30.34	-55.90
1096	219.00	255.00	 36.00	 84.44	-22.00	 83.06
1097	  0.00	  0.00	 36.00	  6.18	 11.86	-12.86
1098	  8.00	  0.00	  0.00	  3.24	  2.35	  1.38
1099	200.00	128.00	237.00	 68.57	 26.56	-20.12
1100	 36.00	219.00	 73.00	 49.62	-67.83	 11.15
1101	219.00	146.00	255.00	 73.31	 27.71	-21.95
1102	 36.00	 73.00	109.00	 26.14	  0.06	-25.37
1103	171.00	 19.00	 27.00	 40.93	 49.83	 39.12
1104	219.00	109.00	109.00	 65.33	 26.33	 31.29
1105	153.00	102.00	204.00	 57.26	 23.11	-22.02
1106	 79.00	226.00	 82.00	 58.90	-55.14	 20.38
1107	115.00	115.00	154.00	 51.39	  5.12	-12.37
1108	164.00	200.00	200.00	 73.64	 -9.82	 -6.54
1109	164.00	200.00	 18.00	 66.76	-17.84	 70.51
1110	 51.00	153.00	102.00	 43.16	-33.37	 -6.91
1111	153.00	  0.00	  0.00	 33.44	 49.71	 36.10
1112	200.00	200.00	237.00	 77.71	  2.11	-14.21
1113	109.00	146.00	146.00	 54.58	 -9.80	 -6.16
1114	153.00	255.00	255.00	 80.74	-22.28	-22.07
1115	255.00	  0.00	204.00	 49.46	 80.62	  6.51
1116	 91.00	237.00	 91.00	 63.20	-56.37	 23.13
1117	 55.00	237.00	200.00	 62.97	-47.40	-26.22
1118	237.00	128.00	164.00	 71.48	 27.26	 16.42
1119	144.00	249.00	 89.00	 72.92	-44.39	 38.63
1120	 52.00	247.00	247.00	 67.11	-42.54	-38.72
1121	 18.00	128.00	 55.00	 27.98	-37.28	 -0.30
1122	 36.00	 36.00	 36.00	 13.60	  6.07	 -2.26
1123	 51.00	204.00	 51.00	 50.34	-57.99	 23.07
1124	255.00	182.00	219.00	 82.66	 19.26	  2.53
1125	182.00	255.00	  0.00	 77.69	-25.90	 89.90
1126	204.00	204.00	153.00	 77.78	 -5.93	 20.59
1127	  0.00	102.00	  0.00	 22.86	-38.88	 16.51
1128	 36.00	182.00	 36.00	 42.02	-53.91	 21.44
1129	150.00	166.00	229.00	 67.61	  3.03	-25.20
1130	 91.00	 91.00	164.00	 44.76	 11.69	-26.22
1131	 36.00	255.00	109.00	 53.18	-76.94	  2.92
1132	182.00	109.00	109.00	 58.59	 17.67	 21.75
1133	198.00	254.00	191.00	 84.98	-20.04	 10.71
1134	164.00	237.00	164.00	 76.71	-26.69	 11.63
1135	197.00	250.00	244.00	 85.42	-13.20	 -9.87
1136	 36.00	109.00	219.00	 39.80	  2.86	-60.55
1137	  0.00	146.00	182.00	 32.52	-23.32	-49.60
1138	204.00	 51.00	102.00	 52.42	 45.25	 24.07
1139	237.00	128.00	237.00	 73.61	 34.05	-13.99
1140	230.00	 26.00	128.00	 53.17	 62.39	 21.28
1141	109.00	109.00	255.00	 53.26	 21.16	-49.37
1142	 18.00	 18.00	164.00	 19.42	 34.76	-50.79
1143	 55.00	164.00	 91.00	 45.06	-37.78	  0.53
1144	184.00	150.00	154.00	 66.19	  7.48	  9.25
1145	146.00	219.00	146.00	 71.76	-26.56	 13.19
1146	240.00	249.00	252.00	 92.25	 -2.35	 -4.84
1147	 26.00	179.00	128.00	 42.87	-46.54	-21.11
1148	182.00	219.00	219.00	 77.59	-10.20	 -8.42
1149	233.00	  5.00	 65.00	 48.47	 70.37	 42.10
1150	255.00	109.00	 73.00	 71.15	 35.01	 55.37
1151	 99.00	 87.00	 87.00	 38.47	  5.96	  2.91
1152	146.00	146.00	219.00	 64.24	  7.85	-25.14
1153	109.00	219.00	146.00	 66.36	-36.87	  4.87
1154	146.00	 36.00	 36.00	 37.75	 34.87	 30.89
1155	 20.00	 20.00	 20.00	  8.41	  5.61	 -0.81
1156	 91.00	 55.00	128.00	 36.63	 23.22	-17.06
1157	  0.00	102.00	153.00	 23.42	-10.35	-45.27
1158	 73.00	255.00	109.00	 61.40	-66.93	 14.35
1159	146.00	109.00	109.00	 52.17	  8.96	 11.57
1160	146.00	219.00	219.00	 73.82	-18.23	-15.19
1161	 10.00	192.00	 14.00	 37.99	-66.13	 25.32
1162	117.00	105.00	105.00	 45.19	  4.52	  3.85
1163	128.00	164.00	 18.00	 55.52	-16.69	 56.87
1164	255.00	255.00	153.00	 92.99	 -8.91	 37.90
1165	122.00	 91.00	 80.00	 44.37	  8.37	 12.78
1166	 51.00	204.00	  0.00	 46.90	-50.64	 45.45
1167	 39.00	 19.00	 71.00	 16.68	 21.09	-13.79
1168	164.00	 18.00	237.00	 44.76	 63.73	-29.71
1169	255.00	109.00	255.00	 72.22	 46.58	-18.03
1170	219.00	 36.00	 36.00	 52.49	 52.79	 53.17
1171	 55.00	 55.00	128.00	 29.45	 15.50	-28.35
1172	146.00	255.00	109.00	 73.85	-44.90	 31.99
1173	128.00	200.00	164.00	 66.04	-22.84	 -1.30
1174	200.00	128.00	 91.00	 64.35	 14.25	 36.50
1175	 91.00	 18.00	 55.00	 25.20	 31.97	  4.96
1176	255.00	 51.00	255.00	 60.35	 68.49	-19.93
1177	204.00	204.00	 51.00	 75.22	-10.85	 65.04
1178	146.00	182.00	 36.00	 62.46	-19.36	 54.34
1179	221.00	232.00	190.00	 84.56	 -7.22	 13.69
1180	219.00	182.00	219.00	 77.97	 10.67	 -4.82
1181	128.00	128.00	179.00	 56.27	  6.14	-16.26
1182	104.00	252.00	209.00	 72.72	-39.68	-15.39
1183	255.00	102.00	255.00	 70.65	 49.65	-18.78
1184	 36.00	219.00	  0.00	 47.50	-60.48	 44.07
1185	182.00	109.00	146.00	 59.52	 20.37	  7.60
1186	  0.00	255.00	  0.00	 50.39	-82.12	 38.01
1187	237.00	200.00	 18.00	 79.42	  0.77	 89.35
1188	230.00	 77.00	230.00	 64.95	 49.17	-14.40
1189	102.00	  0.00	153.00	 29.24	 51.96	-18.54
1190	255.00	 51.00	204.00	 60.71	 64.45	 -1.26
1191	185.00	185.00	185.00	 71.76	 -0.68	  1.90
1192	 78.00	  9.00	255.00	 34.07	 60.71	-53.43
1193	176.00	205.00	178.00	 74.16	-10.69	  4.84
1194	102.00	204.00	204.00	 66.02	-24.84	-19.91
1195	 73.00	255.00	 36.00	 59.23	-69.14	 46.70
1196	242.00	242.00	254.00	 91.08	  0.57	 -6.22
1197	125.00	125.00	125.00	 51.09	  0.63	  2.15
1198	 46.00	  8.00	176.00	 23.65	 44.04	-43.17
1199	255.00	  0.00	153.00	 49.64	 78.58	 20.99
1200	204.00	255.00	153.00	 84.41	-23.59	 27.77
1201	189.00	247.00	197.00	 82.74	-18.98	  5.44
1202	  0.00	219.00	  0.00	 41.32	-77.10	 32.01
1203	 53.00	 68.00	 37.00	 23.69	 -2.57	  7.82
1204	 77.00	230.00	230.00	 67.06	-35.27	-30.21
1205	255.00	219.00	 73.00	 86.06	 -0.21	 69.60
1206	203.00	212.00	  1.00	 74.31	 -7.35	 89.51
1207	146.00	219.00	182.00	 72.02	-22.24	 -1.41
1208	 82.00	 82.00	 82.00	 34.36	  3.52	 -0.97
1209	204.00	153.00	  0.00	 66.42	  9.56	 81.80
1210	 74.00	158.00	245.00	 55.77	 -5.43	-47.86
1211	 43.00	162.00	188.00	 47.54	-26.03	-39.90
1212	151.00	151.00	163.00	 61.69	  1.00	 -1.24
1213	229.00	165.00	 64.00	 74.07	  9.66	 58.57
1214	 51.00	153.00	153.00	 45.04	-25.88	-25.47
1215	200.00	237.00	 18.00	 78.08	-20.08	 83.96
1216	120.00	 38.00	  2.00	 32.25	 26.85	 37.95
1217	148.00	 31.00	174.00	 42.52	 50.06	-16.67
1218	146.00	 73.00	 73.00	 46.56	 20.68	 20.24
1219	109.00	  0.00	109.00	 28.31	 48.64	 -5.58
1220	 13.00	 13.00	 52.00	  9.25	 13.32	-14.66
1221	255.00	219.00	 98.00	 86.51	  0.46	 58.61
1222	 73.00	109.00	 73.00	 38.02	 -9.48	  4.58
1223	204.00	  0.00	153.00	 43.59	 69.92	  6.74
1224	 26.00	230.00	 26.00	 48.41	-73.62	 31.67
1225	128.00	 26.00	128.00	 36.32	 42.80	 -7.63
1226	153.00	102.00	153.00	 54.72	 17.65	 -3.71
1227	178.00	190.00	178.00	 72.09	 -4.71	  3.59
1228	153.00	153.00	 51.00	 59.08	 -7.59	 43.95
1229	116.00	168.00	166.00	 59.73	-14.04	 -8.31
1230	 74.00	 40.00	 40.00	 24.10	 14.91	  6.83
1231	200.00	200.00	200.00	 76.59	 -0.76	  0.71
1232	102.00	255.00	204.00	 72.27	-42.29	-13.90
1233	237.00	200.00	 91.00	 80.12	  0.70	 54.89
1234	 18.00	237.00	164.00	 51.11	-61.07	-25.88
1235	147.00	  0.00	 67.00	 34.39	 54.22	 15.14
1236	219.00	255.00	255.00	 89.75	 -7.84	 -8.91
1237	255.00	219.00	 36.00	 85.73	 -1.34	 87.18
1238	109.00	182.00	219.00	 64.19	-13.12	-26.71
1239	 89.00	 44.00	 27.00	 27.74	 16.17	 18.23
1240	  0.00	109.00	 73.00	 18.71	-31.90	-15.71
1241	  0.00	  0.00	219.00	 19.72	 52.33	-68.27
1242	  0.00	 73.00	109.00	 16.02	 -7.62	-34.25
1243	 19.00	 24.00	 81.00	 14.19	 15.40	-22.80
1244	179.00	 26.00	179.00	 45.70	 57.89	 -9.95
1245	146.00	 73.00	182.00	 50.55	 31.11	-18.11
1246	 51.00	  0.00	102.00	 19.02	 36.89	-18.79
1247	146.00	109.00	146.00	 54.46	 12.84	 -1.90
1248	182.00	146.00	255.00	 68.57	 19.49	-29.55
1249	204.00	  0.00	  0.00	 43.78	 63.48	 50.76
1250	255.00	109.00	  0.00	 69.65	 37.07	 90.58
1251	109.00	  0.00	182.00	 31.56	 56.00	-24.47
1252	230.00	128.00	 77.00	 69.54	 21.16	 48.74
1253	 51.00	 51.00	 51.00	 21.01	  4.56	 -2.17
1254	255.00	102.00	 51.00	 70.11	 36.46	 64.88
1255	200.00	 91.00	164.00	 60.76	 32.33	  2.92
1256	237.00	237.00	 55.00	 85.30	-10.34	 76.77
1257	134.00	130.00	187.00	 57.81	  6.94	-17.30
1258	 91.00	 55.00	 18.00	 30.02	 11.97	 25.51
1259	205.00	217.00	205.00	 79.37	 -4.96	  1.80
1260	164.00	 55.00	 55.00	 45.59	 32.19	 30.76
1261	128.00	164.00	 91.00	 57.59	-16.38	 21.39
1262	219.00	109.00	 36.00	 64.20	 25.03	 61.56
1263	230.00	 26.00	 77.00	 53.17	 60.56	 40.13
1264	140.00	179.00	140.00	 62.81	-14.35	  7.87
1265	 36.00	255.00	255.00	 65.58	-44.23	-44.57
1266	255.00	146.00	255.00	 78.13	 34.13	-15.45
1267	  0.00	219.00	 73.00	 35.75	-74.28	 -0.69
1268	182.00	146.00	109.00	 63.97	  4.81	 26.86
1269	 24.00	 69.00	 27.00	 19.33	-12.45	  5.71
1270	214.00	195.00	137.00	 77.35	 -1.50	 29.37
1271	128.00	 26.00	 26.00	 32.27	 34.66	 28.28
1272	138.00	228.00	255.00	 73.57	-18.22	-29.78
1273	255.00	  0.00	146.00	 49.61	 78.68	 22.94
1274	182.00	  0.00	  0.00	 39.35	 57.79	 44.69
1275	  0.00	109.00	 36.00	 19.26	-39.10	  0.50
1276	200.00	128.00	164.00	 66.64	 19.05	  7.56
1277	230.00	 77.00	128.00	 62.53	 41.25	 23.72
1278	179.00	179.00	179.00	 70.35	 -0.61	  1.93
1279	 68.00	 35.00	135.00	 29.45	 29.11	-26.89
1280	 26.00	 77.00	128.00	 25.97	 -0.55	-35.11
1281	 77.00	 26.00	230.00	 35.45	 49.44	-53.93
1282	225.00	 11.00	254.00	 50.55	 75.93	-17.71
1283	  0.00	204.00	  0.00	 39.57	-73.67	 30.21
1284	142.00	158.00	 20.00	 57.85	-11.48	 59.11
1285	 27.00	 27.00	 27.00	 10.44	  6.32	 -1.81
1286	 55.00	 18.00	237.00	 32.26	 52.41	-60.35
1287	 89.00	 89.00	128.00	 41.24	  7.33	-14.28
1288	 13.00	101.00	139.00	 26.18	-11.93	-38.89
1289	 36.00	219.00	219.00	 56.94	-43.82	-42.39
1290	109.00	 36.00	219.00	 41.51	 47.33	-42.38
1291	192.00	  4.00	  6.00	 42.10	 59.27	 47.95
1292	151.00	180.00	143.00	 65.20	-11.30	  9.76
1293	237.00	 55.00	 55.00	 59.24	 48.63	 52.11
1294	153.00	  0.00	 51.00	 34.91	 54.16	 20.23
1295	 73.00	146.00	  0.00	 40.39	-25.16	 42.96
1296	254.00	173.00	145.00	 80.21	 16.23	 31.95
1297	255.00	 51.00	 51.00	 61.55	 56.00	 57.35
1298	  0.00	182.00	 36.00	 31.42	-66.49	  9.98
1299	 49.00	 65.00	 69.00	 24.43	  0.40	 -7.61
1300	  3.00	150.00	242.00	 38.12	-10.84	-68.73
1301	129.00	 28.00	 67.00	 34.96	 38.00	 12.86
1302	255.00	 51.00	  0.00	 61.99	 57.52	 82.15
1303	  0.00	219.00	 36.00	 37.68	-81.20	 15.94
1304	 91.00	164.00	 18.00	 48.10	-27.91	 45.39
1305	236.00	 53.00	167.00	 60.43	 53.79	  8.60
1306	255.00	217.00	217.00	 87.60	  7.76	  7.11
1307	109.00	255.00	146.00	 70.02	-51.44	  8.98
1308	  0.00	102.00	102.00	 18.71	-20.84	-27.94
1309	 28.00	 31.00	112.00	 19.00	 20.27	-32.21
1310	146.00	 73.00	  0.00	 44.12	 21.08	 53.26
1311	182.00	182.00	109.00	 69.54	 -8.04	 31.81
1312	 91.00	 18.00	 18.00	 23.72	 27.50	 18.69
1313	 18.00	 91.00	 18.00	 21.89	-24.39	 11.20
1314	153.00	 51.00	 51.00	 42.71	 31.25	 28.98
1315	 63.00	 45.00	 70.00	 25.12	 12.68	 -6.16
1316	153.00	 51.00	102.00	 44.49	 35.05	  9.52
1317	225.00	212.00	197.00	 81.88	  0.24	  9.17
1318	 73.00	  0.00	  0.00	 14.42	 26.98	 16.58
1319	128.00	 91.00	200.00	 52.37	 22.52	-28.14
1320	102.00	 51.00	102.00	 35.37	 23.75	 -5.77
1321	 35.00	 51.00	103.00	 22.92	  9.75	-26.20
1322	109.00	 36.00	182.00	 39.38	 42.96	-30.71
1323	 93.00	 14.00	  5.00	 22.98	 28.83	 24.47
1324	146.00	146.00	146.00	 58.61	 -0.18	  2.50
1325	101.00	100.00	105.00	 42.52	  2.79	 -1.33
1326	255.00	255.00	255.00	 95.15	 -1.24	 -2.27
1327	255.00	219.00	109.00	 86.63	  0.57	 54.20
1328	242.00	216.00	227.00	 86.22	  5.14	  1.05
1329	  0.00	  0.00	 73.00	  8.83	 20.41	-24.22
1330	219.00	109.00	 73.00	 64.64	 25.08	 45.47
1331	179.00	230.00	 26.00	 74.33	-26.02	 74.16
1332	200.00	200.00	 18.00	 72.51	 -8.85	 79.24
1333	116.00	190.00	142.00	 61.98	-24.17	  2.76
1334	219.00	182.00	 73.00	 75.22	  0.89	 54.97
1335	200.00	200.00	164.00	 76.61	 -4.20	 15.43
1336	182.00	 73.00	  0.00	 51.05	 30.84	 64.80
1337	 27.00	 85.00	 75.00	 24.29	-12.09	-12.32
1338	  7.00	113.00	 80.00	 22.68	-29.67	-16.64
1339	  0.00	146.00	  0.00	 29.69	-53.79	 22.62
1340	 90.00	163.00	123.00	 53.54	-23.26	 -0.29
1341	128.00	 55.00	 55.00	 38.99	 23.01	 20.16
1342	 77.00	230.00	 77.00	 58.99	-57.94	 22.91
1343	 36.00	219.00	146.00	 52.13	-56.22	-18.23
1344	164.00	164.00	164.00	 65.42	 -0.72	  2.68
1345	  0.00	 36.00	 36.00	  6.98	 -8.01	-11.96
1346	219.00	219.00	146.00	 81.23	 -7.39	 29.69
1347	237.00	 18.00	164.00	 53.18	 68.25	 10.25
1348	109.00	255.00	219.00	 73.89	-38.92	-17.59
1349	  0.00	153.00	102.00	 26.79	-42.85	-20.09
1350	102.00	255.00	  0.00	 64.44	-49.97	 68.74
1351	102.00	255.00	255.00	 74.74	-32.99	-31.25
1352	196.00	196.00	208.00	 76.38	  0.29	 -3.79
1353	200.00	200.00	200.00	 76.54	 -0.87	  0.56
1354	200.00	 55.00	237.00	 55.60	 55.06	-26.21
1355	219.00	 73.00	219.00	 61.89	 49.20	-13.72
1356	128.00	164.00	200.00	 62.43	 -5.56	-19.47
1357	164.00	237.00	 91.00	 74.41	-33.40	 41.19
1358	204.00	153.00	204.00	 72.00	 14.77	 -4.95
1359	 51.00	204.00	102.00	 52.20	-54.19	  0.50
1360	109.00	109.00	146.00	 48.86	  5.56	-12.04
1361	 55.00	 18.00	200.00	 28.44	 45.39	-49.95
1362	164.00	237.00	 18.00	 72.84	-30.79	 76.08
1363	112.00	192.00	190.00	 64.26	-20.82	-14.58
1364	179.00	238.00	211.00	 80.03	-17.54	 -3.33
1365	255.00	182.00	255.00	 82.36	 21.99	-12.22
1366	 96.00	 96.00	108.00	 41.55	  3.91	 -4.37
1367	204.00	  0.00	204.00	 44.27	 72.52	 -6.21
1368	128.00	 26.00	230.00	 41.70	 55.08	-38.74
1369	155.00	155.00	155.00	 61.50	 -0.18	  2.65
1370	 80.00	 93.00	111.00	 39.34	  1.99	-10.56
1371	255.00	 36.00	146.00	 58.03	 65.93	 20.43
1372	109.00	182.00	  0.00	 53.57	-25.72	 59.11
1373	255.00	102.00	102.00	 69.98	 38.49	 41.70
1374	169.00	212.00	167.00	 73.97	-15.40	  8.68
1375	187.00	199.00	187.00	 74.69	 -4.83	  2.60
1376	146.00	 73.00	109.00	 46.72	 23.51	  7.17
1377	 62.00	 21.00	 17.00	 17.89	 17.59	 11.72
1378	102.00	102.00	 51.00	 42.71	 -2.14	 22.00
1379	128.00	237.00	 55.00	 67.04	-45.65	 47.05
1380	  0.00	182.00	219.00	 40.40	-28.70	-58.75
1381	 91.00	164.00	 55.00	 51.03	-28.90	 26.99
1382	  0.00	  0.00	  0.00	  1.23	 -1.66	  0.83
1383	 68.00	167.00	 78.00	 47.94	-35.34	 10.67
1384	153.00	204.00	102.00	 67.94	-23.82	 29.75
1385	109.00	219.00	219.00	 69.33	-26.52	-21.65
1386	 18.00	 18.00	 18.00	  7.91	  5.64	 -0.52
1387	 18.00	237.00	 55.00	 45.77	-81.21	 16.20
1388	 77.00	 26.00	128.00	 29.24	 33.93	-21.72
1389	  0.00	 36.00	  0.00	 10.71	-14.03	  6.75
1390	182.00	 73.00	219.00	 57.11	 42.20	-22.27
1391	 18.00	 18.00	 55.00	 11.64	 12.69	-14.25
1392	200.00	 55.00	200.00	 55.08	 52.24	-12.37
1393	155.00	167.00	163.00	 64.25	 -3.92	  1.52
1394	240.00	192.00	219.00	 81.85	 11.58	  1.14
1395	 26.00	128.00	128.00	 33.76	-24.78	-28.54
1396	164.00	 91.00	 18.00	 50.72	 19.05	 55.66
1397	 87.00	 87.00	 99.00	 38.09	  4.62	 -5.14
1398	166.00	166.00	205.00	 68.25	  3.40	-12.57
1399	153.00	204.00	204.00	 72.97	-12.85	-10.05
1400	 18.00	 91.00	237.00	 33.34	 14.53	-73.44
1401	143.00	219.00	202.00	 73.65	-21.51	 -9.09
1402	200.00	128.00	 55.00	 63.35	 13.42	 50.49
1403	219.00	 73.00	146.00	 60.40	 41.98	 12.83
1404	219.00	146.00	  0.00	 68.58	 15.76	 85.92
1405	200.00	237.00	164.00	 81.51	-16.81	 19.77
1406	128.00	237.00	237.00	 74.20	-26.10	-23.26
1407	 51.00	  0.00	 51.00	 14.48	 29.52	 -4.13
1408	219.00	146.00	 36.00	 69.03	 12.30	 67.29
1409	109.00	255.00	255.00	 75.89	-31.31	-30.17
1410	  0.00	182.00	255.00	 42.58	-19.71	-69.19
1411	182.00	219.00	182.00	 77.34	-12.88	  6.28
1412	200.00	164.00	 55.00	 68.59	  1.33	 56.54
1413	 84.00	 82.00	172.00	 44.24	 15.48	-32.32
1414	255.00	182.00	 73.00	 81.43	 10.70	 63.46
1415	 81.00	 69.00	 69.00	 30.60	  6.96	  1.92
1416	219.00	  0.00	109.00	 45.50	 71.29	 23.39
1417	 77.00	230.00	128.00	 61.65	-52.29	  4.75
1418	182.00	 36.00	  0.00	 44.63	 44.59	 58.02
1419	128.00	128.00	 55.00	 52.00	 -5.10	 31.98
1420	164.00	164.00	200.00	 67.43	  3.05	-11.16
1421	 27.00	  4.00	 91.00	 15.00	 29.08	-23.22
1422	219.00	182.00	146.00	 76.46	  4.27	 25.03
1423	255.00	  0.00	219.00	 49.34	 80.48	  3.23
1424	 77.00	161.00	 39.00	 46.11	-31.85	 28.92
1425	 36.00	 36.00	  0.00	 14.65	  1.80	 14.85
1426	 55.00	128.00	128.00	 40.99	-17.41	-19.63
1427	128.00	164.00	237.00	 64.17	  0.23	-32.51
1428	219.00	  0.00	 73.00	 46.09	 70.05	 35.61
1429	163.00	178.00	212.00	 70.35	 -0.08	-14.58
1430	 51.00	 51.00	  0.00	 20.19	  2.12	 20.97
1431	164.00	 91.00	 91.00	 51.87	 19.40	 21.27
1432	 96.00	108.00	 96.00	 42.04	 -2.08	  1.37
1433	  0.00	  0.00	102.00	 10.64	 27.34	-33.38
1434	147.00	204.00	191.00	 70.71	-16.20	 -6.36
1435	 73.00	 36.00	146.00	 30.98	 31.33	-29.44
1436	 90.00	 62.00	128.00	 37.50	 19.58	-17.07
1437	128.00	 77.00	 77.00	 43.88	 14.99	 14.20
1438	  0.00	182.00	182.00	 37.51	-37.44	-45.26
1439	 18.00	 91.00	164.00	 28.10	 -2.83	-47.69
1440	102.00	 51.00	153.00	 39.44	 30.66	-23.08
1441	188.00	118.00	117.00	 61.59	 16.86	 21.31
1442	179.00	230.00	230.00	 78.95	-13.17	-11.67
1443	  7.00	200.00	211.00	 45.20	-39.88	-51.42
1444	 73.00	212.00	178.00	 60.41	-38.08	-18.32
1445	  0.00	 26.00	  0.00	  8.52	 -9.93	  4.95
1446	 18.00	237.00	 91.00	 46.21	-77.65	  0.87
1447	230.00	179.00	 26.00	 75.44	  4.87	 79.96
1448	146.00	  0.00	219.00	 38.29	 64.90	-25.24
1449	240.00	197.00	196.00	 81.97	  8.26	 10.07
1450	255.00	204.00	255.00	 85.78	 15.71	 -9.63
1451	128.00	 77.00	 26.00	 41.61	 13.72	 35.89
1452	237.00	164.00	128.00	 76.56	 13.21	 34.32
1453	164.00	164.00	237.00	 68.67	  7.46	-24.49
1454	179.00	230.00	 77.00	 74.91	-26.54	 50.07
1455	255.00	153.00	  0.00	 76.29	 22.44	 96.73
1456	204.00	 51.00	 51.00	 52.16	 43.87	 44.29
1457	102.00	  0.00	  0.00	 21.50	 35.65	 24.35
1458	  0.00	146.00	109.00	 25.78	-38.69	-23.61
1459	 97.00	 82.00	111.00	 41.11	 10.54	 -7.49
1460	146.00	255.00	  0.00	 71.39	-37.17	 79.74
1461	 77.00	 77.00	 26.00	 31.24	  0.37	 20.78
1462	215.00	215.00	227.00	 81.51	  0.68	 -5.71
1463	200.00	237.00	128.00	 80.40	-19.74	 33.75
1464	255.00	109.00	109.00	 71.18	 36.04	 39.79
1465	219.00	146.00	109.00	 71.05	 14.00	 36.46
1466	123.00	136.00	 81.00	 52.26	 -7.05	 20.74
1467	 88.00	 75.00	 95.00	 36.26	  9.00	 -4.58
1468	 73.00	219.00	  0.00	 53.39	-49.30	 54.20
1469	 15.00	 15.00	 15.00	  6.73	  5.46	 -0.72
1470	 73.00	255.00	219.00	 68.60	-46.35	-25.05
1471	 73.00	109.00	  0.00	 34.08	-10.84	 37.83
1472	 96.00	115.00	128.00	 46.68	 -1.92	 -8.98
1473	 36.00	182.00	  0.00	 40.42	-50.86	 37.57
1474	193.00	138.00	199.00	 68.05	 18.50	 -6.62
1475	164.00	 55.00	237.00	 50.85	 48.70	-34.04
1476	237.00	 55.00	 18.00	 59.18	 48.46	 70.82
1477	209.00	204.00	226.00	 79.17	  2.22	 -7.49
1478	255.00	 36.00	109.00	 58.94	 64.08	 33.64
1479	 36.00	182.00	109.00	 45.37	-48.87	-10.85
1480	252.00	 14.00	224.00	 52.49	 77.62	 -5.56
1481	 78.00	109.00	148.00	 44.34	 -1.11	-21.58
1482	153.00	  0.00	255.00	 41.45	 69.62	-31.90
1483	 26.00	 26.00	 26.00	 10.03	  6.29	 -1.58
1484	164.00	 91.00	237.00	 57.79	 33.88	-31.94
1485	 77.00	179.00	 77.00	 52.09	-38.29	 15.69
1486	128.00	 55.00	164.00	 43.85	 34.61	-18.97
1487	 73.00	 36.00	  0.00	 23.23	 13.47	 25.77
1488	 36.00	 36.00	182.00	 25.67	 32.09	-54.53
1489	219.00	109.00	255.00	 67.90	 40.81	-25.02
1490	 76.00	  8.00	 68.00	 21.95	 33.95	 -2.94
1491	255.00	  0.00	 51.00	 50.96	 77.06	 49.95
1492	183.00	138.00	111.00	 63.53	  7.50	 24.61
1493	 26.00	 26.00	179.00	 23.29	 35.10	-54.84
1494	 73.00	255.00	255.00	 71.08	-39.05	-36.99
1495	108.00	132.00	100.00	 49.94	 -7.70	  6.87
1496	  3.00	255.00	 21.00	 47.31	-87.11	 32.92
1497	209.00	209.00	209.00	 78.98	 -0.60	  0.06
1498	237.00	128.00	200.00	 72.75	 30.12	  2.52
1499	128.00	 18.00	 18.00	 30.81	 37.06	 29.07
1500	219.00	109.00	219.00	 68.66	 33.76	-10.81
1501	124.00	124.00	136.00	 51.87	  1.81	 -2.62
1502	209.00	197.00	 46.00	 74.77	 -6.99	 68.00
1503	102.00	153.00	255.00	 58.52	  3.41	-45.74
1504	 73.00	255.00	146.00	 63.47	-61.80	  0.54
1505	  0.00	255.00	153.00	 45.97	-69.74	-22.92
1506	 18.00	 91.00	 91.00	 23.13	-15.53	-20.92
1507	 73.00	  0.00	255.00	 33.36	 63.23	-51.25
1508	 55.00	237.00	 91.00	 56.09	-67.67	 12.66
1509	162.00	190.00	 77.00	 66.44	-17.09	 41.39
1510	146.00	146.00	 73.00	 57.29	 -5.74	 31.63
1511	200.00	 18.00	 55.00	 46.06	 56.85	 35.69
1512	105.00	117.00	105.00	 46.26	 -2.69	  1.40
1513	 55.00	128.00	 18.00	 34.60	-25.40	 27.77
1514	 94.00	254.00	177.00	 69.48	-48.99	 -5.18
1515	  0.00	 51.00	 51.00	  9.44	-11.96	-15.81
1516	204.00	 51.00	153.00	 53.71	 49.29	  5.15
1517	146.00	 36.00	 73.00	 39.53	 38.04	 16.49
1518	 69.00	100.00	 69.00	 34.87	 -7.77	  3.13
1519	230.00	230.00	 77.00	 83.35	-10.01	 63.10
1520	 73.00	 73.00	182.00	 41.33	 18.68	-40.28
1521	 23.00	 35.00	 23.00	 10.72	 -0.96	  0.38
1522	164.00	164.00	 55.00	 62.24	 -7.84	 47.44
1523	 51.00	102.00	204.00	 42.48	  5.48	-50.89
1524	182.00	 73.00	 36.00	 51.43	 28.61	 47.37
1525	146.00	 36.00	255.00	 44.59	 57.74	-42.36
1526	  7.00	 76.00	 68.00	 16.27	-16.34	-16.53
1527	 55.00	237.00	 18.00	 53.52	-63.72	 45.96
1528	187.00	187.00	199.00	 73.12	  0.31	 -3.43
1529	  0.00	  0.00	  8.00	  3.12	  1.58	 -1.33
1530	 73.00	219.00	 73.00	 56.59	-55.38	 21.62
1531	 36.00	255.00	219.00	 62.09	-52.84	-33.28
1532	 73.00	219.00	255.00	 65.55	-28.61	-42.17
1533	230.00	179.00	179.00	 77.89	 10.24	 13.87
1534	 77.00	230.00	 26.00	 56.71	-56.52	 48.04
1535	230.00	 26.00	179.00	 53.46	 66.19	  2.11
1536	153.00	204.00	255.00	 72.48	 -7.81	-30.08
1537	188.00	164.00	135.00	 69.07	  1.36	 20.47
1538	 18.00	237.00	200.00	 54.54	-52.90	-36.92
1539	199.00	217.00	143.00	 78.09	-12.44	 26.10
1540	144.00	116.00	175.00	 56.81	 13.17	-11.98
1541	182.00	219.00	 36.00	 72.96	-22.07	 69.51
1542	 36.00	146.00	109.00	 39.17	-34.85	-15.58
1543	 60.00	 60.00	 60.00	 24.66	  4.01	 -1.31
1544	115.00	147.00	137.00	 54.96	 -9.16	 -1.01
1545	219.00	  0.00	182.00	 45.31	 73.41	  2.74
1546	255.00	146.00	 36.00	 75.80	 22.09	 76.94
1547	166.00	116.00	160.00	 59.33	 15.45	 -0.71
1548	200.00	237.00	 91.00	 79.84	-22.28	 49.64
1549	255.00	255.00	102.00	 91.65	-10.75	 59.04
1550	237.00	 91.00	 91.00	 65.31	 36.48	 40.35
1551	126.00	124.00	 68.00	 50.64	 -3.32	 25.05
1552	 91.00	164.00	128.00	 54.35	-23.44	 -1.61
1553	255.00	182.00	109.00	 81.32	 12.22	 48.50
1554	 55.00	200.00	128.00	 53.27	-47.79	 -8.87
1555	240.00	111.00	212.00	 70.65	 37.07	 -4.31
1556	 26.00	128.00	230.00	 41.68	 -4.35	-64.20
1557	109.00	219.00	182.00	 67.74	-31.09	 -9.37
1558	237.00	128.00	 91.00	 70.82	 22.80	 45.30
1559	182.00	109.00	  0.00	 56.50	 18.98	 69.60
1560	230.00	128.00	128.00	 70.78	 22.92	 28.19
1561	241.00	249.00	221.00	 90.98	 -5.84	  8.90
1562	128.00	237.00	164.00	 72.38	-35.89	  4.50
1563	188.00	 10.00	187.00	 44.06	 65.44	 -8.19
1564	 73.00	  0.00	182.00	 26.36	 50.59	-35.16
1565	135.00	 75.00	182.00	 49.26	 28.37	-21.83
1566	219.00	  0.00	  0.00	 45.86	 67.37	 55.87
1567	146.00	182.00	146.00	 65.08	-12.61	  7.52
1568	204.00	204.00	255.00	 78.62	  3.72	-20.16
1569	 73.00	182.00	146.00	 54.68	-32.99	-11.38
1570	  0.00	 37.00	200.00	 19.07	 29.48	-68.38
1571	 91.00	 91.00	128.00	 42.00	  6.78	-13.67
1572	109.00	182.00	182.00	 61.67	-18.60	-13.27
1573	209.00	226.00	248.00	 82.85	 -1.66	-13.53
1574	  0.00	255.00	109.00	 40.90	-79.84	 -7.04
1575	128.00	200.00	237.00	 68.89	-12.04	-27.56
1576	208.00	100.00	199.00	 65.22	 33.41	 -7.01
1577	 51.00	  0.00	255.00	 31.60	 62.51	-57.40
1578	255.00	219.00	146.00	 87.38	  1.41	 38.10
1579	240.00	240.00	240.00	 90.03	 -0.45	 -0.87
1580	 30.00	 90.00	249.00	 36.49	 18.24	-72.76
1581	156.00	215.00	 47.00	 68.56	-28.25	 55.95
1582	250.00	250.00	250.00	 93.37	 -0.86	 -2.11
1583	222.00	134.00	237.00	 71.99	 28.62	-15.49
1584	179.00	230.00	179.00	 78.16	-17.37	  8.52
1585	  0.00	  0.00	255.00	 28.41	 60.03	-71.46
1586	 18.00	 55.00	 18.00	 14.99	-10.46	  6.38
1587	128.00	 55.00	 18.00	 37.10	 22.32	 36.85
1588	231.00	173.00	230.00	 78.18	 17.67	 -6.80
1589	 40.00	 40.00	 40.00	 15.66	  5.75	 -1.43
1590	237.00	 55.00	 91.00	 60.01	 49.23	 37.60
1591	255.00	109.00	182.00	 71.23	 40.54	  9.60
1592	181.00	169.00	169.00	 68.56	  1.75	  5.39
1593	114.00	173.00	100.00	 57.65	-22.90	 16.12
1594	219.00	146.00	 73.00	 69.88	 13.10	 50.40
1595	  0.00	255.00	204.00	 52.87	-56.94	-38.74
1596	128.00	 91.00	237.00	 53.22	 27.48	-41.36
1597	104.00	152.00	 73.00	 51.79	-19.56	 21.05
1598	 93.00	164.00	100.00	 54.11	-25.20	  8.93
1599	 26.00	230.00	 77.00	 47.94	-75.12	  7.37
1600	 96.00	133.00	 16.00	 43.40	-14.99	 42.53
1601	 36.00	109.00	109.00	 32.30	-15.46	-22.00
1602	 36.00	146.00	 36.00	 34.75	-40.53	 15.59
1603	255.00	146.00	 73.00	 76.52	 22.31	 58.66
1604	230.00	230.00	179.00	 84.81	 -6.16	 20.51
1605	128.00	 77.00	230.00	 51.27	 32.56	-39.73
1606	  0.00	 73.00	  0.00	 18.11	-28.36	 12.85
1607	176.00	169.00	212.00	 70.78	  4.86	-12.85
1608	128.00	128.00	164.00	 55.93	  4.27	-11.24
1609	219.00	255.00	182.00	 87.92	-16.46	 20.85
1610	 77.00	 77.00	179.00	 42.82	 16.95	-36.83
1611	213.00	198.00	208.00	 78.32	  3.37	 -0.27
1612	208.00	146.00	157.00	 70.75	 13.79	 13.64
1613	170.00	170.00	170.00	 67.40	 -0.48	  2.44
1614	146.00	  0.00	182.00	 36.15	 61.85	-14.13
1615	255.00	255.00	255.00	 94.68	 -1.12	 -2.20
1616	237.00	 18.00	 55.00	 52.85	 64.10	 47.01
1617	169.00	170.00	159.00	 67.02	 -2.10	  6.20
1618	 91.00	128.00	164.00	 51.42	 -3.99	-19.84
1619	 91.00	128.00	200.00	 52.79	  1.38	-32.93
1620	146.00	182.00	 73.00	 62.50	-18.99	 36.71
1621	 73.00	 73.00	219.00	 43.36	 24.72	-51.63
1622	 88.00	 74.00	 23.00	 33.83	  3.77	 25.07
1623	164.00	128.00	 55.00	 56.92	  4.46	 41.83
1624	  0.00	219.00	219.00	 47.73	-44.66	-52.59
1625	182.00	255.00	255.00	 84.88	-16.26	-16.07
1626	128.00	179.00	179.00	 63.45	-13.66	 -9.34
1627	173.00	173.00	173.00	 68.28	 -0.63	  2.08
1628	 51.00	153.00	255.00	 50.34	 -5.31	-58.84
1629	153.00	102.00	102.00	 52.63	 13.01	 15.05
1630	 59.00	 47.00	 35.00	 21.45	  7.41	  6.61
1631	102.00	153.00	204.00	 57.45	 -5.45	-27.78
1632	109.00	219.00	255.00	 70.15	-21.22	-35.43
1633	182.00	 36.00	255.00	 49.90	 62.71	-34.14
1634	 14.00	 26.00	 14.00	  7.76	 -0.91	  1.34
1635	 69.00	 81.00	 69.00	 31.03	 -0.54	 -0.05
1636	182.00	182.00	182.00	 71.13	 -0.94	  1.90
1637	 64.00	 64.00	 64.00	 26.82	  3.80	 -1.67
1638	111.00	 69.00	 69.00	 38.37	 13.72	 10.46
1639	219.00	 36.00	 73.00	 52.73	 54.03	 38.48
1640	204.00	255.00	204.00	 86.13	-17.53	  7.11
1641	130.00	130.00	130.00	 52.52	  0.64	  2.51
1642	 51.00	  0.00	  0.00	 10.61	 21.34	 10.76
1643	  0.00	 73.00	219.00	 24.77	 17.25	-71.35
1644	237.00	237.00	200.00	 87.31	 -4.72	 14.67
1645	 18.00	128.00	164.00	 34.29	-18.85	-43.38
1646	166.00	146.00	190.00	 65.24	  8.88	 -8.74
1647	109.00	 73.00	 36.00	 37.86	 10.17	 24.60
1648	204.00	204.00	102.00	 75.98	 -9.55	 42.55
1649	 26.00	 77.00	230.00	 34.00	 20.25	-71.21
1650	 73.00	 73.00	 73.00	 30.79	  3.65	 -1.15
1651	206.00	246.00	199.00	 84.27	-14.53	  7.81
1652	210.00	210.00	210.00	 79.77	 -0.90	 -0.13
1653	200.00	128.00	128.00	 65.32	 16.40	 21.76
1654	 85.00	 85.00	 85.00	 35.72	  3.22	 -0.64
1655	255.00	153.00	 51.00	 77.02	 20.05	 70.04
1656	182.00	 36.00	 73.00	 46.32	 46.19	 26.94
1657	230.00	128.00	230.00	 72.06	 31.30	-12.27
1658	156.00	217.00	112.00	 70.76	-26.74	 28.19
1659	  0.00	 51.00	204.00	 21.06	 23.52	-68.31
1660	255.00	 51.00	102.00	 61.54	 56.51	 36.23
1661	176.00	100.00	135.00	 56.79	 21.56	  9.40
1662	146.00	 36.00	146.00	 41.69	 44.39	 -8.41
1663	 18.00	128.00	 18.00	 27.65	-39.05	 15.95
1664	 36.00	 73.00	219.00	 35.10	 20.58	-65.53
1665	164.00	 18.00	128.00	 40.83	 53.85	  2.07
1666	115.00	115.00	115.00	 47.13	  1.56	  1.36
1667	111.00	123.00	 63.00	 47.18	 -7.06	 22.76
1668	146.00	109.00	 36.00	 50.20	  6.31	 42.22
1669	 55.00	164.00	 18.00	 40.74	-38.61	 33.38
1670	250.00	180.00	250.00	 82.07	 21.26	-11.03
1671	182.00	 36.00	 36.00	 45.31	 45.39	 42.08
1672	 77.00	128.00	 26.00	 39.21	-18.49	 30.16
1673	170.00	142.00	206.00	 66.03	 12.81	-14.48
1674	109.00	182.00	146.00	 59.91	-22.99	 -1.30
1675	183.00	189.00	156.00	 71.64	 -5.63	 12.71
1676	102.00	102.00	255.00	 50.76	 22.99	-51.84
1677	255.00	 36.00	182.00	 57.43	 68.52	  8.04
1678	219.00	109.00	  0.00	 62.98	 28.21	 80.62
1679	114.00	114.00	126.00	 48.13	  2.59	 -3.61
1680	182.00	219.00	109.00	 75.59	-20.40	 36.16
1681	175.00	252.00	181.00	 80.76	-26.65	  9.04
1682	 51.00	255.00	153.00	 60.15	-65.40	 -7.77
1683	255.00	  0.00	182.00	 49.84	 79.76	 12.35
1684	128.00	200.00	200.00	 68.65	-18.08	-14.65
1685	 91.00	200.00	164.00	 60.72	-31.71	 -9.77
1686	219.00	 73.00	 73.00	 58.94	 39.11	 41.22
1687	 55.00	 91.00	200.00	 41.17	 10.24	-49.40
1688	246.00	165.00	187.00	 78.22	 18.48	 12.31
1689	 18.00	200.00	164.00	 44.58	-48.59	-33.39
1690	  3.00	168.00	119.00	 31.37	-45.36	-23.67
1691	  0.00	109.00	219.00	 29.08	  2.73	-66.22
1692	 90.00	 78.00	 78.00	 35.03	  6.39	  2.64
1693	140.00	140.00	179.00	 59.59	  3.81	-11.87
1694	182.00	140.00	175.00	 66.24	 12.03	  0.32
1695	128.00	128.00	200.00	 57.30	  7.97	-23.94
1696	 18.00	200.00	237.00	 49.09	-34.47	-57.20
1697	 73.00	146.00	255.00	 53.08	  1.12	-54.05
1698	164.00	128.00	128.00	 58.77	  8.31	 11.36
1699	167.00	 81.00	127.00	 52.38	 26.01	  7.88
1700	 77.00	 26.00	 26.00	 21.79	 20.63	 11.97
1701	142.00	154.00	142.00	 59.19	 -4.09	  4.56
1702	224.00	236.00	224.00	 86.49	 -4.33	  1.51
1703	237.00	237.00	 18.00	 84.42	 -8.64	 94.70
1704	237.00	 18.00	128.00	 53.03	 66.73	 23.42
1705	128.00	 91.00	128.00	 47.92	 14.48	 -2.93
1706	  0.00	 73.00	182.00	 21.88	  8.57	-58.58
1707	  0.00	  0.00	153.00	 14.41	 38.10	-49.57
1708	 36.00	146.00	  0.00	 33.78	-38.40	 32.88
1709	237.00	200.00	 55.00	 79.91	  0.29	 70.25
1710	 78.00	 78.00	 90.00	 34.03	  4.63	 -5.30
1711	188.00	176.00	255.00	 72.76	  9.31	-26.32
1712	 58.00	 18.00	  8.00	 16.27	 17.39	 13.48
1713	142.00	221.00	166.00	 72.04	-25.87	  4.57
1714	 73.00	146.00	219.00	 53.14	 -4.84	-42.61
1715	 36.00	109.00	 73.00	 29.88	-20.43	 -6.12
1716	109.00	  0.00	255.00	 37.22	 65.98	-41.93
1717	 42.00	 18.00	238.00	 31.32	 51.70	-64.44
1718	109.00	  0.00	219.00	 34.25	 59.94	-36.26
1719	 55.00	 91.00	 91.00	 32.69	 -5.14	-10.18
1720	146.00	219.00	 36.00	 66.70	-32.70	 59.04
1721	180.00	180.00	180.00	 70.86	 -0.99	  2.33
1722	102.00	102.00	204.00	 51.69	 13.60	-34.56
1723	200.00	128.00	200.00	 67.87	 23.28	 -6.28
1724	109.00	 73.00	255.00	 46.85	 34.94	-53.09
1725	237.00	200.00	237.00	 82.26	 10.96	 -6.08
1726	 73.00	182.00	 73.00	 52.07	-40.63	 17.14
1727	 55.00	 55.00	 55.00	 22.57	  3.80	 -2.27
1728	200.00	 91.00	 91.00	 58.46	 28.15	 31.14
1729	 18.00	164.00	 55.00	 33.66	-51.97	  4.20
1730	 18.00	200.00	200.00	 47.32	-42.23	-44.36
1731	126.00	118.00	154.00	 53.68	  6.96	 -9.22
1732	103.00	218.00	255.00	 69.26	-21.60	-36.96
1733	 15.00	 31.00	 27.00	  8.81	 -1.48	 -3.96
1734	237.00	164.00	 91.00	 75.23	 13.01	 48.28
1735	180.00	113.00	120.00	 59.00	 16.60	 17.47
1736	255.00	255.00	204.00	 93.33	 -5.53	 18.32
1737	255.00	 73.00	182.00	 65.65	 54.14	  7.49
1738	199.00	187.00	187.00	 74.37	  2.00	  3.99
1739	  9.00	 10.00	182.00	 18.57	 40.44	-57.05
1740	 36.00	109.00	182.00	 37.17	 -4.21	-48.49
1741	166.00	205.00	166.00	 72.39	-14.21	  7.38
1742	179.00	128.00	179.00	 63.70	 16.20	 -3.47
1743	 91.00	128.00	 18.00	 41.61	-14.46	 38.27
1744	255.00	  0.00	 36.00	 51.32	 77.00	 54.50
1745	109.00	  0.00	  0.00	 22.83	 37.75	 25.85
1746	107.00	164.00	134.00	 56.14	-18.39	  0.16
1747	182.00	255.00	 36.00	 78.32	-34.06	 73.64
1748	 60.00	 60.00	 72.00	 26.83	  5.67	 -6.30
1749	 36.00	255.00	 73.00	 53.02	-81.04	 18.95
1750	217.00	217.00	255.00	 82.09	  3.24	-16.24
1751	  0.00	146.00	219.00	 34.24	-12.13	-62.63
1752	 85.00	138.00	 98.00	 48.14	-16.87	  2.41
1753	 18.00	 55.00	 55.00	 15.95	 -5.69	-10.42
1754	 36.00	146.00	146.00	 40.81	-29.36	-28.46
1755	102.00	255.00	153.00	 69.20	-52.42	  5.33
1756	225.00	225.00	225.00	 84.74	 -0.39	 -0.81
1757	 72.00	197.00	123.00	 55.38	-41.67	 -1.45
1758	  0.00	153.00	255.00	 38.48	 -7.92	-72.55
1759	109.00	 36.00	 36.00	 30.87	 25.79	 19.35
1760	142.00	 86.00	158.00	 51.17	 22.53	 -9.84
1761	204.00	102.00	102.00	 61.13	 25.33	 30.03
1762	182.00	109.00	219.00	 63.47	 27.47	-19.83
1763	237.00	128.00	 55.00	 70.31	 22.36	 60.26
1764	  0.00	153.00	153.00	 30.20	-31.24	-39.16
1765	164.00	237.00	 55.00	 72.86	-34.36	 57.22
1766	 18.00	200.00	 55.00	 40.60	-66.75	  9.08
1767	143.00	125.00	 98.00	 53.63	  1.87	 17.66
1768	200.00	200.00	 91.00	 74.88	 -9.15	 46.28
1769	134.00	177.00	168.00	 63.79	-12.32	 -3.40
1770	103.00	 54.00	240.00	 43.68	 40.93	-50.80
1771	182.00	182.00	219.00	 74.35	  2.29	-11.86
1772	200.00	  8.00	 63.00	 44.43	 62.45	 31.92
1773	100.00	100.00	100.00	 41.57	  2.16	  0.18
1774	150.00	150.00	150.00	 59.80	  0.06	  3.21
1775	200.00	200.00	200.00	 76.30	 -0.89	  0.92
1776	  0.00	255.00	255.00	 58.75	-44.28	-53.86
1777	255.00	255.00	  0.00	 89.29	 -6.64	109.12
1778	255.00	  0.00	255.00	 51.60	 80.62	 -7.68
1779	180.00	255.00	255.00	 84.66	-16.39	-16.47
1780	255.00	255.00	180.00	 93.30	 -6.99	 26.54
1781	255.00	180.00	255.00	 82.25	 22.84	-12.50
1782	 50.00	 50.00	 50.00	 20.83	  4.62	 -1.85
1783	100.00	100.00	100.00	 41.36	  2.13	  0.39
1784	150.00	150.00	150.00	 60.33	 -0.46	  2.88
1785	200.00	200.00	200.00	 76.46	 -0.98	  1.01
1786	 55.00	200.00	 91.00	 51.63	-52.80	  6.16
1787	253.00	228.00	226.00	 89.65	  4.09	  5.41
1788	 44.00	107.00	 45.00	 29.96	-17.86	  7.68
1789	164.00	128.00	200.00	 62.99	 15.68	-15.31
1790	179.00	 77.00	230.00	 57.80	 40.76	-26.97
1791	141.00	 82.00	 37.00	 45.18	 14.69	 35.28
1792	 94.00	 54.00	 45.00	 30.54	 14.70	 12.98
1793	182.00	 36.00	219.00	 50.03	 58.72	-22.40
1794	100.00	100.00	100.00	 42.07	  2.05	  0.45
1795	150.00	150.00	150.00	 60.22	 -0.41	  2.64
1796	200.00	200.00	200.00	 76.76	 -1.32	  1.14
1797	  0.00	255.00	255.00	 58.56	-44.22	-53.65
1798	255.00	255.00	  0.00	 89.62	 -6.06	109.17
1799	255.00	  0.00	255.00	 51.53	 80.70	 -7.91
1800	180.00	255.00	255.00	 84.82	-16.15	-16.58
1801	255.00	255.00	180.00	 93.34	 -7.20	 26.95
1802	255.00	180.00	255.00	 82.35	 22.85	-12.37
1803	 50.00	 50.00	 50.00	 20.56	  4.87	 -2.11
1804	100.00	100.00	100.00	 41.79	  2.19	  0.84
1805	150.00	150.00	150.00	 60.31	  0.27	  2.75
1806	200.00	200.00	200.00	 76.66	 -1.11	  0.97
1807	200.00	 18.00	 91.00	 46.53	 59.38	 24.11
1808	 73.00	146.00	146.00	 49.19	-17.81	-15.74
1809	 73.00	  0.00	219.00	 29.75	 56.71	-46.37
1810	102.00	  0.00	 51.00	 24.14	 41.91	  7.88
1811	 26.00	128.00	179.00	 37.63	-15.05	-47.14
1812	  0.00	219.00	109.00	 37.99	-69.66	-13.90
1813	 18.00	 18.00	200.00	 22.68	 41.42	-61.05
1814	237.00	164.00	237.00	 77.22	 23.27	 -9.77
1815	100.00	100.00	100.00	 41.41	  2.31	  0.11
1816	150.00	150.00	150.00	 60.32	 -0.03	  2.74
1817	200.00	200.00	200.00	 76.50	 -0.82	  0.82
1818	  0.00	255.00	255.00	 58.28	-44.53	-53.79
1819	255.00	255.00	  0.00	 89.16	 -5.74	109.23
1820	255.00	  0.00	255.00	 51.67	 80.82	 -8.12
1821	180.00	255.00	255.00	 84.69	-16.35	-16.46
1822	255.00	255.00	180.00	 93.65	 -7.52	 27.19
1823	255.00	180.00	255.00	 82.54	 22.68	-12.66
1824	 50.00	 50.00	 50.00	 20.22	  4.71	 -1.98
1825	100.00	100.00	100.00	 41.97	  2.27	  0.45
1826	150.00	150.00	150.00	 60.05	 -0.11	  2.82
1827	200.00	200.00	200.00	 76.73	 -1.03	  0.78
END_DATA
