NUMBER_OF_FIELDS 4
BEGIN_DATA_FORMAT
SampleID	RGB_R	RGB_G	RGB_B
END_DATA_FORMAT

NUMBER_OF_SETS	1827
BEGIN_DATA
1	 79.00	 99.00	  0.00
2	  3.00	114.00	 97.00
3	110.00	100.00	 50.00
4	 53.00	 48.00	  0.00
5	120.00	 54.00	  0.00
6	111.00	112.00	116.00
7	 57.00	 53.00	 55.00
8	  0.00	250.00	  0.00
9	115.00	  1.00	189.00
10	  3.00	  0.00	  0.00
11	154.00	115.00	115.00
12	219.00	 36.00	182.00
13	141.00	 79.00	205.00
14	 90.00	212.00	 66.00
15	128.00	128.00	 26.00
16	164.00	164.00	128.00
17	 11.00	  8.00	233.00
18	128.00	128.00	 18.00
19	 55.00	 18.00	164.00
20	204.00	102.00	 51.00
21	 18.00	237.00	128.00
22	153.00	255.00	255.00
23	  0.00	  0.00	255.00
24	250.00	250.00	250.00
25	102.00	153.00	 51.00
26	 73.00	 36.00	255.00
27	109.00	 36.00	255.00
28	164.00	 55.00	164.00
29	 35.00	 23.00	 23.00
30	 58.00	 37.00	195.00
31	 40.00	 40.00	 40.00
32	114.00	126.00	114.00
33	128.00	 91.00	164.00
34	164.00	237.00	128.00
35	102.00	153.00	153.00
36	 91.00	 55.00	 55.00
37	 26.00	179.00	179.00
38	 64.00	 64.00	 64.00
39	 55.00	164.00	200.00
40	  0.00	  0.00	255.00
41	130.00	130.00	130.00
42	 26.00	230.00	 26.00
43	 91.00	 55.00	 18.00
44	255.00	  0.00	255.00
45	109.00	219.00	255.00
46	 55.00	 55.00	200.00
47	255.00	255.00	204.00
48	102.00	204.00	255.00
49	128.00	164.00	128.00
50	 89.00	143.00	132.00
51	 55.00	128.00	200.00
52	 36.00	109.00	146.00
53	 18.00	 91.00	 91.00
54	 60.00	 72.00	 60.00
55	215.00	215.00	227.00
56	 51.00	255.00	 51.00
57	 91.00	 91.00	164.00
58	 91.00	237.00	 91.00
59	  0.00	  0.00	204.00
60	146.00	 73.00	  0.00
61	200.00	164.00	 18.00
62	100.00	100.00	100.00
63	 55.00	128.00	164.00
64	242.00	127.00	207.00
65	  0.00	  0.00	 73.00
66	255.00	109.00	182.00
67	131.00	  3.00	 10.00
68	 18.00	 55.00	164.00
69	 91.00	200.00	200.00
70	153.00	255.00	204.00
71	156.00	133.00	232.00
72	109.00	109.00	146.00
73	164.00	164.00	164.00
74	 55.00	 55.00	 91.00
75	 91.00	237.00	128.00
76	 55.00	 91.00	128.00
77	  0.00	204.00	 51.00
78	 32.00	 75.00	 28.00
79	115.00	111.00	 63.00
80	255.00	 73.00	182.00
81	100.00	136.00	116.00
82	198.00	 52.00	245.00
83	219.00	 36.00	 73.00
84	109.00	  0.00	109.00
85	109.00	109.00	219.00
86	132.00	172.00	198.00
87	164.00	164.00	 55.00
88	184.00	121.00	139.00
89	219.00	109.00	 36.00
90	217.00	217.00	255.00
91	  0.00	219.00	219.00
92	182.00	109.00	 73.00
93	 85.00	148.00	 99.00
94	210.00	210.00	210.00
95	109.00	255.00	 36.00
96	 85.00	 85.00	 85.00
97	  0.00	109.00	146.00
98	 18.00	 91.00	164.00
99	 73.00	109.00	255.00
100	  0.00	102.00	 51.00
101	255.00	255.00	  0.00
102	105.00	 55.00	148.00
103	204.00	204.00	 51.00
104	  0.00	 73.00	255.00
105	 63.00	 51.00	 51.00
106	182.00	146.00	  0.00
107	195.00	246.00	225.00
108	146.00	219.00	  0.00
109	 90.00	105.00	 76.00
110	173.00	173.00	173.00
111	162.00	 92.00	148.00
112	102.00	117.00	122.00
113	128.00	 18.00	 18.00
114	146.00	219.00	109.00
115	204.00	204.00	  0.00
116	146.00	224.00	165.00
117	179.00	230.00	128.00
118	  0.00	182.00	182.00
119	191.00	191.00	191.00
120	 36.00	 73.00	219.00
121	 32.00	 44.00	 32.00
122	182.00	 73.00	  0.00
123	146.00	 73.00	182.00
124	 91.00	 18.00	200.00
125	  0.00	253.00	187.00
126	  0.00	 36.00	 73.00
127	237.00	237.00	 18.00
128	164.00	 91.00	200.00
129	 36.00	219.00	109.00
130	146.00	255.00	109.00
131	219.00	109.00	 73.00
132	140.00	179.00	140.00
133	128.00	 18.00	200.00
134	153.00	153.00	 51.00
135	 54.00	 42.00	 42.00
136	219.00	219.00	 36.00
137	125.00	133.00	 66.00
138	182.00	146.00	219.00
139	165.00	179.00	242.00
140	182.00	219.00	  0.00
141	 72.00	 60.00	 60.00
142	 30.00	 30.00	 30.00
143	 51.00	255.00	204.00
144	255.00	204.00	102.00
145	230.00	230.00	230.00
146	 20.00	 55.00	 50.00
147	  0.00	 73.00	182.00
148	109.00	109.00	182.00
149	255.00	153.00	255.00
150	146.00	182.00	  0.00
151	255.00	 36.00	219.00
152	182.00	109.00	219.00
153	255.00	 51.00	255.00
154	102.00	102.00	  0.00
155	  0.00	  0.00	  0.00
156	182.00	182.00	219.00
157	146.00	146.00	 73.00
158	219.00	 36.00	255.00
159	 51.00	102.00	  0.00
160	219.00	 36.00	219.00
161	200.00	 91.00	237.00
162	255.00	255.00	 36.00
163	180.00	180.00	180.00
164	128.00	230.00	128.00
165	242.00	254.00	242.00
166	164.00	200.00	200.00
167	 68.00	 55.00	  7.00
168	230.00	 26.00	 26.00
169	 36.00	109.00	 73.00
170	 73.00	 73.00	146.00
171	230.00	230.00	 77.00
172	102.00	  0.00	153.00
173	200.00	 18.00	 91.00
174	  5.00	  5.00	 18.00
175	 60.00	168.00	  1.00
176	 55.00	 55.00	 55.00
177	146.00	182.00	109.00
178	 60.00	 60.00	 60.00
179	248.00	199.00	210.00
180	 55.00	164.00	 18.00
181	128.00	128.00	 55.00
182	  0.00	153.00	204.00
183	102.00	102.00	 51.00
184	  0.00	182.00	 36.00
185	164.00	 18.00	164.00
186	144.00	 73.00	 32.00
187	237.00	200.00	 18.00
188	128.00	164.00	164.00
189	200.00	237.00	 18.00
190	219.00	109.00	219.00
191	255.00	217.00	217.00
192	105.00	105.00	117.00
193	204.00	153.00	 51.00
194	 77.00	 83.00	194.00
195	 26.00	  0.00	  0.00
196	153.00	153.00	153.00
197	182.00	 73.00	146.00
198	 18.00	164.00	237.00
199	219.00	 36.00	146.00
200	193.00	242.00	173.00
201	204.00	255.00	204.00
202	 18.00	128.00	237.00
203	 36.00	 36.00	182.00
204	 36.00	 36.00	146.00
205	164.00	 91.00	 91.00
206	142.00	142.00	154.00
207	  1.00	 86.00	 69.00
208	128.00	 26.00	179.00
209	249.00	 82.00	 13.00
210	153.00	102.00	  0.00
211	 54.00	 87.00	 30.00
212	153.00	  0.00	204.00
213	 55.00	 18.00	200.00
214	  0.00	255.00	 51.00
215	255.00	102.00	204.00
216	237.00	 18.00	128.00
217	 68.00	182.00	 95.00
218	 70.00	 63.00	 66.00
219	223.00	187.00	151.00
220	  0.00	146.00	  0.00
221	 36.00	219.00	 36.00
222	  0.00	255.00	  0.00
223	 18.00	164.00	128.00
224	120.00	137.00	130.00
225	128.00	179.00	179.00
226	155.00	233.00	  9.00
227	 36.00	219.00	182.00
228	 73.00	146.00	 73.00
229	200.00	 91.00	164.00
230	237.00	237.00	 55.00
231	109.00	146.00	 73.00
232	102.00	 51.00	204.00
233	113.00	123.00	  1.00
234	 36.00	  0.00	 73.00
235	 51.00	 51.00	204.00
236	146.00	146.00	109.00
237	146.00	182.00	 36.00
238	128.00	128.00	 91.00
239	 73.00	182.00	  0.00
240	 36.00	182.00	  0.00
241	109.00	109.00	  0.00
242	235.00	171.00	180.00
243	 69.00	 81.00	 69.00
244	 91.00	200.00	 18.00
245	 36.00	 36.00	219.00
246	 20.00	  9.00	 21.00
247	102.00	  0.00	204.00
248	170.00	170.00	170.00
249	255.00	 36.00	182.00
250	255.00	255.00	255.00
251	128.00	 18.00	 55.00
252	157.00	145.00	151.00
253	255.00	 73.00	219.00
254	182.00	109.00	146.00
255	255.00	  0.00	 36.00
256	 91.00	200.00	 55.00
257	 77.00	 77.00	179.00
258	 91.00	128.00	 55.00
259	109.00	255.00	182.00
260	 73.00	219.00	182.00
261	 36.00	 73.00	146.00
262	164.00	 55.00	237.00
263	182.00	255.00	146.00
264	164.00	237.00	 18.00
265	 91.00	128.00	237.00
266	147.00	202.00	231.00
267	 51.00	  0.00	204.00
268	219.00	255.00	 73.00
269	237.00	 18.00	164.00
270	182.00	 36.00	 73.00
271	153.00	204.00	204.00
272	 26.00	230.00	230.00
273	200.00	164.00	 55.00
274	146.00	 36.00	 73.00
275	208.00	229.00	242.00
276	 42.00	 54.00	249.00
277	198.00	159.00	 71.00
278	255.00	219.00	109.00
279	182.00	 73.00	109.00
280	219.00	146.00	 73.00
281	255.00	109.00	  0.00
282	  0.00	 36.00	109.00
283	 55.00	 18.00	 91.00
284	219.00	146.00	219.00
285	 77.00	230.00	128.00
286	 73.00	182.00	219.00
287	255.00	  0.00	102.00
288	237.00	 91.00	 55.00
289	133.00	145.00	133.00
290	204.00	 51.00	 51.00
291	219.00	109.00	182.00
292	  0.00	  0.00	 36.00
293	240.00	237.00	162.00
294	146.00	219.00	146.00
295	  0.00	 73.00	 36.00
296	 20.00	 83.00	  3.00
297	255.00	 73.00	146.00
298	164.00	128.00	164.00
299	146.00	109.00	219.00
300	154.00	142.00	142.00
301	115.00	115.00	115.00
302	 56.00	 11.00	  9.00
303	255.00	146.00	 36.00
304	200.00	164.00	164.00
305	 68.00	236.00	100.00
306	 18.00	 91.00	128.00
307	 36.00	 73.00	  0.00
308	142.00	251.00	248.00
309	219.00	219.00	146.00
310	160.00	116.00	117.00
311	128.00	230.00	179.00
312	128.00	 18.00	 91.00
313	 55.00	237.00	200.00
314	146.00	  0.00	109.00
315	 55.00	 55.00	128.00
316	128.00	237.00	164.00
317	146.00	182.00	182.00
318	 73.00	182.00	109.00
319	182.00	  0.00	 36.00
320	219.00	146.00	109.00
321	255.00	 73.00	  0.00
322	109.00	255.00	255.00
323	 51.00	204.00	102.00
324	 95.00	 22.00	234.00
325	  5.00	  5.00	  5.00
326	 55.00	128.00	128.00
327	128.00	 91.00	200.00
328	200.00	200.00	 55.00
329	255.00	  0.00	255.00
330	  0.00	153.00	 51.00
331	  9.00	  9.00	  9.00
332	255.00	182.00	  0.00
333	  0.00	255.00	109.00
334	 26.00	 77.00	 77.00
335	182.00	  0.00	 73.00
336	200.00	237.00	 91.00
337	146.00	219.00	255.00
338	109.00	 36.00	109.00
339	182.00	219.00	182.00
340	246.00	246.00	246.00
341	182.00	219.00	146.00
342	 26.00	128.00	179.00
343	164.00	 91.00	237.00
344	200.00	237.00	 55.00
345	 36.00	255.00	 73.00
346	182.00	 36.00	 36.00
347	 36.00	255.00	146.00
348	 91.00	164.00	 91.00
349	  0.00	109.00	255.00
350	  0.00	 36.00	  0.00
351	 36.00	 36.00	 36.00
352	 33.00	100.00	 77.00
353	153.00	102.00	102.00
354	 36.00	182.00	255.00
355	245.00	244.00	255.00
356	 55.00	200.00	164.00
357	 32.00	 32.00	 44.00
358	255.00	 51.00	204.00
359	219.00	109.00	255.00
360	179.00	188.00	140.00
361	182.00	219.00	 73.00
362	200.00	 55.00	200.00
363	 77.00	 26.00	128.00
364	164.00	164.00	200.00
365	164.00	237.00	 91.00
366	  0.00	153.00	102.00
367	153.00	  0.00	 51.00
368	230.00	212.00	217.00
369	 73.00	 73.00	  0.00
370	 51.00	  0.00	153.00
371	  0.00	182.00	109.00
372	128.00	 55.00	128.00
373	219.00	 36.00	  0.00
374	 51.00	102.00	153.00
375	146.00	146.00	182.00
376	109.00	  0.00	  0.00
377	 73.00	  0.00	182.00
378	237.00	128.00	164.00
379	 73.00	  0.00	255.00
380	255.00	182.00	255.00
381	109.00	109.00	 36.00
382	219.00	146.00	  0.00
383	237.00	128.00	128.00
384	172.00	160.00	160.00
385	217.00	205.00	205.00
386	 91.00	 55.00	164.00
387	219.00	 73.00	182.00
388	 73.00	182.00	 36.00
389	 91.00	200.00	128.00
390	109.00	 73.00	 73.00
391	128.00	 77.00	 26.00
392	200.00	128.00	128.00
393	 18.00	 18.00	237.00
394	128.00	128.00	200.00
395	179.00	 26.00	128.00
396	102.00	102.00	153.00
397	146.00	 36.00	146.00
398	 91.00	 91.00	200.00
399	153.00	102.00	153.00
400	 51.00	  0.00	102.00
401	  0.00	 36.00	219.00
402	204.00	255.00	102.00
403	237.00	200.00	 55.00
404	255.00	109.00	 36.00
405	  0.00	109.00	 36.00
406	164.00	200.00	 91.00
407	 73.00	 36.00	109.00
408	153.00	102.00	255.00
409	128.00	230.00	 77.00
410	 73.00	109.00	182.00
411	237.00	 55.00	 18.00
412	 51.00	204.00	204.00
413	146.00	 73.00	 73.00
414	166.00	166.00	205.00
415	237.00	164.00	200.00
416	180.00	178.00	165.00
417	128.00	128.00	164.00
418	 17.00	  5.00	  5.00
419	200.00	200.00	 18.00
420	 91.00	 18.00	 91.00
421	200.00	200.00	237.00
422	130.00	161.00	139.00
423	 79.00	156.00	252.00
424	196.00	196.00	208.00
425	 73.00	  0.00	 36.00
426	153.00	 51.00	153.00
427	 84.00	 16.00	 75.00
428	 18.00	128.00	 55.00
429	160.00	160.00	160.00
430	 95.00	 95.00	 95.00
431	205.00	205.00	217.00
432	 91.00	237.00	164.00
433	 73.00	219.00	  0.00
434	146.00	255.00	255.00
435	160.00	172.00	160.00
436	 45.00	 45.00	 45.00
437	 36.00	182.00	182.00
438	153.00	 51.00	  0.00
439	197.00	  5.00	 55.00
440	102.00	 51.00	 51.00
441	182.00	182.00	182.00
442	204.00	153.00	255.00
443	102.00	153.00	  0.00
444	 40.00	 32.00	  2.00
445	146.00	 36.00	 36.00
446	164.00	128.00	237.00
447	219.00	 73.00	109.00
448	 55.00	128.00	 91.00
449	 18.00	 18.00	164.00
450	230.00	 26.00	179.00
451	109.00	146.00	109.00
452	  0.00	204.00	255.00
453	230.00	230.00	230.00
454	146.00	109.00	 36.00
455	102.00	  0.00	  0.00
456	 26.00	 26.00	 77.00
457	128.00	179.00	128.00
458	255.00	 51.00	102.00
459	 55.00	 91.00	237.00
460	  6.00	 30.00	 44.00
461	204.00	  0.00	102.00
462	  0.00	255.00	153.00
463	146.00	 36.00	  0.00
464	 73.00	255.00	 36.00
465	255.00	182.00	 36.00
466	230.00	 26.00	 77.00
467	 36.00	 73.00	 73.00
468	 36.00	255.00	255.00
469	102.00	255.00	153.00
470	182.00	255.00	109.00
471	251.00	177.00	216.00
472	 35.00	 35.00	 35.00
473	 51.00	102.00	102.00
474	255.00	153.00	153.00
475	 13.00	 52.00	 13.00
476	182.00	182.00	 36.00
477	 73.00	182.00	182.00
478	 51.00	153.00	255.00
479	146.00	 73.00	219.00
480	112.00	 70.00	 90.00
481	128.00	128.00	128.00
482	 36.00	109.00	 36.00
483	182.00	146.00	146.00
484	 50.00	 50.00	 50.00
485	128.00	164.00	 55.00
486	175.00	175.00	175.00
487	255.00	146.00	219.00
488	142.00	154.00	142.00
489	204.00	255.00	  0.00
490	 55.00	200.00	 91.00
491	 18.00	237.00	 91.00
492	 99.00	 87.00	 87.00
493	230.00	179.00	 77.00
494	128.00	230.00	230.00
495	 26.00	230.00	179.00
496	219.00	 73.00	146.00
497	 73.00	219.00	219.00
498	109.00	 36.00	182.00
499	 36.00	109.00	  0.00
500	 47.00	254.00	 27.00
501	 18.00	 55.00	237.00
502	102.00	  0.00	102.00
503	219.00	219.00	109.00
504	 73.00	146.00	182.00
505	102.00	204.00	102.00
506	  0.00	146.00	146.00
507	255.00	  0.00	  0.00
508	 18.00	 55.00	128.00
509	109.00	182.00	219.00
510	255.00	153.00	102.00
511	182.00	109.00	 36.00
512	146.00	 73.00	109.00
513	102.00	255.00	  0.00
514	109.00	 36.00	219.00
515	 18.00	200.00	237.00
516	 36.00	  0.00	146.00
517	237.00	 55.00	200.00
518	 36.00	146.00	219.00
519	255.00	146.00	  0.00
520	255.00	255.00	153.00
521	 36.00	182.00	 73.00
522	125.00	125.00	125.00
523	 55.00	237.00	164.00
524	 18.00	200.00	 91.00
525	128.00	 55.00	 18.00
526	 26.00	128.00	128.00
527	219.00	146.00	 36.00
528	 41.00	  3.00	101.00
529	182.00	  0.00	  0.00
530	153.00	255.00	102.00
531	 69.00	 69.00	 81.00
532	132.00	 61.00	 86.00
533	200.00	 18.00	164.00
534	 26.00	 14.00	 14.00
535	 84.00	 75.00	134.00
536	 91.00	 55.00	128.00
537	255.00	255.00	  0.00
538	 18.00	237.00	164.00
539	 55.00	237.00	 91.00
540	128.00	164.00	237.00
541	 55.00	 18.00	237.00
542	237.00	200.00	128.00
543	169.00	169.00	181.00
544	255.00	219.00	146.00
545	218.00	255.00	237.00
546	214.00	 31.00	 91.00
547	219.00	  0.00	 36.00
548	 51.00	102.00	 51.00
549	255.00	204.00	204.00
550	179.00	 77.00	 26.00
551	255.00	 36.00	  0.00
552	 51.00	  0.00	255.00
553	255.00	109.00	255.00
554	 16.00	243.00	  1.00
555	255.00	204.00	 51.00
556	161.00	138.00	109.00
557	237.00	237.00	164.00
558	190.00	190.00	190.00
559	 55.00	 18.00	 55.00
560	255.00	219.00	 73.00
561	 78.00	 90.00	 78.00
562	 26.00	128.00	 77.00
563	182.00	 73.00	182.00
564	 91.00	237.00	237.00
565	200.00	128.00	 91.00
566	200.00	237.00	128.00
567	  0.00	182.00	146.00
568	109.00	146.00	255.00
569	  1.00	186.00	132.00
570	 55.00	 18.00	 18.00
571	 97.00	116.00	 80.00
572	  0.00	  8.00	  0.00
573	255.00	255.00	 51.00
574	 18.00	200.00	128.00
575	185.00	115.00	175.00
576	230.00	128.00	128.00
577	 42.00	 54.00	 42.00
578	255.00	190.00	240.00
579	255.00	  0.00	182.00
580	 26.00	179.00	230.00
581	 36.00	219.00	255.00
582	145.00	145.00	145.00
583	 51.00	 63.00	 51.00
584	100.00	100.00	100.00
585	202.00	225.00	193.00
586	109.00	  0.00	146.00
587	164.00	 55.00	128.00
588	 14.00	 14.00	 26.00
589	 55.00	200.00	128.00
590	109.00	182.00	255.00
591	128.00	 91.00	 18.00
592	 91.00	128.00	 18.00
593	146.00	219.00	 73.00
594	  0.00	255.00	 73.00
595	219.00	 73.00	255.00
596	219.00	182.00	109.00
597	179.00	 77.00	128.00
598	 55.00	164.00	237.00
599	 73.00	109.00	146.00
600	255.00	182.00	109.00
601	  8.00	  0.00	  0.00
602	128.00	179.00	 77.00
603	182.00	219.00	255.00
604	255.00	219.00	255.00
605	255.00	102.00	255.00
606	 60.00	127.00	 51.00
607	109.00	219.00	109.00
608	 55.00	200.00	237.00
609	153.00	  0.00	  0.00
610	237.00	 91.00	200.00
611	  0.00	 73.00	 73.00
612	 26.00	128.00	230.00
613	214.00	  0.00	249.00
614	164.00	164.00	 91.00
615	 55.00	 91.00	200.00
616	 15.00	  8.00	185.00
617	182.00	109.00	109.00
618	166.00	161.00	130.00
619	200.00	 91.00	200.00
620	164.00	 18.00	237.00
621	182.00	255.00	 36.00
622	191.00	191.00	230.00
623	108.00	 96.00	 96.00
624	204.00	  0.00	255.00
625	139.00	207.00	177.00
626	200.00	164.00	128.00
627	110.00	110.00	110.00
628	 82.00	 82.00	 82.00
629	109.00	219.00	219.00
630	230.00	179.00	 26.00
631	252.00	  3.00	 34.00
632	219.00	  0.00	 73.00
633	252.00	244.00	187.00
634	 73.00	  0.00	219.00
635	 55.00	 55.00	 55.00
636	200.00	 91.00	 91.00
637	237.00	164.00	237.00
638	102.00	  0.00	 51.00
639	175.00	168.00	223.00
640	255.00	153.00	 51.00
641	182.00	182.00	146.00
642	102.00	 51.00	255.00
643	219.00	  0.00	255.00
644	219.00	 36.00	 36.00
645	 26.00	 77.00	230.00
646	204.00	255.00	255.00
647	237.00	 55.00	 55.00
648	128.00	237.00	237.00
649	164.00	237.00	164.00
650	255.00	 36.00	255.00
651	109.00	219.00	  0.00
652	  0.00	 51.00	153.00
653	200.00	200.00	200.00
654	 34.00	100.00	 57.00
655	 91.00	200.00	237.00
656	255.00	146.00	255.00
657	190.00	178.00	178.00
658	219.00	219.00	255.00
659	215.00	215.00	215.00
660	 23.00	 23.00	 35.00
661	 73.00	219.00	109.00
662	  0.00	146.00	 36.00
663	182.00	  0.00	146.00
664	164.00	 18.00	 55.00
665	146.00	182.00	146.00
666	 77.00	230.00	179.00
667	179.00	128.00	230.00
668	 38.00	 38.00	 77.00
669	146.00	  0.00	 36.00
670	153.00	224.00	208.00
671	140.00	140.00	179.00
672	160.00	160.00	172.00
673	 26.00	 26.00	179.00
674	255.00	  0.00	153.00
675	 63.00	200.00	211.00
676	  0.00	 73.00	219.00
677	255.00	109.00	109.00
678	251.00	180.00	 75.00
679	 36.00	255.00	  0.00
680	128.00	 77.00	128.00
681	219.00	255.00	 36.00
682	200.00	128.00	 18.00
683	164.00	 18.00	 18.00
684	237.00	200.00	237.00
685	164.00	237.00	237.00
686	219.00	255.00	219.00
687	 26.00	 26.00	 26.00
688	 91.00	 91.00	128.00
689	 55.00	200.00	 18.00
690	 51.00	 51.00	153.00
691	109.00	 73.00	255.00
692	219.00	  0.00	146.00
693	  0.00	219.00	 36.00
694	179.00	128.00	 26.00
695	221.00	192.00	179.00
696	182.00	 73.00	 36.00
697	102.00	204.00	 51.00
698	 51.00	204.00	153.00
699	146.00	  0.00	182.00
700	  0.00	  0.00	  0.00
701	128.00	 18.00	237.00
702	164.00	128.00	 18.00
703	 92.00	 13.00	 59.00
704	 26.00	 77.00	 26.00
705	241.00	165.00	 23.00
706	146.00	146.00	 36.00
707	179.00	230.00	 77.00
708	 55.00	128.00	 55.00
709	219.00	255.00	109.00
710	153.00	204.00	255.00
711	 55.00	200.00	 55.00
712	 13.00	 13.00	 52.00
713	237.00	 18.00	 18.00
714	255.00	109.00	146.00
715	 18.00	 55.00	 91.00
716	204.00	204.00	255.00
717	109.00	132.00	 99.00
718	  0.00	219.00	109.00
719	  0.00	 36.00	 36.00
720	182.00	146.00	182.00
721	220.00	220.00	220.00
722	237.00	 18.00	237.00
723	 62.00	 87.00	 75.00
724	109.00	255.00	109.00
725	 18.00	164.00	 18.00
726	146.00	109.00	  0.00
727	126.00	114.00	114.00
728	146.00	182.00	 73.00
729	182.00	219.00	219.00
730	128.00	128.00	128.00
731	 60.00	 60.00	 72.00
732	219.00	  0.00	  0.00
733	219.00	219.00	182.00
734	181.00	230.00	 89.00
735	245.00	233.00	233.00
736	200.00	 91.00	128.00
737	179.00	 26.00	 77.00
738	164.00	 55.00	 18.00
739	255.00	255.00	 73.00
740	182.00	 73.00	255.00
741	 36.00	255.00	 36.00
742	230.00	128.00	 26.00
743	  0.00	109.00	182.00
744	146.00	 73.00	255.00
745	 36.00	  0.00	182.00
746	  0.00	146.00	109.00
747	 18.00	200.00	164.00
748	114.00	114.00	126.00
749	102.00	153.00	102.00
750	 55.00	200.00	200.00
751	164.00	164.00	237.00
752	193.00	173.00	135.00
753	102.00	204.00	204.00
754	 75.00	 75.00	 75.00
755	128.00	 26.00	128.00
756	 18.00	128.00	 18.00
757	255.00	219.00	182.00
758	 73.00	  0.00	109.00
759	200.00	164.00	200.00
760	  0.00	146.00	255.00
761	140.00	140.00	140.00
762	150.00	 13.00	196.00
763	140.00	  3.00	 78.00
764	 96.00	108.00	 96.00
765	219.00	  0.00	182.00
766	146.00	219.00	219.00
767	 17.00	151.00	  3.00
768	171.00	  1.00	239.00
769	118.00	118.00	118.00
770	225.00	225.00	225.00
771	 22.00	 52.00	  3.00
772	 73.00	109.00	219.00
773	  0.00	255.00	146.00
774	178.00	178.00	190.00
775	 18.00	164.00	 55.00
776	 36.00	  0.00	255.00
777	153.00	204.00	102.00
778	  0.00	153.00	  0.00
779	230.00	230.00	128.00
780	164.00	 91.00	164.00
781	 73.00	 73.00	255.00
782	 73.00	 36.00	219.00
783	237.00	237.00	128.00
784	135.00	 45.00	254.00
785	219.00	 73.00	 36.00
786	179.00	179.00	230.00
787	 77.00	179.00	128.00
788	237.00	 91.00	128.00
789	204.00	153.00	102.00
790	  0.00	204.00	204.00
791	 26.00	230.00	128.00
792	250.00	223.00	172.00
793	219.00	255.00	  0.00
794	109.00	 36.00	146.00
795	200.00	 18.00	200.00
796	124.00	124.00	136.00
797	209.00	209.00	209.00
798	179.00	140.00	140.00
799	 14.00	 26.00	 14.00
800	151.00	151.00	163.00
801	109.00	  0.00	 73.00
802	204.00	102.00	204.00
803	 77.00	230.00	230.00
804	 36.00	146.00	109.00
805	 96.00	 91.00	126.00
806	204.00	153.00	153.00
807	102.00	255.00	255.00
808	 55.00	164.00	 91.00
809	109.00	 73.00	146.00
810	 81.00	 69.00	 69.00
811	182.00	 36.00	109.00
812	 51.00	 14.00	 51.00
813	237.00	 91.00	 91.00
814	 73.00	109.00	 36.00
815	219.00	 73.00	  0.00
816	153.00	153.00	204.00
817	  0.00	255.00	204.00
818	255.00	109.00	219.00
819	230.00	179.00	128.00
820	204.00	 51.00	102.00
821	200.00	 18.00	237.00
822	200.00	128.00	200.00
823	 73.00	182.00	 73.00
824	109.00	109.00	 73.00
825	146.00	  0.00	 73.00
826	153.00	 51.00	204.00
827	  0.00	  0.00	146.00
828	 18.00	237.00	200.00
829	115.00	154.00	115.00
830	146.00	109.00	 73.00
831	255.00	 36.00	109.00
832	153.00	255.00	  0.00
833	182.00	  0.00	182.00
834	 77.00	 77.00	 77.00
835	 18.00	128.00	 91.00
836	219.00	146.00	182.00
837	 77.00	 77.00	128.00
838	 50.00	 49.00	111.00
839	 19.00	174.00	 40.00
840	  0.00	109.00	219.00
841	 91.00	164.00	237.00
842	102.00	  0.00	255.00
843	 73.00	146.00	 36.00
844	131.00	198.00	195.00
845	 44.00	 32.00	 32.00
846	169.00	181.00	169.00
847	146.00	255.00	182.00
848	 36.00	182.00	 36.00
849	109.00	182.00	 36.00
850	178.00	190.00	178.00
851	128.00	237.00	200.00
852	163.00	151.00	151.00
853	199.00	187.00	187.00
854	  0.00	204.00	153.00
855	 18.00	200.00	200.00
856	 73.00	 73.00	219.00
857	179.00	128.00	128.00
858	 27.00	205.00	100.00
859	 77.00	128.00	230.00
860	237.00	164.00	128.00
861	 80.00	 80.00	 80.00
862	 18.00	128.00	200.00
863	233.00	245.00	233.00
864	128.00	 18.00	128.00
865	237.00	 55.00	128.00
866	143.00	108.00	174.00
867	250.00	123.00	 60.00
868	102.00	255.00	 51.00
869	173.00	137.00	165.00
870	146.00	 36.00	255.00
871	219.00	182.00	182.00
872	109.00	146.00	  0.00
873	  0.00	219.00	255.00
874	153.00	184.00	130.00
875	182.00	182.00	109.00
876	237.00	 55.00	164.00
877	 55.00	 55.00	 18.00
878	187.00	199.00	187.00
879	255.00	146.00	146.00
880	 42.00	139.00	199.00
881	109.00	255.00	146.00
882	195.00	195.00	195.00
883	146.00	 73.00	146.00
884	120.00	120.00	120.00
885	146.00	182.00	219.00
886	124.00	136.00	124.00
887	179.00	 77.00	 77.00
888	  0.00	219.00	 73.00
889	 73.00	109.00	109.00
890	200.00	128.00	 55.00
891	146.00	109.00	146.00
892	255.00	153.00	  0.00
893	255.00	  0.00	146.00
894	202.00	 98.00	  1.00
895	255.00	 36.00	146.00
896	255.00	  0.00	 73.00
897	224.00	236.00	224.00
898	230.00	128.00	230.00
899	 51.00	153.00	  0.00
900	204.00	153.00	204.00
901	102.00	153.00	204.00
902	153.00	204.00	  0.00
903	255.00	  0.00	  0.00
904	164.00	200.00	164.00
905	 36.00	 73.00	109.00
906	128.00	 55.00	164.00
907	 51.00	153.00	102.00
908	 36.00	146.00	  0.00
909	255.00	182.00	 73.00
910	230.00	128.00	179.00
911	224.00	 95.00	 80.00
912	255.00	146.00	 73.00
913	  0.00	  0.00	109.00
914	153.00	  0.00	255.00
915	103.00	 64.00	 64.00
916	182.00	146.00	 36.00
917	  0.00	146.00	182.00
918	146.00	219.00	182.00
919	102.00	 51.00	  0.00
920	 73.00	 36.00	 36.00
921	182.00	219.00	109.00
922	164.00	 91.00	 18.00
923	164.00	237.00	 55.00
924	182.00	109.00	  0.00
925	109.00	 73.00	109.00
926	109.00	219.00	182.00
927	 77.00	 26.00	 77.00
928	128.00	 55.00	 55.00
929	215.00	163.00	188.00
930	230.00	 26.00	230.00
931	 51.00	153.00	 51.00
932	128.00	237.00	 55.00
933	135.00	135.00	135.00
934	 26.00	179.00	 26.00
935	 42.00	 42.00	 54.00
936	 43.00	 49.00	 66.00
937	109.00	146.00	182.00
938	 65.00	 65.00	 65.00
939	103.00	 46.00	 97.00
940	165.00	165.00	165.00
941	 73.00	146.00	146.00
942	 61.00	171.00	 46.00
943	 36.00	  0.00	  0.00
944	 55.00	 55.00	164.00
945	195.00	157.00	175.00
946	237.00	200.00	 91.00
947	 51.00	153.00	153.00
948	164.00	 18.00	 91.00
949	128.00	 77.00	179.00
950	109.00	 73.00	219.00
951	  0.00	219.00	  0.00
952	 73.00	182.00	146.00
953	164.00	200.00	 18.00
954	 26.00	 77.00	128.00
955	  0.00	 26.00	  0.00
956	 18.00	 55.00	 18.00
957	255.00	204.00	  0.00
958	 91.00	164.00	200.00
959	200.00	 55.00	 55.00
960	182.00	146.00	109.00
961	153.00	153.00	255.00
962	128.00	164.00	200.00
963	238.00	 41.00	185.00
964	164.00	200.00	128.00
965	 91.00	 55.00	200.00
966	153.00	 51.00	102.00
967	164.00	 91.00	128.00
968	153.00	153.00	  0.00
969	164.00	200.00	237.00
970	 18.00	 55.00	200.00
971	200.00	200.00	128.00
972	200.00	 55.00	164.00
973	  0.00	102.00	204.00
974	  5.00	 17.00	  5.00
975	102.00	102.00	255.00
976	255.00	146.00	182.00
977	200.00	237.00	200.00
978	 90.00	 90.00	 90.00
979	 36.00	109.00	182.00
980	 11.00	 25.00	  8.00
981	255.00	219.00	  0.00
982	146.00	182.00	255.00
983	 51.00	153.00	204.00
984	 18.00	164.00	164.00
985	204.00	204.00	102.00
986	109.00	 73.00	182.00
987	 77.00	 26.00	179.00
988	  0.00	 51.00	  0.00
989	 36.00	219.00	 73.00
990	182.00	 36.00	255.00
991	 26.00	 26.00	128.00
992	115.00	115.00	154.00
993	237.00	 91.00	237.00
994	255.00	182.00	182.00
995	255.00	153.00	204.00
996	  0.00	182.00	219.00
997	 20.00	 43.00	 88.00
998	105.00	105.00	105.00
999	200.00	 91.00	 55.00
1000	200.00	200.00	 91.00
1001	  0.00	 51.00	 51.00
1002	237.00	164.00	 18.00
1003	 77.00	128.00	179.00
1004	237.00	 55.00	 91.00
1005	 51.00	 51.00	102.00
1006	 80.00	  1.00	191.00
1007	  0.00	153.00	255.00
1008	 18.00	 18.00	200.00
1009	 36.00	219.00	  0.00
1010	109.00	109.00	255.00
1011	143.00	190.00	160.00
1012	182.00	182.00	 73.00
1013	  5.00	  5.00	 17.00
1014	 77.00	 77.00	230.00
1015	 89.00	 89.00	128.00
1016	204.00	153.00	  0.00
1017	230.00	230.00	179.00
1018	 36.00	255.00	109.00
1019	128.00	200.00	 91.00
1020	200.00	237.00	237.00
1021	 83.00	 81.00	 16.00
1022	255.00	 36.00	 36.00
1023	182.00	109.00	255.00
1024	219.00	182.00	  0.00
1025	 91.00	128.00	128.00
1026	  0.00	182.00	255.00
1027	240.00	217.00	167.00
1028	121.00	  5.00	121.00
1029	 36.00	146.00	255.00
1030	131.00	233.00	111.00
1031	179.00	230.00	179.00
1032	219.00	255.00	255.00
1033	237.00	 55.00	237.00
1034	102.00	204.00	  0.00
1035	187.00	187.00	199.00
1036	204.00	  0.00	153.00
1037	  0.00	  0.00	  8.00
1038	237.00	164.00	 91.00
1039	219.00	182.00	255.00
1040	 55.00	128.00	 18.00
1041	164.00	 91.00	 55.00
1042	 96.00	 96.00	108.00
1043	136.00	124.00	124.00
1044	146.00	  0.00	255.00
1045	182.00	197.00	  2.00
1046	219.00	109.00	109.00
1047	 46.00	 46.00	 46.00
1048	230.00	179.00	230.00
1049	204.00	 51.00	153.00
1050	219.00	182.00	 73.00
1051	128.00	128.00	179.00
1052	 36.00	  0.00	109.00
1053	109.00	 36.00	  0.00
1054	  0.00	255.00	  0.00
1055	  0.00	  0.00	182.00
1056	146.00	111.00	170.00
1057	  0.00	  0.00	  0.00
1058	 36.00	255.00	182.00
1059	128.00	128.00	 77.00
1060	 73.00	255.00	146.00
1061	 31.00	249.00	246.00
1062	 18.00	 91.00	237.00
1063	255.00	255.00	255.00
1064	 51.00	204.00	  0.00
1065	182.00	255.00	219.00
1066	182.00	 36.00	219.00
1067	102.00	255.00	102.00
1068	182.00	219.00	 36.00
1069	 62.00	 10.00	 30.00
1070	106.00	102.00	 97.00
1071	255.00	 36.00	 73.00
1072	179.00	 26.00	179.00
1073	109.00	219.00	 73.00
1074	  0.00	146.00	 73.00
1075	167.00	237.00	212.00
1076	237.00	237.00	 91.00
1077	109.00	  0.00	219.00
1078	 27.00	 27.00	 27.00
1079	 26.00	179.00	 77.00
1080	179.00	230.00	 26.00
1081	 73.00	  0.00	  0.00
1082	109.00	182.00	 73.00
1083	200.00	188.00	232.00
1084	  5.00	161.00	187.00
1085	146.00	146.00	  0.00
1086	 18.00	237.00	 18.00
1087	128.00	237.00	 18.00
1088	237.00	200.00	200.00
1089	 18.00	164.00	200.00
1090	 69.00	225.00	155.00
1091	237.00	 91.00	164.00
1092	 91.00	 18.00	164.00
1093	187.00	196.00	208.00
1094	 51.00	 51.00	255.00
1095	  0.00	 51.00	102.00
1096	 73.00	219.00	255.00
1097	 18.00	 18.00	 91.00
1098	237.00	128.00	 91.00
1099	 55.00	 91.00	 18.00
1100	102.00	 51.00	153.00
1101	 91.00	 18.00	128.00
1102	237.00	128.00	237.00
1103	179.00	 26.00	 26.00
1104	 73.00	219.00	 36.00
1105	146.00	  0.00	219.00
1106	219.00	109.00	146.00
1107	235.00	235.00	235.00
1108	 73.00	219.00	146.00
1109	102.00	 51.00	102.00
1110	255.00	102.00	153.00
1111	117.00	105.00	105.00
1112	 77.00	 26.00	230.00
1113	255.00	255.00	255.00
1114	255.00	219.00	219.00
1115	249.00	 23.00	117.00
1116	247.00	120.00	135.00
1117	 51.00	255.00	102.00
1118	128.00	 18.00	164.00
1119	 91.00	164.00	164.00
1120	 26.00	128.00	 26.00
1121	166.00	205.00	166.00
1122	128.00	 26.00	 77.00
1123	 61.00	 78.00	 12.00
1124	200.00	164.00	 91.00
1125	230.00	 77.00	 26.00
1126	155.00	155.00	155.00
1127	 73.00	  0.00	146.00
1128	 87.00	 99.00	 87.00
1129	 18.00	 91.00	 55.00
1130	128.00	237.00	128.00
1131	  0.00	182.00	  0.00
1132	 73.00	 73.00	 36.00
1133	 10.00	 10.00	 10.00
1134	255.00	 51.00	153.00
1135	255.00	102.00	 51.00
1136	146.00	146.00	219.00
1137	109.00	182.00	182.00
1138	 64.00	 64.00	103.00
1139	164.00	128.00	 55.00
1140	 73.00	 73.00	109.00
1141	219.00	146.00	255.00
1142	164.00	 55.00	 55.00
1143	200.00	164.00	237.00
1144	104.00	137.00	155.00
1145	255.00	255.00	146.00
1146	169.00	171.00	182.00
1147	  0.00	255.00	219.00
1148	 55.00	 55.00	237.00
1149	  0.00	255.00	102.00
1150	128.00	 91.00	 55.00
1151	124.00	 92.00	112.00
1152	255.00	182.00	219.00
1153	219.00	255.00	146.00
1154	255.00	 73.00	 36.00
1155	 20.00	 20.00	 20.00
1156	 25.00	 25.00	 25.00
1157	219.00	219.00	 73.00
1158	182.00	182.00	255.00
1159	146.00	255.00	 36.00
1160	 36.00	182.00	219.00
1161	219.00	182.00	219.00
1162	182.00	 73.00	219.00
1163	204.00	255.00	 51.00
1164	178.00	 47.00	 47.00
1165	 91.00	164.00	 55.00
1166	164.00	128.00	 91.00
1167	219.00	219.00	  0.00
1168	129.00	135.00	192.00
1169	 77.00	128.00	128.00
1170	128.00	128.00	237.00
1171	 51.00	255.00	153.00
1172	230.00	 77.00	230.00
1173	128.00	179.00	 26.00
1174	 91.00	 91.00	 55.00
1175	219.00	109.00	  0.00
1176	 36.00	146.00	 73.00
1177	182.00	 73.00	 73.00
1178	 38.00	123.00	114.00
1179	200.00	 55.00	 18.00
1180	 25.00	 21.00	 42.00
1181	109.00	109.00	109.00
1182	  4.00	 70.00	128.00
1183	133.00	106.00	134.00
1184	 95.00	101.00	 48.00
1185	255.00	  0.00	204.00
1186	 55.00	 18.00	128.00
1187	128.00	 26.00	230.00
1188	230.00	191.00	191.00
1189	 16.00	 79.00	 76.00
1190	131.00	127.00	115.00
1191	128.00	 55.00	200.00
1192	 36.00	219.00	146.00
1193	 64.00	130.00	 98.00
1194	 55.00	 91.00	164.00
1195	146.00	146.00	146.00
1196	207.00	239.00	210.00
1197	182.00	 36.00	146.00
1198	153.00	204.00	 51.00
1199	  0.00	 36.00	146.00
1200	  0.00	  0.00	219.00
1201	 11.00	 32.00	 98.00
1202	109.00	255.00	  0.00
1203	 73.00	123.00	116.00
1204	 36.00	109.00	219.00
1205	128.00	200.00	164.00
1206	204.00	255.00	153.00
1207	255.00	255.00	182.00
1208	237.00	164.00	 55.00
1209	205.00	166.00	166.00
1210	204.00	  0.00	204.00
1211	204.00	102.00	255.00
1212	109.00	146.00	219.00
1213	153.00	102.00	204.00
1214	 77.00	179.00	 77.00
1215	  5.00	234.00	 59.00
1216	102.00	255.00	204.00
1217	102.00	204.00	153.00
1218	255.00	109.00	 73.00
1219	182.00	 36.00	182.00
1220	 36.00	219.00	219.00
1221	 51.00	204.00	255.00
1222	227.00	215.00	215.00
1223	146.00	  0.00	146.00
1224	 51.00	102.00	255.00
1225	182.00	255.00	182.00
1226	164.00	200.00	 55.00
1227	 18.00	 91.00	200.00
1228	109.00	219.00	146.00
1229	150.00	150.00	150.00
1230	145.00	133.00	133.00
1231	179.00	 77.00	179.00
1232	237.00	200.00	164.00
1233	  0.00	255.00	255.00
1234	  0.00	  0.00	153.00
1235	237.00	128.00	 18.00
1236	 91.00	 91.00	 18.00
1237	237.00	237.00	200.00
1238	205.00	205.00	205.00
1239	 58.00	105.00	115.00
1240	200.00	 18.00	 18.00
1241	219.00	182.00	 36.00
1242	146.00	109.00	182.00
1243	 18.00	 18.00	 55.00
1244	 55.00	128.00	237.00
1245	146.00	146.00	255.00
1246	164.00	 18.00	128.00
1247	 36.00	 73.00	 36.00
1248	146.00	 36.00	219.00
1249	204.00	204.00	204.00
1250	 91.00	237.00	 55.00
1251	128.00	 26.00	 26.00
1252	255.00	  0.00	109.00
1253	182.00	146.00	255.00
1254	 72.00	  0.00	138.00
1255	109.00	182.00	146.00
1256	230.00	179.00	179.00
1257	217.00	218.00	 26.00
1258	219.00	 73.00	 73.00
1259	200.00	 55.00	237.00
1260	224.00	224.00	236.00
1261	 78.00	 78.00	 90.00
1262	 55.00	237.00	237.00
1263	 73.00	 73.00	 73.00
1264	 73.00	255.00	182.00
1265	182.00	  0.00	255.00
1266	128.00	164.00	 18.00
1267	109.00	255.00	 73.00
1268	 18.00	237.00	 55.00
1269	184.00	155.00	113.00
1270	  7.00	253.00	130.00
1271	 36.00	109.00	255.00
1272	153.00	  0.00	102.00
1273	 91.00	237.00	 18.00
1274	 18.00	 55.00	 55.00
1275	109.00	146.00	 36.00
1276	237.00	164.00	164.00
1277	 73.00	109.00	  0.00
1278	 73.00	 36.00	 73.00
1279	153.00	 51.00	255.00
1280	  0.00	219.00	146.00
1281	 36.00	 36.00	 73.00
1282	 89.00	128.00	 89.00
1283	 73.00	255.00	219.00
1284	 36.00	 73.00	182.00
1285	200.00	 18.00	128.00
1286	102.00	153.00	255.00
1287	146.00	 36.00	182.00
1288	 77.00	 77.00	 26.00
1289	 91.00	164.00	128.00
1290	109.00	 36.00	 36.00
1291	179.00	 26.00	230.00
1292	109.00	  0.00	182.00
1293	146.00	255.00	 73.00
1294	 91.00	 55.00	237.00
1295	146.00	109.00	109.00
1296	  0.00	255.00	255.00
1297	 91.00	 18.00	 55.00
1298	230.00	 77.00	179.00
1299	204.00	 51.00	  0.00
1300	 73.00	255.00	109.00
1301	233.00	233.00	245.00
1302	236.00	224.00	224.00
1303	  0.00	219.00	182.00
1304	 55.00	164.00	 55.00
1305	109.00	146.00	146.00
1306	 18.00	 91.00	 18.00
1307	 73.00	 73.00	182.00
1308	200.00	200.00	164.00
1309	 55.00	237.00	 18.00
1310	255.00	 51.00	  0.00
1311	  0.00	153.00	153.00
1312	128.00	 91.00	128.00
1313	204.00	 51.00	204.00
1314	153.00	102.00	 51.00
1315	204.00	102.00	102.00
1316	 11.00	 88.00	237.00
1317	  0.00	255.00	182.00
1318	  0.00	102.00	  0.00
1319	245.00	245.00	245.00
1320	164.00	164.00	 18.00
1321	237.00	128.00	200.00
1322	128.00	 55.00	 91.00
1323	189.00	209.00	164.00
1324	255.00	182.00	146.00
1325	195.00	190.00	189.00
1326	164.00	 55.00	 91.00
1327	128.00	200.00	200.00
1328	179.00	209.00	190.00
1329	109.00	 36.00	 73.00
1330	 91.00	 18.00	 18.00
1331	 73.00	 36.00	146.00
1332	179.00	230.00	230.00
1333	  0.00	 51.00	255.00
1334	 91.00	 91.00	 91.00
1335	182.00	 36.00	  0.00
1336	 18.00	128.00	128.00
1337	 56.00	 45.00	 41.00
1338	153.00	255.00	153.00
1339	109.00	182.00	  0.00
1340	198.00	  9.00	139.00
1341	 23.00	 35.00	 23.00
1342	 36.00	109.00	109.00
1343	146.00	255.00	146.00
1344	215.00	227.00	215.00
1345	 77.00	179.00	 26.00
1346	179.00	179.00	128.00
1347	128.00	128.00	230.00
1348	219.00	182.00	146.00
1349	237.00	 91.00	 18.00
1350	255.00	255.00	255.00
1351	219.00	  0.00	109.00
1352	255.00	146.00	109.00
1353	255.00	255.00	219.00
1354	 51.00	255.00	255.00
1355	230.00	 77.00	 77.00
1356	 90.00	 78.00	 78.00
1357	  0.00	182.00	 73.00
1358	179.00	124.00	116.00
1359	 77.00	179.00	230.00
1360	185.00	114.00	 72.00
1361	155.00	155.00	155.00
1362	128.00	 91.00	237.00
1363	 55.00	164.00	164.00
1364	200.00	 91.00	 18.00
1365	 18.00	 18.00	128.00
1366	102.00	102.00	102.00
1367	 18.00	237.00	237.00
1368	146.00	 36.00	109.00
1369	 73.00	 36.00	  0.00
1370	 73.00	  0.00	 73.00
1371	127.00	171.00	 81.00
1372	237.00	 18.00	 55.00
1373	 36.00	 36.00	255.00
1374	 91.00	128.00	 91.00
1375	255.00	255.00	255.00
1376	236.00	253.00	 89.00
1377	102.00	154.00	 88.00
1378	 91.00	237.00	200.00
1379	146.00	109.00	255.00
1380	204.00	  0.00	 51.00
1381	255.00	  0.00	 51.00
1382	196.00	208.00	196.00
1383	 64.00	107.00	163.00
1384	230.00	 26.00	128.00
1385	  0.00	102.00	255.00
1386	 64.00	 99.00	 92.00
1387	164.00	237.00	200.00
1388	 36.00	 36.00	  0.00
1389	109.00	 73.00	  0.00
1390	 18.00	164.00	 91.00
1391	164.00	 18.00	200.00
1392	 52.00	 13.00	 13.00
1393	204.00	102.00	  0.00
1394	155.00	124.00	191.00
1395	  0.00	255.00	 36.00
1396	181.00	169.00	169.00
1397	109.00	255.00	219.00
1398	109.00	  0.00	 36.00
1399	230.00	230.00	 26.00
1400	164.00	128.00	128.00
1401	204.00	  0.00	  0.00
1402	164.00	 55.00	200.00
1403	 55.00	237.00	 55.00
1404	 91.00	 18.00	237.00
1405	 38.00	 77.00	 38.00
1406	137.00	137.00	137.00
1407	 26.00	230.00	 77.00
1408	105.00	117.00	105.00
1409	151.00	163.00	151.00
1410	237.00	 18.00	200.00
1411	  0.00	 73.00	146.00
1412	219.00	 36.00	109.00
1413	 73.00	182.00	255.00
1414	255.00	 51.00	 51.00
1415	182.00	146.00	 73.00
1416	 77.00	 38.00	 38.00
1417	 36.00	  0.00	 36.00
1418	 36.00	146.00	 36.00
1419	230.00	 77.00	128.00
1420	 36.00	  0.00	219.00
1421	230.00	128.00	 77.00
1422	  0.00	 51.00	204.00
1423	114.00	161.00	170.00
1424	 51.00	 51.00	 63.00
1425	179.00	179.00	 26.00
1426	 51.00	102.00	204.00
1427	200.00	 18.00	 55.00
1428	  0.00	204.00	  0.00
1429	 73.00	146.00	255.00
1430	 91.00	128.00	164.00
1431	 91.00	200.00	164.00
1432	 73.00	255.00	255.00
1433	 70.00	 70.00	 70.00
1434	128.00	164.00	 91.00
1435	211.00	 94.00	231.00
1436	 36.00	182.00	109.00
1437	255.00	204.00	255.00
1438	 96.00	 75.00	109.00
1439	243.00	225.00	243.00
1440	128.00	230.00	 26.00
1441	  0.00	109.00	  0.00
1442	161.00	163.00	 96.00
1443	 77.00	128.00	 26.00
1444	 91.00	164.00	 18.00
1445	255.00	255.00	109.00
1446	 73.00	219.00	 73.00
1447	104.00	118.00	239.00
1448	208.00	196.00	196.00
1449	 73.00	255.00	 73.00
1450	  0.00	146.00	219.00
1451	 36.00	146.00	146.00
1452	153.00	153.00	102.00
1453	228.00	228.00	228.00
1454	 73.00	 36.00	182.00
1455	  0.00	109.00	109.00
1456	 64.00	103.00	 64.00
1457	128.00	 77.00	 77.00
1458	109.00	182.00	109.00
1459	255.00	102.00	  0.00
1460	 18.00	 18.00	 18.00
1461	 36.00	 36.00	109.00
1462	  0.00	102.00	102.00
1463	 77.00	179.00	179.00
1464	128.00	 91.00	 91.00
1465	 91.00	 55.00	 91.00
1466	251.00	 76.00	232.00
1467	207.00	208.00	229.00
1468	182.00	255.00	  0.00
1469	 15.00	 15.00	 15.00
1470	219.00	  0.00	219.00
1471	 91.00	200.00	 91.00
1472	128.00	200.00	128.00
1473	219.00	219.00	219.00
1474	197.00	249.00	150.00
1475	153.00	  0.00	153.00
1476	 26.00	 77.00	179.00
1477	153.00	255.00	 51.00
1478	  0.00	102.00	153.00
1479	200.00	 55.00	128.00
1480	 73.00	255.00	  0.00
1481	153.00	204.00	153.00
1482	146.00	255.00	219.00
1483	219.00	 73.00	219.00
1484	 51.00	  0.00	  0.00
1485	135.00	152.00	 97.00
1486	128.00	179.00	230.00
1487	179.00	179.00	179.00
1488	182.00	182.00	  0.00
1489	102.00	102.00	204.00
1490	  0.00	 73.00	  0.00
1491	109.00	219.00	 36.00
1492	 55.00	164.00	128.00
1493	 36.00	255.00	219.00
1494	179.00	128.00	179.00
1495	128.00	237.00	 91.00
1496	255.00	 73.00	109.00
1497	133.00	133.00	145.00
1498	200.00	128.00	237.00
1499	 36.00	 73.00	255.00
1500	  0.00	  0.00	 26.00
1501	  0.00	 36.00	182.00
1502	237.00	237.00	237.00
1503	237.00	 18.00	 91.00
1504	 36.00	146.00	182.00
1505	204.00	102.00	153.00
1506	255.00	102.00	102.00
1507	164.00	128.00	200.00
1508	146.00	 73.00	 36.00
1509	 77.00	230.00	 26.00
1510	128.00	200.00	 18.00
1511	 55.00	 91.00	 55.00
1512	  0.00	  0.00	  0.00
1513	200.00	128.00	164.00
1514	 51.00	 51.00	  0.00
1515	255.00	204.00	153.00
1516	128.00	 89.00	 89.00
1517	255.00	 73.00	 73.00
1518	 86.00	 43.00	 48.00
1519	 73.00	146.00	219.00
1520	182.00	109.00	182.00
1521	219.00	255.00	182.00
1522	205.00	217.00	205.00
1523	 77.00	128.00	 77.00
1524	 18.00	128.00	164.00
1525	255.00	 73.00	255.00
1526	204.00	 51.00	255.00
1527	200.00	237.00	164.00
1528	 55.00	 91.00	 91.00
1529	 26.00	179.00	128.00
1530	182.00	255.00	 73.00
1531	182.00	  0.00	219.00
1532	182.00	255.00	255.00
1533	 73.00	146.00	109.00
1534	147.00	160.00	172.00
1535	153.00	 51.00	 51.00
1536	 51.00	  0.00	 51.00
1537	  0.00	 36.00	255.00
1538	109.00	 73.00	 36.00
1539	 91.00	128.00	200.00
1540	 64.00	 63.00	123.00
1541	255.00	  0.00	219.00
1542	 26.00	 26.00	230.00
1543	179.00	128.00	 77.00
1544	179.00	179.00	 77.00
1545	109.00	  0.00	255.00
1546	200.00	200.00	200.00
1547	128.00	 55.00	237.00
1548	 55.00	237.00	128.00
1549	 87.00	 87.00	 99.00
1550	242.00	242.00	254.00
1551	191.00	230.00	191.00
1552	 77.00	230.00	 77.00
1553	219.00	146.00	146.00
1554	200.00	 55.00	 91.00
1555	255.00	255.00	102.00
1556	146.00	219.00	 36.00
1557	 16.00	187.00	247.00
1558	237.00	128.00	 55.00
1559	182.00	  0.00	109.00
1560	 18.00	200.00	 18.00
1561	  0.00	  0.00	 51.00
1562	  0.00	  0.00	  0.00
1563	217.00	255.00	217.00
1564	255.00	219.00	 36.00
1565	  0.00	  0.00	102.00
1566	 91.00	 91.00	237.00
1567	 36.00	182.00	146.00
1568	 51.00	 51.00	 51.00
1569	  0.00	109.00	 73.00
1570	146.00	255.00	  0.00
1571	 18.00	200.00	 55.00
1572	146.00	  0.00	  0.00
1573	 73.00	146.00	  0.00
1574	 73.00	109.00	 73.00
1575	128.00	 77.00	230.00
1576	  0.00	204.00	102.00
1577	 77.00	 26.00	 26.00
1578	128.00	200.00	237.00
1579	240.00	240.00	240.00
1580	  0.00	255.00	255.00
1581	255.00	255.00	  0.00
1582	255.00	  0.00	255.00
1583	180.00	255.00	255.00
1584	255.00	255.00	180.00
1585	255.00	180.00	255.00
1586	 50.00	 50.00	 50.00
1587	100.00	100.00	100.00
1588	150.00	150.00	150.00
1589	200.00	200.00	200.00
1590	  0.00	255.00	255.00
1591	255.00	255.00	  0.00
1592	255.00	  0.00	255.00
1593	180.00	255.00	255.00
1594	255.00	255.00	180.00
1595	255.00	180.00	255.00
1596	 50.00	 50.00	 50.00
1597	254.00	242.00	242.00
1598	 51.00	255.00	  0.00
1599	211.00	124.00	109.00
1600	128.00	200.00	 55.00
1601	  0.00	255.00	255.00
1602	255.00	255.00	  0.00
1603	255.00	  0.00	255.00
1604	180.00	255.00	255.00
1605	255.00	255.00	180.00
1606	255.00	180.00	255.00
1607	 50.00	 50.00	 50.00
1608	100.00	100.00	100.00
1609	150.00	150.00	150.00
1610	200.00	200.00	200.00
1611	  0.00	255.00	255.00
1612	255.00	255.00	  0.00
1613	255.00	  0.00	255.00
1614	180.00	255.00	255.00
1615	255.00	255.00	180.00
1616	255.00	180.00	255.00
1617	 50.00	 50.00	 50.00
1618	  0.00	 73.00	109.00
1619	185.00	185.00	185.00
1620	204.00	204.00	153.00
1621	 51.00	204.00	 51.00
1622	179.00	 77.00	230.00
1623	255.00	255.00	  0.00
1624	255.00	  0.00	255.00
1625	180.00	255.00	255.00
1626	255.00	255.00	180.00
1627	255.00	180.00	255.00
1628	 50.00	 50.00	 50.00
1629	100.00	100.00	100.00
1630	150.00	150.00	150.00
1631	200.00	200.00	200.00
1632	  0.00	255.00	255.00
1633	255.00	255.00	  0.00
1634	255.00	  0.00	255.00
1635	180.00	255.00	255.00
1636	255.00	255.00	180.00
1637	255.00	180.00	255.00
1638	 50.00	 50.00	 50.00
1639	100.00	100.00	100.00
1640	150.00	150.00	150.00
1641	200.00	200.00	200.00
1642	  0.00	255.00	255.00
1643	255.00	255.00	  0.00
1644	255.00	  0.00	255.00
1645	180.00	255.00	255.00
1646	255.00	255.00	180.00
1647	255.00	180.00	255.00
1648	 50.00	 50.00	 50.00
1649	100.00	100.00	100.00
1650	150.00	150.00	150.00
1651	200.00	200.00	200.00
1652	  0.00	255.00	255.00
1653	255.00	255.00	  0.00
1654	255.00	  0.00	255.00
1655	180.00	255.00	255.00
1656	255.00	255.00	180.00
1657	255.00	180.00	255.00
1658	 50.00	 50.00	 50.00
1659	100.00	100.00	100.00
1660	100.00	100.00	100.00
1661	150.00	150.00	150.00
1662	200.00	200.00	200.00
1663	  0.00	255.00	255.00
1664	255.00	255.00	  0.00
1665	255.00	  0.00	255.00
1666	180.00	255.00	255.00
1667	255.00	255.00	180.00
1668	255.00	180.00	255.00
1669	 50.00	 50.00	 50.00
1670	100.00	100.00	100.00
1671	150.00	150.00	150.00
1672	200.00	200.00	200.00
1673	  0.00	255.00	255.00
1674	255.00	255.00	  0.00
1675	255.00	  0.00	255.00
1676	180.00	255.00	255.00
1677	255.00	255.00	180.00
1678	255.00	180.00	255.00
1679	 50.00	 50.00	 50.00
1680	100.00	100.00	100.00
1681	100.00	100.00	100.00
1682	150.00	150.00	150.00
1683	200.00	200.00	200.00
1684	  0.00	255.00	255.00
1685	255.00	255.00	  0.00
1686	255.00	  0.00	255.00
1687	180.00	255.00	255.00
1688	255.00	255.00	180.00
1689	255.00	180.00	255.00
1690	 50.00	 50.00	 50.00
1691	100.00	100.00	100.00
1692	150.00	150.00	150.00
1693	200.00	200.00	200.00
1694	  0.00	255.00	255.00
1695	255.00	255.00	  0.00
1696	255.00	  0.00	255.00
1697	180.00	255.00	255.00
1698	255.00	255.00	180.00
1699	255.00	180.00	255.00
1700	 50.00	 50.00	 50.00
1701	100.00	100.00	100.00
1702	150.00	150.00	150.00
1703	200.00	200.00	200.00
1704	  0.00	255.00	255.00
1705	255.00	255.00	  0.00
1706	255.00	  0.00	255.00
1707	180.00	255.00	255.00
1708	255.00	255.00	180.00
1709	255.00	180.00	255.00
1710	 50.00	 50.00	 50.00
1711	100.00	100.00	100.00
1712	150.00	150.00	150.00
1713	200.00	200.00	200.00
1714	  0.00	255.00	255.00
1715	255.00	255.00	  0.00
1716	255.00	  0.00	255.00
1717	180.00	255.00	255.00
1718	255.00	255.00	180.00
1719	255.00	180.00	255.00
1720	 50.00	 50.00	 50.00
1721	100.00	100.00	100.00
1722	150.00	150.00	150.00
1723	150.00	150.00	150.00
1724	200.00	200.00	200.00
1725	  0.00	255.00	255.00
1726	255.00	255.00	  0.00
1727	255.00	  0.00	255.00
1728	180.00	255.00	255.00
1729	255.00	255.00	180.00
1730	255.00	180.00	255.00
1731	 50.00	 50.00	 50.00
1732	100.00	100.00	100.00
1733	150.00	150.00	150.00
1734	200.00	200.00	200.00
1735	  0.00	255.00	255.00
1736	255.00	255.00	  0.00
1737	255.00	  0.00	255.00
1738	180.00	255.00	255.00
1739	255.00	255.00	180.00
1740	255.00	180.00	255.00
1741	 50.00	 50.00	 50.00
1742	100.00	100.00	100.00
1743	150.00	150.00	150.00
1744	150.00	150.00	150.00
1745	200.00	200.00	200.00
1746	  0.00	255.00	255.00
1747	255.00	255.00	  0.00
1748	255.00	  0.00	255.00
1749	180.00	255.00	255.00
1750	255.00	255.00	180.00
1751	255.00	180.00	255.00
1752	 50.00	 50.00	 50.00
1753	100.00	100.00	100.00
1754	150.00	150.00	150.00
1755	200.00	200.00	200.00
1756	  0.00	255.00	255.00
1757	255.00	255.00	  0.00
1758	255.00	  0.00	255.00
1759	180.00	255.00	255.00
1760	255.00	255.00	180.00
1761	255.00	180.00	255.00
1762	 50.00	 50.00	 50.00
1763	100.00	100.00	100.00
1764	150.00	150.00	150.00
1765	200.00	200.00	200.00
1766	  0.00	255.00	255.00
1767	255.00	255.00	  0.00
1768	255.00	  0.00	255.00
1769	180.00	255.00	255.00
1770	255.00	255.00	180.00
1771	255.00	180.00	255.00
1772	 50.00	 50.00	 50.00
1773	100.00	100.00	100.00
1774	150.00	150.00	150.00
1775	200.00	200.00	200.00
1776	  0.00	255.00	255.00
1777	255.00	255.00	  0.00
1778	255.00	  0.00	255.00
1779	180.00	255.00	255.00
1780	255.00	255.00	180.00
1781	255.00	180.00	255.00
1782	 50.00	 50.00	 50.00
1783	100.00	100.00	100.00
1784	150.00	150.00	150.00
1785	200.00	200.00	200.00
1786	200.00	200.00	200.00
1787	  0.00	255.00	255.00
1788	255.00	255.00	  0.00
1789	255.00	  0.00	255.00
1790	180.00	255.00	255.00
1791	255.00	255.00	180.00
1792	255.00	180.00	255.00
1793	 50.00	 50.00	 50.00
1794	100.00	100.00	100.00
1795	150.00	150.00	150.00
1796	200.00	200.00	200.00
1797	  0.00	255.00	255.00
1798	255.00	255.00	  0.00
1799	255.00	  0.00	255.00
1800	180.00	255.00	255.00
1801	255.00	255.00	180.00
1802	255.00	180.00	255.00
1803	 50.00	 50.00	 50.00
1804	100.00	100.00	100.00
1805	150.00	150.00	150.00
1806	200.00	200.00	200.00
1807	200.00	200.00	200.00
1808	  0.00	255.00	255.00
1809	255.00	255.00	  0.00
1810	255.00	  0.00	255.00
1811	180.00	255.00	255.00
1812	255.00	255.00	180.00
1813	255.00	180.00	255.00
1814	 50.00	 50.00	 50.00
1815	100.00	100.00	100.00
1816	150.00	150.00	150.00
1817	200.00	200.00	200.00
1818	  0.00	255.00	255.00
1819	255.00	255.00	  0.00
1820	255.00	  0.00	255.00
1821	180.00	255.00	255.00
1822	255.00	255.00	180.00
1823	255.00	180.00	255.00
1824	 50.00	 50.00	 50.00
1825	100.00	100.00	100.00
1826	150.00	150.00	150.00
1827	200.00	200.00	200.00
END_DATA
