    0    0    0     1.64  -1.31   0.87   1.58  -1.25   0.93
    5    5    5     3.50   1.34   0.85   3.59   1.40   0.67
   10   10   10     5.78   2.83   0.16   5.17   3.20  -0.34
   15   15   15     7.22   3.96  -0.26   6.72   5.43  -0.73
   20   20   20     8.69   5.00  -0.60   8.40   5.62  -0.79
   25   25   25    10.38   5.69  -0.80   9.72   5.95  -1.65
   30   30   30    12.36   6.14  -0.94  11.61   5.80  -2.07
   35   35   35    14.52   6.39  -0.95  13.07   6.27  -2.03
   40   40   40    16.77   6.34  -1.04  15.62   5.77  -1.45
   45   45   45    18.90   6.08  -1.20  18.31   5.28  -1.58
   50   50   50    21.03   5.81  -1.32  20.63   4.47  -2.24
   55   55   55    23.22   5.50  -1.38  22.70   4.16  -2.09
   60   60   60    25.47   5.27  -1.31  24.72   4.06  -1.34
   65   65   65    27.67   4.92  -1.21  26.89   3.62  -1.73
   70   70   70    29.83   4.49  -1.14  29.08   3.55  -1.82
   75   75   75    31.95   3.99  -1.08  31.53   3.47  -1.13
   80   80   80    34.15   3.51  -0.91  33.56   3.39  -0.91
   85   85   85    36.36   3.11  -0.69  35.75   3.22  -0.62
   90   90   90    38.53   2.70  -0.38  37.47   3.05  -0.50
   95   95   95    40.54   2.33  -0.08  39.67   2.54  -0.36
  100  100  100    42.50   1.97   0.27  41.55   2.53   0.75
  105  105  105    44.46   1.61   0.61  43.35   1.95   0.76
  110  110  110    46.47   1.26   0.95  45.53   1.23   0.95
  115  115  115    48.33   0.94   1.29  47.17   1.52   1.36
  120  120  120    50.06   0.62   1.55  48.93   0.74   1.66
  125  125  125    51.74   0.36   1.84  51.10   0.64   2.18
  130  130  130    53.41   0.12   2.10  52.52   0.63   2.51
  135  135  135    55.18  -0.10   2.36  54.72   0.19   2.80
  140  140  140    56.95  -0.25   2.56  56.48   0.26   1.96
  145  145  145    58.75  -0.37   2.73  58.04   0.18   2.43
  150  150  150    60.57  -0.44   2.82  60.46  -0.02   2.78
  155  155  155    62.40  -0.52   2.85  61.66  -0.52   2.43
  160  160  160    64.24  -0.63   2.78  63.82  -0.52   2.85
  165  165  165    66.01  -0.75   2.61  65.41  -0.63   2.38
  170  170  170    67.73  -0.87   2.41  67.41  -0.50   2.39
  175  175  175    69.36  -0.97   2.18  69.29  -1.02   2.18
  180  180  180    70.98  -1.07   1.97  70.83  -0.98   2.32
  185  185  185    72.54  -1.11   1.70  71.78  -0.62   1.92
  190  190  190    74.09  -1.16   1.44  73.29  -0.93   0.99
  195  195  195    75.53  -1.12   1.20  75.46  -0.63   1.40
  200  200  200    77.00  -1.13   0.96  76.57  -0.90   0.53
  205  205  205    78.46  -1.05   0.71  78.40  -0.55  -0.13
  210  210  210    79.96  -0.98   0.45  79.75  -0.91  -0.11
  215  215  215    81.54  -0.90   0.14  81.01  -0.60  -0.12
  220  220  220    83.14  -0.82  -0.18  82.88  -0.42  -0.71
  225  225  225    84.78  -0.68  -0.51  84.72  -0.37  -0.79
  230  230  230    86.42  -0.64  -0.86  86.31  -0.25  -0.00
  235  235  235    88.05  -0.64  -1.24  88.49  -0.55  -0.47
  240  240  240    89.67  -0.58  -1.56  90.01  -0.43  -0.88
  245  245  245    91.37  -0.50  -1.87  92.10  -0.20  -1.66
  250  250  250    93.03  -0.61  -1.98  93.37  -0.85  -2.09
  255  255  255    94.66  -1.17  -2.19  94.68  -1.09  -2.18
  101  100  105    42.87   2.68  -1.35  42.51   2.78  -1.27
  176  176  182    69.90  -0.39  -0.21  70.06   0.09  -0.08
  222  231  224    85.31  -3.34   0.05  85.24  -2.78  -0.06
  159  153  163    63.25   1.80   0.54  63.37   2.23   0.65
  169  170  159    67.18  -2.22   6.51  67.01  -2.10   6.19
  240  249  252    91.44  -2.42  -5.11  92.26  -2.36  -4.81
  213  198  208    78.63   3.31   0.40  78.31   3.39  -0.27
  229  223  239    85.12   2.20  -5.58  85.64   2.50  -5.82
   81   65   80    31.81  10.12  -2.37  31.77   9.35  -2.66
  198  185  203    74.89   3.55  -2.47  74.55   3.55  -2.78
   15   31   27    10.13   0.20  -3.00   8.83  -1.49  -4.01
   35   52   51    18.70   1.29  -5.18  18.31   0.76  -5.59
  154  134  143    58.60   5.33   4.43  58.68   5.20   3.90
  209  231  210    83.14  -7.83   2.89  82.75  -7.39   2.60
  209  204  226    79.48   2.25  -6.69  79.17   2.24  -7.44
   88   75   95    36.04   9.03  -4.75  36.26   8.98  -4.59
  120  109  130    49.04   5.85  -3.59  48.46   6.12  -3.91
   49   65   69    24.98   1.56  -7.26  24.40   0.38  -7.58
  146  139  124    57.11  -0.00  10.00  57.18   0.06   9.91
  220  244  236    87.49  -6.63  -3.31  87.29  -6.41  -3.33
  132  153  130    57.34  -7.92   5.84  57.42  -7.61   5.89
  242  216  227    85.69   6.09   0.82  86.24   5.12   1.07
   32   21   43    12.65  12.61  -6.13  12.34  13.57  -6.23
  253  228  226    89.41   5.37   5.49  89.62   4.08   5.44
   17   11   34     8.17  10.86  -7.34   7.94  11.60  -7.21
  182  187  209    73.47  -0.14  -8.01  73.68  -0.41  -8.32
  241  249  221    91.02  -5.54   7.65  90.99  -5.83   8.90
   59   47   35    21.65   8.12   6.75  21.48   7.45   6.57
  225  212  197    81.90   0.48   8.99  81.88   0.25   9.18
   63   45   70    24.42  13.85  -5.62  25.10  12.70  -6.14
  196  194  223    76.58   2.12  -9.48  76.72   1.91 -10.21
    8   30    5     8.69  -6.77   4.63   8.59  -6.68   4.80
   95  110   83    43.01  -4.48   7.03  42.40  -3.89   6.49
   76   64   49    28.93   6.65   8.27  27.98   5.55   7.94
   32    5   23     8.62  15.96  -0.73   8.86  16.77  -0.18
  114  132  144    52.71  -2.84  -6.65  52.71  -2.22  -6.61
  174  173  143    67.87  -3.70  14.46  67.42  -3.72  14.03
  193  226  197    79.87 -11.36   3.81  80.07 -11.26   3.47
  144  113  113    52.62   7.74   9.78  52.37   7.98   9.48
   68   83   98    34.08   1.77 -10.80  34.36   2.49  -9.98
  183  189  156    72.15  -5.75  13.14  71.65  -5.61  12.69
  115  147  137    54.63  -9.13  -1.80  54.96  -9.13  -1.03
   80   93  111    38.90   1.61 -10.82  39.35   1.99 -10.54
   69  100   69    35.31  -7.45   3.53  34.88  -7.83   3.12
  108  132  100    49.88  -8.56   7.53  49.92  -7.72   6.88
   96  115  128    46.51  -2.01  -8.81  46.69  -1.95  -8.98
  160  194  183    70.69  -9.96  -1.82  70.36 -10.41  -1.58
  119  114   87    48.14  -0.37  13.15  47.40   0.38  13.50
  184  150  154    66.69   7.04   9.55  66.24   7.47   9.24
   53   68   37    24.48  -1.84   7.59  23.73  -2.57   7.85
   30   27    0    10.79   2.53  10.16  11.81   2.54  11.59
  145  111  134    53.47  10.71   2.14  53.31  10.66   2.03
  240  207  244    84.09  10.09  -7.60  83.83  10.21  -7.43
  165  136  129    60.19   5.74  12.92  60.04   5.61  12.36
  192  155  184    69.74   9.87   0.35  70.13   9.77   0.60
  209  226  248    82.96  -2.23 -13.59  82.88  -1.63 -13.56
  151  180  143    65.28 -11.57   9.74  65.21 -11.31   9.73
   74   40   40    23.86  15.43   7.75  24.09  14.91   6.82
   89  126  117    46.80  -9.24  -5.40  47.39  -9.04  -5.57
  206  192  166    76.30  -0.31  14.93  76.33  -0.36  14.99
  222  229  188    83.93  -6.44  14.22  83.78  -6.43  14.68
  109   72   91    39.48  14.37   2.62  39.38  14.80   1.93
   65   28   46    20.63  18.82   2.17  20.26  17.89   1.17
  221  206  178    80.28  -0.26  15.17  80.24  -0.34  15.34
  129   89  111    46.77  13.50   3.01  46.36  13.58   2.93
  176  169  212    70.41   4.90 -12.51  70.81   4.84 -12.86
  239  226  195    85.97  -0.98  14.47  86.05  -1.88  15.16
  182  140  175    65.74  12.00  -0.13  66.22  12.01   0.37
  134  177  168    63.52 -12.17  -4.17  63.76 -12.35  -3.39
  220  205  251    81.21   7.34 -15.72  80.69   6.66 -15.62
  166  146  190    64.74   8.35  -9.08  65.19   8.88  -8.72
  169  212  167    74.04 -15.65   8.61  73.92 -15.40   8.61
  122   91   80    44.82   8.42  13.24  44.36   8.40  12.74
  206  246  199    84.84 -14.59   8.50  84.28 -14.51   7.77
  111   69   69    38.36  14.26  11.24  38.36  13.73  10.46
  182  201  229    75.82  -2.82 -13.87  75.89  -3.30 -14.35
   84   56   98    32.50  17.10  -8.73  33.10  16.94  -9.29
  200  248  223    85.01 -13.99  -2.02  84.82 -13.90  -2.30
  240  192  219    81.53  12.33   0.74  81.86  11.60   1.09
  153  169  123    63.09  -8.95  16.59  63.47  -8.93  16.70
  143  125   98    54.04   1.95  17.30  53.61   1.90  17.64
  235  191  240    81.13  13.55  -8.79  81.21  14.00  -8.35
  244  194  194    81.94  10.23  11.92  82.02  10.19  11.83
  163  178  212    69.99  -0.75 -14.17  70.32  -0.09 -14.57
    8   43   51    11.29  -3.33 -13.15  10.67  -4.23 -14.22
    4   27   47     8.73   2.19 -13.82   7.53   1.13 -14.94
  255  248  203    92.30  -3.41  17.71  92.49  -3.62  17.95
  124  153  105    55.66 -12.29  13.14  55.86 -11.55  12.88
   36   53    9    17.24  -3.79  12.68  17.93  -2.83  14.92
   24   69   27    18.86 -12.64   4.77  19.33 -12.45   5.74
   66   36   21    20.88  13.61  12.29  21.23  13.07  12.80
   62   21   17    17.47  17.95  10.78  17.89  17.64  11.69
   97   88   50    38.37   2.47  18.36  38.54   1.85  17.61
   73   93   46    33.78  -5.30  13.76  33.82  -5.53  13.04
   56  104   58    32.85 -13.18   5.15  32.74 -12.64   4.99
  105  150  156    55.19 -10.72 -10.42  55.40 -11.11 -10.12
   81   85  131    39.54   7.73 -18.48  38.97   7.90 -17.81
   94   54   45    30.88  15.12  13.76  30.56  14.68  12.98
  123  124  176    55.00   5.89 -16.86  54.65   6.06 -16.94
   76   82   33    31.98  -1.09  18.32  32.35  -1.99  17.72
  161  112  108    55.41  11.55  16.53  55.58  11.26  16.26
  170  226  201    77.20 -16.47  -2.72  76.98 -16.67  -2.91
  181  127  128    61.67  12.21  16.18  61.40  12.28  16.08
  189  247  197    82.54 -19.49   5.53  82.77 -18.98   5.41
   85  138   98    47.41 -16.89   2.48  48.15 -16.86   2.36
  237  226  179    85.34  -2.89  20.85  85.43  -3.09  21.65
  235  177  211    78.73  15.03   1.31  79.17  14.10   2.18
  231  173  230    78.08  17.26  -7.36  78.21  17.67  -6.79
  176  229  171    77.46 -19.33  10.76  77.46 -19.45  11.06
  143   89  128    49.92  18.25   0.98  49.36  18.34   1.14
  167  127  183    62.01  14.38  -8.16  62.11  14.47  -7.92
  147  204  191    71.04 -15.82  -6.39  70.72 -16.24  -6.32
  103  129  158    52.00  -2.58 -14.91  52.22  -2.88 -14.70
   59   71   20    25.80  -2.18  16.99  26.40  -2.45  17.74
  179  238  211    80.20 -17.35  -3.17  80.02 -17.56  -3.29
  204  194  254    77.52   6.97 -20.64  77.66   7.04 -20.85
   34   86   48    24.59 -13.89   0.62  24.36 -13.31   0.36
   51   81  104    30.92  -0.46 -18.31  31.32  -0.06 -17.40
  134  130  187    57.86   7.17 -17.50  57.82   6.93 -17.31
   85  135  140    49.14 -11.50 -13.12  49.54 -11.17 -13.29
  123  136   81    52.48  -7.90  20.43  52.26  -7.00  20.72
   39   19   71    16.54  20.15 -14.20  16.71  21.14 -13.76
  112   92  148    46.93  13.15 -14.29  47.47  13.57 -14.53
  107  164  134    56.28 -18.02  -0.32  56.12 -18.40   0.22
  198  143  139    67.70  11.35  18.21  67.73  11.32  18.90
  198  158  218    72.08  13.63 -11.10  73.40  13.28 -11.03
   94   40   79    30.33  24.31  -0.42  30.35  24.30  -1.57
  132  168  191    63.13  -6.64 -14.33  62.99  -6.90 -14.11
  144  116  175    56.64  12.92 -12.24  56.83  13.18 -11.98
   57  113   82    36.19 -14.95  -3.45  36.21 -14.05  -3.74
  170  170  232    70.35   5.42 -20.94  70.95   5.52 -20.69
  187  127  184    65.17  18.27  -3.74  64.94  19.19  -3.47
  151  140  201    62.27   8.62 -17.47  62.50   8.91 -17.38
  193  138  199    68.23  17.19  -7.04  68.04  18.51  -6.61
  126  124   68    50.74  -3.45  25.02  50.65  -3.29  25.06
   96   54  112    35.57  22.40 -10.21  35.61  22.12 -10.74
  177  226  242    78.61 -10.49 -17.20  77.97 -11.16 -17.69
  182  160  120    66.57   0.75  24.06  66.40   0.06  24.12
  197  195  134    74.52  -6.07  26.27  74.59  -6.42  26.38
  170  108  153    58.27  18.91   1.61  57.85  19.38   1.86
  170  142  206    65.66  12.15 -14.61  66.07  12.80 -14.45
   91   84  145    42.37  12.08 -20.40  41.51  12.20 -20.14
  111  123   63    47.95  -6.77  22.76  47.21  -7.07  22.74
   27   85   75    23.68 -12.54 -13.08  24.29 -12.10 -12.32
  134   79  141    47.83  21.99  -7.25  47.89  22.87  -6.63
  168  144  104    61.39   1.88  24.79  61.24   1.14  24.72
  147   84   98    48.66  18.37  12.56  48.72  18.28  12.80
  158  132   94    57.69   2.93  24.42  57.74   2.01  24.31
  250  180  250    81.99  22.17 -11.84  82.09  21.28 -11.04
   13   71   74    17.58 -10.49 -18.09  17.37 -11.61 -18.20
  230  194  160    79.86   4.10  23.02  79.92   4.28  23.40
   44  107   45    30.23 -19.24   7.92  29.99 -17.85   7.69
   89   44   27    27.38  17.18  17.84  27.72  16.19  18.24
  150  158   92    60.26  -8.29  26.76  60.41  -7.51  27.30
  138  207  152    68.52 -23.95   6.69  68.33 -23.75   6.70
  137  105   72    49.57   6.10  23.20  49.56   6.01  22.91
   19   24   81    14.16  15.32 -23.00  14.20  15.41 -22.87
  107  101   43    42.72  -0.16  26.84  43.42  -1.03  26.37
  111   78   46    39.24   9.61  22.55  39.90   8.89  21.91
   90   62  128    37.17  19.64 -16.76  37.51  19.58 -17.10
  229  157  160    75.00  15.30  18.54  75.14  15.60  18.75
  173  205  134    72.42 -15.76  21.80  72.92 -15.65  22.57
  125   58  102    40.61  25.39   1.80  40.79  25.27   1.63
   72    8   16    17.40  26.00  12.04  17.14  26.04  12.51
   88   74   23    32.79   4.92  24.77  33.84   3.82  25.10
  188  118  117    61.25  16.12  21.09  61.59  16.85  21.35
  197  125  141    64.88  17.46  15.00  64.90  17.76  15.65
    0    5   64     8.48  16.87 -21.91   7.66  16.26 -21.94
  213  140  203    71.42  21.08  -3.85  71.96  21.03  -3.42
   56   30   96    23.41  23.05 -17.02  23.40  23.51 -17.58
  195  254  178    84.17 -23.56  16.10  83.86 -23.06  15.31
  160  235  211    77.40 -20.83  -7.37  77.32 -20.86  -7.68
  199  217  143    78.19 -12.08  25.71  78.08 -12.49  26.12
  183  138  111    63.25   7.76  24.88  63.51   7.49  24.59
   78  109  148    44.47  -1.18 -22.10  44.33  -1.12 -21.56
   93  164  100    53.20 -25.36   8.24  54.17 -25.26   8.94
  119   92  163    49.10  16.29 -17.59  49.70  16.16 -17.41
  131  204  130    66.01 -27.37  12.98  66.12 -27.40  13.12
  175  252  181    81.16 -27.82   9.88  80.78 -26.64   9.06
   35   51  103    22.53  10.08 -24.97  22.94   9.70 -26.17
  142   86  158    51.06  22.50 -10.28  51.17  22.55  -9.80
  187  113  158    61.98  20.95   4.52  61.43  21.02   5.03
  139  182  108    62.60 -19.01  20.32  62.54 -18.88  20.55
   90  163  123    53.26 -23.43  -1.36  53.58 -23.28  -0.27
   60   85  131    35.60   3.35 -24.90  35.95   3.09 -24.22
  237  159  188    76.50  18.76   9.19  76.05  18.20   9.72
  157   84  152    52.61  25.75  -4.03  52.72  25.29  -2.96
   76    8   68    21.49  33.42  -3.08  21.98  33.96  -2.93
  214  195  137    77.28  -1.56  29.04  77.38  -1.45  29.40
  127   63  135    43.65  27.11  -8.51  43.64  26.90  -8.30
  111   40   56    32.59  26.42  12.90  32.28  26.23  12.12
  231  228  152    84.44  -6.85  30.81  84.18  -6.86  31.81
  150  166  229    67.17   2.49 -24.62  67.63   3.03 -25.20
  106  137  182    55.02  -1.87 -21.18  54.98  -1.97 -21.61
   98   31  102    31.38  32.00  -7.14  30.53  32.35  -7.62
  118  141  195    57.76   0.92 -22.48  57.85   1.00 -23.17
  163   88  124    52.87  22.46   8.09  52.78  21.88   8.34
  176  100  135    57.18  21.46   8.83  56.78  21.56   9.42
  142  221  166    71.69 -26.19   4.10  72.03 -25.84   4.54
  198  254  191    84.70 -20.27  10.86  84.98 -20.05  10.68
  221  232  190    84.32  -7.44  13.54  84.56  -7.22  13.67
   63  177   15    45.10 -40.61  38.71  44.85 -40.12  40.27
   77  161   39    46.57 -31.08  29.74  46.10 -31.86  28.94
  156  215   47    68.44 -27.94  56.33  68.54 -28.24  55.95
  171  187   42    66.56 -13.53  58.74  66.32 -13.86  58.93
  105  107   50    43.68  -2.77  24.12  44.62  -3.78  24.08
  119  109   21    45.12   0.08  41.18  44.85  -0.49  41.32
   86  197   26    53.64 -41.31  44.25  53.56 -42.06  45.40
  116  168  166    59.75 -13.53  -8.64  59.75 -13.99  -8.32
  116  190  142    62.10 -24.55   2.95  62.01 -24.11   2.76
  234   80  204    65.03  47.26  -4.77  64.76  46.19  -3.98
  156  217  112    70.88 -27.01  28.08  70.76 -26.81  28.17
   72  197  123    55.59 -42.21  -1.33  55.36 -41.69  -1.46
  240  111  212    70.88  37.39  -4.70  70.62  37.05  -4.32
  116  163  248    62.34   0.23 -38.96  62.15  -0.53 -39.10
  122  143  223    59.95   4.79 -31.39  59.93   4.75 -32.86
   37  201  189    51.97 -41.82 -34.86  52.16 -44.19 -35.35
  151  133  234    62.81  15.16 -29.89  63.32  14.70 -29.93
  126  118  154    52.98   6.19  -9.19  53.73   6.96  -9.22
  126  133  183    57.00   3.94 -17.43  56.64   3.99 -17.75
  166  116  160    59.13  15.84  -1.03  59.24  15.44  -0.68
  178  138  181    65.08  12.46  -3.54  65.24  12.84  -3.37
  147    0   67    34.00  53.95  14.33  34.33  54.25  15.16
  162   26   80    41.17  46.77  17.88  41.43  46.83  17.97
  208  100  199    65.13  33.54  -6.97  65.24  33.38  -6.99
  205   85   94    58.52  31.22  30.88  58.90  30.98  30.72
  216   57  108    55.94  45.97  25.74  55.90  45.62  25.62
  122  121  111    50.10  -0.24   5.51  49.56   0.44   5.38
  142  126   85    53.93   0.48  22.56  53.67   0.41  22.81
  200    8   63    44.78  61.77  32.45  44.41  62.42  31.94
  233    5   65    49.12  69.82  41.16  48.51  70.39  42.15
   59   67    1    24.65  -1.38  25.38  24.51  -0.67  25.49
   86   63   20    30.12   8.52  23.37  30.63   7.55  24.01
  171   19   27    40.78  48.73  38.36  40.85  49.83  39.10
  192    4    6    41.60  59.22  48.09  42.07  59.24  48.00
  129   28   67    34.73  37.18  12.61  34.92  38.00  12.86
  148  109  129    53.43  11.60   4.52  53.63  11.99   4.61
  180  113  120    59.14  16.32  17.13  58.97  16.60  17.43
   88  119  227    51.94   8.70 -44.07  52.12   8.81 -43.01
   93   89  241    48.03  24.52 -51.18  48.01  24.42 -50.69
   94  254  177    69.53 -49.35  -5.53  69.45 -49.01  -5.18
  104  252  209    72.72 -41.08 -15.67  72.71 -39.67 -15.39
    4  183   68    32.84 -61.32  -2.20  32.44 -60.83  -2.27
    9  150   72    29.25 -46.33  -7.24  29.44 -46.79  -6.70
   96  133   16    43.84 -14.18  40.86  43.35 -14.98  42.54
   14    0  243    26.37  58.77 -70.22  25.58  57.38 -67.49
   42   18  238    30.26  51.43 -63.91  31.31  51.72 -64.48
  138  152   64    56.82 -10.75  34.44  56.57 -10.27  33.51
    0   37  200    20.27  29.93 -66.78  19.06  29.48 -68.43
    9   10  182    18.54  40.44 -58.12  18.62  40.45 -57.03
  240  197  196    81.80   8.50  10.63  81.94   8.29  10.06
  246  165  187    78.47  19.04  12.21  78.25  18.49  12.33
   87   77  210    45.40  23.69 -43.94  45.59  23.03 -44.69
   39  138   62    35.52 -33.38   3.42  35.18 -34.22   2.77
  125  211   60    63.37 -36.22  41.34  63.08 -36.83  40.64
  169  250   17    75.53 -33.75  78.40  75.35 -33.28  79.18
  198  241   32    78.89 -22.93  77.32  78.88 -24.28  77.29
  167   81  127    52.49  26.48   7.43  52.40  25.98   7.93
  216  190   94    75.91  -1.64  46.87  76.05  -1.75  47.72
  176  205  178    74.16 -10.52   4.94  74.21 -10.69   4.82
  203  185  183    75.10   2.74   6.60  74.79   2.78   6.10
  187   57   87    50.43  38.53  25.60  51.00  37.87  25.38
  216   46   73    53.84  49.49  38.50  54.01  48.53  38.33
  184   56   53    49.30  37.18  38.60  49.24  37.16  38.43
  112  192  190    64.41 -20.03 -14.80  64.26 -20.83 -14.59
   27    4   91    14.20  28.24 -24.40  15.01  29.09 -23.22
   28   31  112    19.03  19.70 -30.72  19.02  20.28 -32.21
   70  104  197    46.28   6.77 -42.01  45.97   6.78 -41.54
    0  165   33    29.65 -59.30   9.52  28.68 -60.02   9.39
   10  192   14    37.63 -66.13  24.64  38.01 -66.14  25.31
    3  219   66    38.11 -74.93   4.21  37.51 -75.62   2.59
  248   25   99    55.24  65.31  35.42  56.04  66.28  35.92
  251   35   66    58.24  61.87  49.38  58.79  61.11  49.50
  188  164  135    68.65   1.80  19.99  69.09   1.39  20.53
  208  146  157    70.56  13.81  13.84  70.78  13.78  13.61
   70   46   46    24.31  12.44   5.24  23.55  11.39   4.32
  169   13  254    45.16  68.45 -32.32  44.71  68.11 -32.67
  196   10  232    46.94  70.62 -19.08  46.53  70.20 -19.09
  211  167    3    69.52   6.56  85.33  69.49   7.00  84.43
  119  196   14    58.56 -30.31  58.39  58.58 -31.05  59.89
  104  152   73    52.05 -19.28  20.89  51.83 -19.54  21.10
  247   54  224    61.58  62.69  -9.10  60.77  61.95  -9.23
   58   18    8    15.58  17.02  12.64  16.25  17.39  13.44
   93   14    5    22.15  28.48  23.02  23.01  28.85  24.47
  248  241  169    89.44  -5.41  29.46  89.13  -5.66  32.08
  238  203  135    81.89   1.73  36.27  81.68   1.72  36.28
  254  173  145    80.62  15.74  32.41  80.21  16.21  31.91
    5  132   21    26.15 -46.20  11.55  25.64 -46.32  11.12
    9   30  142    16.90  22.28 -45.83  16.93  22.62 -46.88
  222  134  237    72.05  28.66 -15.92  71.97  28.62 -15.53
  254  144  225    76.96  30.93  -3.88  76.79  31.88  -4.19
  114  173  100    57.47 -22.95  15.42  57.62 -22.89  16.10
  163    5  212    41.08  65.43 -20.95  40.72  64.77 -19.63
   68  249  203    66.68 -49.46 -21.55  66.56 -48.03 -21.83
  188   10  187    44.09  65.49  -8.15  44.06  65.42  -8.22
  105   31  199    38.56  45.83 -35.52  38.12  45.94 -36.69
  110    6  224    35.78  59.38 -38.79  35.77  58.99 -38.14
  148   31  174    42.55  49.62 -15.92  42.52  50.07 -16.58
  167   57  190    50.90  43.68 -16.36  50.57  43.78 -17.33
   84   82  172    43.72  15.09 -31.89  44.29  15.53 -32.32
  197   10  147    44.68  64.22   5.92  44.65  64.90   5.47
  232    1  148    46.98  74.45  15.37  47.15  73.58  15.80
   65   27   78    22.86  23.45  -8.76  22.89  23.72  -9.13
   84    2   60    21.33  37.57   1.15  21.27  38.22   1.15
  120   38    2    32.06  27.00  36.67  32.25  26.83  37.96
  162  190   77    66.62 -17.30  40.89  66.48 -17.08  41.34
   89  229  120    62.88 -50.05   9.98  63.18 -49.70  10.66
  103  218  255    69.78 -21.77 -35.75  69.29 -21.60 -36.93
  138  228  255    74.65 -18.28 -28.93  73.56 -18.22 -29.81
  225   11  254    50.86  75.27 -18.34  50.55  75.91 -17.69
  103   54  240    43.33  41.37 -49.24  43.72  40.94 -50.80
   68  253   41    58.90 -68.30  42.36  58.18 -69.57  42.39
   95  229   47    60.62 -51.26  42.46  60.53 -52.93  42.77
    3  150  242    38.07 -10.80 -70.35  38.16 -10.83 -68.75
    4  114  235    32.27   3.75 -72.88  33.56   4.02 -72.14
  141   82   37    45.36  15.27  36.37  45.20  14.73  35.31
  170  104   42    54.51  14.47  46.35  54.28  14.28  46.15
   68   35  135    29.35  29.04 -26.20  29.44  29.07 -26.92
   82    5  151    27.14  47.12 -25.50  27.06  46.61 -24.35
  197  143   73    65.73   7.98  45.11  65.89   7.85  44.88
  217  115   60    65.03  22.40  52.22  64.90  22.13  51.48
  227  138   19    69.33  18.24  77.09  69.03  18.03  77.63
  229  165   64    74.10   9.10  59.58  74.06   9.64  58.57
  251  171   93    79.23  13.52  52.34  78.80  14.13  51.78
   96  174  218    60.62 -12.66 -31.03  61.17 -12.85 -31.26
  103   38  123    34.81  32.57 -12.31  34.81  32.79 -13.54
    7  200  211    45.56 -39.09 -51.30  45.23 -39.92 -51.44
   86  127   94    45.22 -12.42   2.63  45.64 -11.82   1.81
  180  168  207    70.57   5.55  -9.97  70.82   5.56  -9.97
   41  205  226    56.01 -35.79 -44.47  55.57 -37.89 -46.22
   33    5   54    11.81  22.06 -10.73  12.62  23.23  -9.64
   46    8  176    23.75  44.12 -44.38  23.65  44.07 -43.17
  135   75  182    49.71  28.68 -21.40  49.24  28.35 -21.85
   13  101  139    26.09 -11.71 -38.95  26.17 -11.93 -38.89
   22   65  133    23.29   5.67 -38.47  23.51   5.52 -39.10
  133   37  225    43.93  50.50 -35.88  44.65  50.55 -37.08
  251  118   44    71.82  30.71  69.65  71.68  30.08  68.71
  142  158   20    56.65 -10.78  55.93  57.85 -11.45  59.10
  174  139   26    59.95   3.90  59.87  60.38   3.74  60.46
    7  113   80    22.40 -29.97 -16.41  22.61 -29.69 -16.65
   51  197   45    48.55 -54.16  24.78  48.48 -55.04  24.51
   30   90  249    36.31  19.61 -73.69  36.51  18.26 -72.75
  143  219  202    72.98 -20.74  -9.63  73.62 -21.48  -9.07
  162  203  231    73.76  -7.66 -18.40  73.29  -7.85 -18.72
  167   32  138    44.09  49.27   0.68  44.04  48.86   0.07
   36  234   32    50.48 -71.16  32.10  50.65 -71.73  33.08
   74  158  245    55.59  -5.97 -48.80  55.80  -5.41 -47.86
   12   39  250    27.74  43.49 -77.19  26.39  44.01 -78.22
   79  226   82    59.10 -55.60  21.25  58.92 -55.15  20.41
  246  174   18    77.55  12.09  87.23  77.15  11.51  87.86
   70  136  175    49.07 -10.49 -29.50  48.78 -10.23 -29.08
    8  238  219    53.77 -50.59 -45.61  53.17 -50.22 -45.35
   58  114   38    34.03 -17.83  16.49  34.35 -17.20  16.06
    7   76   68    16.21 -16.07 -16.70  16.24 -16.38 -16.55
  155  167  163    64.71  -3.97   1.32  64.26  -3.89   1.53
   73  212  178    60.63 -39.35 -17.82  60.42 -38.05 -18.30
   68  167   78    48.42 -35.82  10.34  47.93 -35.32  10.67
  144  249   89    72.38 -44.96  38.96  72.90 -44.36  38.65
  171  255   61    76.81 -38.64  58.89  76.69 -38.89  58.45
   43  162  188    47.30 -25.38 -39.59  47.50 -26.05 -39.88
  209  197   46    74.80  -6.21  67.97  74.75  -6.97  67.98
  129  252  135    72.53 -46.98  17.27  72.35 -45.39  17.35
  143  250  172    75.92 -36.62   5.80  76.24 -35.25   6.29
  227  154  123    73.52  13.69  32.62  73.56  13.58  32.84
  216  100   14    62.21  28.95  71.81  62.10  28.25  73.01
  134  155  130    57.94  -8.17   6.65  58.38  -7.44   6.39
  252   14  224    53.98  77.99  -3.84  52.53  77.64  -5.49
    3  255   21    46.33 -86.56  31.18  47.32 -87.13  32.91
   82  141  132    49.17 -15.66 -10.34  49.43 -15.52 -10.49
   78    9  255    34.70  60.34 -54.17  34.07  60.68 -53.43
  189   71    1    51.95  33.21  67.01  52.18  33.28  65.32
   43  159  139    43.87 -32.58 -22.48  45.12 -35.20 -21.31
   45  133  106    38.41 -25.28 -13.76  38.81 -25.04 -14.80
   19   66  175    25.87  12.50 -53.79  26.95  12.24 -55.47
  158   68  240    52.94  43.41 -35.25  52.39  42.75 -36.35
  203  212    1    74.68  -8.64  90.95  74.32  -7.34  89.57
   56   50  198    34.50  30.32 -51.35  33.72  30.48 -51.96
   15   62   28    15.72 -13.10   1.09  15.90 -12.84   2.08
   68   76   77    31.07   2.33  -3.59  30.53   1.62  -4.13
    3  168  119    31.58 -46.10 -24.34  31.33 -45.36 -23.69
    5  211  123    39.26 -62.57 -19.03  39.17 -61.67 -20.21
  125    0  151    32.40  55.94 -13.30  33.00  56.32 -12.07
  139   82   94    46.86  16.96  11.46  46.97  16.97  11.62
  201   75  241    60.05  47.75 -25.80  59.85  45.69 -26.06
  233  223  231    85.69   2.36  -1.72  86.40   1.93  -1.47
  255  219   98    86.61   0.31  57.62  86.49   0.44  58.60
  240  175  253    79.95  21.65 -15.87  79.40  21.10 -14.73
  223   91  148    63.91  36.21  15.01  63.67  36.22  14.44
  236   53  167    59.08  55.90   8.44  60.43  53.79   8.58
  188  176  255    73.14   9.55 -25.97  72.76   9.32 -26.29
   97   82  111    40.01   9.92  -7.03  41.13  10.56  -7.51
  197  250  244    85.62 -12.99 -10.73  85.43 -13.18  -9.86
   52  247  247    66.49 -43.02 -40.18  67.13 -42.56 -38.75
   17  252   97    46.26 -80.72   1.14  47.25 -83.07   2.05
  253   91   91    68.63  41.52  45.37  67.79  41.31  44.38
    1   15   12     5.96  -1.67  -1.40   4.72  -3.24  -2.49
  205  250  137    83.50 -22.77  34.13  83.25 -22.65  34.02
  254   50    4    61.86  58.22  80.23  61.35  56.85  80.22
