CGATS.17
NUMBER_OF_FIELDS	7
BEGIN_DATA_FORMAT
SAMPLE_ID	RGB_R	RGB_G	RGB_B	LAB_L	LAB_A	LAB_B
END_DATA_FORMAT
NUMBER_OF_SETS	250
BEGIN_DATA
1	    0.00	    0.00	    0.00	    1.58	   -1.25	    0.93
2	    5.00	    5.00	    5.00	    3.59	    1.40	    0.67
3	   10.00	   10.00	   10.00	    5.47	    3.47	   -0.14
4	   15.00	   15.00	   15.00	    6.72	    5.43	   -0.73
5	   20.00	   20.00	   20.00	    8.40	    5.62	   -0.79
6	   25.00	   25.00	   25.00	    9.98	    6.03	   -1.09
7	   30.00	   30.00	   30.00	   11.61	    5.80	   -2.07
8	   35.00	   35.00	   35.00	   12.67	    6.03	   -2.09
9	   40.00	   40.00	   40.00	   15.61	    6.00	   -1.98
10	   45.00	   45.00	   45.00	   18.38	    5.21	   -1.74
11	   50.00	   50.00	   50.00	   20.45	    4.70	   -2.11
12	   55.00	   55.00	   55.00	   22.70	    4.16	   -2.09
13	   60.00	   60.00	   60.00	   24.74	    3.74	   -1.77
14	   65.00	   65.00	   65.00	   27.03	    3.61	   -1.52
15	   70.00	   70.00	   70.00	   28.90	    3.81	   -1.46
16	   75.00	   75.00	   75.00	   31.68	    3.59	   -1.01
17	   80.00	   80.00	   80.00	   33.49	    2.99	   -1.32
18	   85.00	   85.00	   85.00	   35.51	    3.26	   -0.56
19	   90.00	   90.00	   90.00	   37.51	    2.88	   -0.75
20	   95.00	   95.00	   95.00	   40.14	    2.36	   -0.17
21	  100.00	  100.00	  100.00	   41.55	    2.53	    0.75
22	  105.00	  105.00	  105.00	   43.26	    2.15	    0.47
23	  110.00	  110.00	  110.00	   45.03	    1.51	    0.81
24	  115.00	  115.00	  115.00	   47.06	    1.33	    0.65
25	  120.00	  120.00	  120.00	   48.93	    0.74	    1.66
26	  125.00	  125.00	  125.00	   51.13	    0.49	    2.05
27	  130.00	  130.00	  130.00	   53.03	    0.36	    2.03
28	  135.00	  135.00	  135.00	   54.89	    0.52	    2.54
29	  140.00	  140.00	  140.00	   56.48	    0.26	    1.96
30	  145.00	  145.00	  145.00	   58.04	    0.18	    2.43
31	  150.00	  150.00	  150.00	   60.43	    0.04	    2.78
32	  155.00	  155.00	  155.00	   62.12	   -0.50	    1.91
33	  160.00	  160.00	  160.00	   64.08	   -0.16	    2.95
34	  165.00	  165.00	  165.00	   65.83	   -0.56	    2.76
35	  170.00	  170.00	  170.00	   67.20	   -0.54	    2.53
36	  175.00	  175.00	  175.00	   69.12	   -1.01	    2.28
37	  180.00	  180.00	  180.00	   71.10	   -0.82	    2.03
38	  185.00	  185.00	  185.00	   71.90	   -0.80	    1.68
39	  190.00	  190.00	  190.00	   73.40	   -0.92	    1.17
40	  195.00	  195.00	  195.00	   75.35	   -1.15	    0.55
41	  200.00	  200.00	  200.00	   76.61	   -1.01	    0.66
42	  205.00	  205.00	  205.00	   77.91	   -0.89	    0.45
43	  210.00	  210.00	  210.00	   79.60	   -0.64	   -0.48
44	  215.00	  215.00	  215.00	   81.22	   -0.88	    0.11
45	  220.00	  220.00	  220.00	   83.15	   -0.05	   -0.44
46	  225.00	  225.00	  225.00	   84.54	   -0.11	   -0.40
47	  230.00	  230.00	  230.00	   86.31	   -0.25	   -0.00
48	  235.00	  235.00	  235.00	   88.40	   -0.26	   -0.49
49	  240.00	  240.00	  240.00	   90.01	   -0.43	   -0.88
50	  245.00	  245.00	  245.00	   91.90	   -0.54	   -1.41
51	  250.00	  250.00	  250.00	   93.68	   -0.89	   -2.06
52	  255.00	  255.00	  255.00	   94.81	   -1.46	   -1.84
53	  195.00	  190.00	  189.00	   74.24	   -0.08	    2.52
54	   70.00	   63.00	   66.00	   27.70	    5.68	   -0.86
55	  106.00	  102.00	   97.00	   42.92	    2.36	    3.41
56	  245.00	  244.00	  255.00	   91.68	    0.28	   -5.40
57	  157.00	  145.00	  151.00	   60.72	    2.87	    3.05
58	  169.00	  171.00	  182.00	   68.81	    0.00	   -2.26
59	   20.00	    9.00	   21.00	    7.40	   11.00	   -2.15
60	  180.00	  178.00	  165.00	   69.51	   -1.91	    7.50
61	  131.00	  127.00	  115.00	   51.92	    0.43	    7.70
62	  243.00	  225.00	  243.00	   88.13	    5.02	   -3.33
63	  230.00	  212.00	  217.00	   83.35	    2.95	    2.18
64	  120.00	  137.00	  130.00	   53.06	   -3.84	    0.90
65	   11.00	   25.00	    8.00	    7.76	   -2.64	    2.80
66	  187.00	  196.00	  208.00	   75.32	   -2.29	   -5.64
67	  102.00	  117.00	  122.00	   47.51	   -1.46	   -5.10
68	  207.00	  208.00	  229.00	   79.53	    0.80	   -8.62
69	   25.00	   21.00	   42.00	   11.40	   11.36	   -8.02
70	  147.00	  160.00	  172.00	   62.81	   -2.06	   -4.28
71	   43.00	   49.00	   66.00	   20.85	    6.15	   -9.60
72	   62.00	   87.00	   75.00	   31.33	   -4.23	   -3.26
73	  133.00	  106.00	  134.00	   50.69	   10.35	   -1.95
74	  179.00	  209.00	  190.00	   75.74	  -10.09	    0.69
75	  207.00	  239.00	  210.00	   83.71	  -10.38	    2.72
76	  130.00	  161.00	  139.00	   58.26	   -9.88	    3.39
77	  208.00	  229.00	  242.00	   82.93	   -4.01	  -10.73
78	  109.00	  132.00	   99.00	   50.06	   -7.49	    7.67
79	   96.00	   75.00	  109.00	   39.76	   13.00	   -7.78
80	  173.00	  137.00	  165.00	   63.57	   10.23	    1.42
81	  166.00	  161.00	  130.00	   63.85	   -3.14	   16.23
82	   96.00	   91.00	  126.00	   42.67	    8.48	  -11.33
83	   64.00	   99.00	   92.00	   36.51	   -6.14	   -6.65
84	   97.00	  116.00	   80.00	   44.13	   -6.07	    9.72
85	   20.00	   55.00	   50.00	   15.88	   -5.76	   -8.01
86	  221.00	  192.00	  179.00	   78.38	    3.88	   12.95
87	   51.00	   14.00	   51.00	   16.69	   22.75	   -5.08
88	  200.00	  188.00	  232.00	   76.49	    5.80	  -13.03
89	    6.00	   30.00	   44.00	    7.96	   -0.66	  -13.68
90	   40.00	   32.00	    2.00	   15.18	    4.58	   14.28
91	  189.00	  209.00	  164.00	   76.86	  -10.20	   14.07
92	  112.00	   70.00	   90.00	   39.47	   15.40	    2.84
93	  160.00	  116.00	  117.00	   55.79	   10.67	   13.08
94	  248.00	  199.00	  210.00	   83.72	   10.46	    7.36
95	  143.00	  190.00	  160.00	   66.99	  -15.66	    2.90
96	   86.00	   43.00	   48.00	   27.14	   17.62	    7.81
97	  179.00	  188.00	  140.00	   70.66	   -7.66	   18.33
98	  195.00	  246.00	  225.00	   83.43	  -14.98	   -4.62
99	  215.00	  163.00	  188.00	   74.18	   13.26	    5.32
100	   32.00	   75.00	   28.00	   21.81	  -11.55	    7.78
101	  104.00	  137.00	  155.00	   53.26	   -5.85	  -12.41
102	   73.00	  123.00	  116.00	   43.93	  -11.75	  -10.35
103	  161.00	  138.00	  109.00	   59.39	    1.76	   19.85
104	  175.00	  168.00	  223.00	   71.51	    6.24	  -17.10
105	  153.00	  184.00	  130.00	   65.81	  -13.60	   15.94
106	   22.00	   52.00	    3.00	   15.68	   -8.32	   13.66
107	  115.00	  111.00	   63.00	   46.72	   -1.40	   21.89
108	   89.00	  143.00	  132.00	   51.08	  -14.91	   -7.26
109	  135.00	  152.00	   97.00	   56.45	   -9.63	   19.31
110	  114.00	  161.00	  170.00	   58.08	  -11.16	  -11.34
111	   95.00	  101.00	   48.00	   41.54	   -3.68	   21.08
112	  193.00	  173.00	  135.00	   70.61	   -0.50	   22.67
113	   62.00	   10.00	   30.00	   16.02	   24.65	    4.77
114	  146.00	  111.00	  170.00	   55.97	   14.75	  -10.62
115	   58.00	  105.00	  115.00	   37.27	   -8.20	  -17.31
116	  103.00	   46.00	   97.00	   33.99	   25.74	   -3.92
117	  255.00	  190.00	  240.00	   83.56	   18.15	   -4.82
118	  235.00	  171.00	  180.00	   77.68	   13.58	   13.91
119	  252.00	  244.00	  187.00	   90.94	   -4.30	   23.74
120	   84.00	   75.00	  134.00	   38.21	   13.49	  -19.56
121	   54.00	   87.00	   30.00	   28.14	   -8.78	   14.19
122	  129.00	  135.00	  192.00	   57.90	    4.83	  -19.86
123	  184.00	  121.00	  139.00	   61.47	   15.91	   11.77
124	   64.00	   63.00	  123.00	   32.24	   12.73	  -22.56
125	  179.00	  124.00	  116.00	   60.78	   11.76	   20.04
126	   85.00	  148.00	   99.00	   49.72	  -20.90	    4.06
127	  132.00	  172.00	  198.00	   64.21	   -7.94	  -16.42
128	  193.00	  242.00	  173.00	   81.54	  -19.36	   15.41
129	   50.00	   49.00	  111.00	   26.79	   15.41	  -24.10
130	  131.00	  198.00	  195.00	   68.15	  -17.57	  -12.31
131	  155.00	  124.00	  191.00	   60.54	   14.09	  -14.26
132	  139.00	  207.00	  177.00	   69.69	  -20.62	   -2.50
133	   68.00	   55.00	    7.00	   24.95	    5.47	   23.88
134	  102.00	  154.00	   88.00	   52.78	  -20.01	   14.04
135	  161.00	  163.00	   96.00	   63.18	   -6.54	   29.27
136	  153.00	  224.00	  208.00	   75.37	  -19.91	   -8.65
137	   16.00	   79.00	   76.00	   19.93	  -13.77	  -16.87
138	   64.00	  130.00	   98.00	   41.92	  -18.84	   -5.31
139	  240.00	  217.00	  167.00	   84.63	   -0.73	   25.92
140	  223.00	  187.00	  151.00	   77.37	    3.86	   24.26
141	  125.00	  133.00	   66.00	   51.60	   -6.60	   26.82
142	  184.00	  155.00	  113.00	   65.96	    1.87	   27.01
143	   34.00	  100.00	   57.00	   26.95	  -18.70	   -1.39
144	  162.00	   92.00	  148.00	   54.37	   22.38	    0.03
145	   33.00	  100.00	   77.00	   28.33	  -16.55	   -9.90
146	   61.00	   78.00	   12.00	   28.45	   -4.39	   23.97
147	  165.00	  179.00	  242.00	   70.24	    2.78	  -25.17
148	   20.00	   43.00	   88.00	   16.56	    6.97	  -25.11
149	  132.00	   61.00	   86.00	   41.83	   23.53	   10.35
150	   84.00	   16.00	   75.00	   24.44	   32.62	   -3.09
151	  240.00	  237.00	  162.00	   87.14	   -6.85	   32.21
152	   64.00	  107.00	  163.00	   42.58	   -0.79	  -30.76
153	   77.00	   83.00	  194.00	   44.81	   16.35	  -41.67
154	  167.00	  237.00	  212.00	   78.48	  -19.78	   -6.39
155	  202.00	  225.00	  193.00	   80.29	   -9.45	    6.90
156	   11.00	   32.00	   98.00	   14.24	   13.14	  -31.20
157	   41.00	    3.00	  101.00	   17.64	   33.63	  -22.14
158	   16.00	  243.00	    1.00	   48.64	  -74.48	   41.77
159	   47.00	  254.00	   27.00	   54.81	  -74.10	   43.32
160	   58.00	   37.00	  195.00	   31.99	   36.79	  -50.75
161	   80.00	    1.00	  191.00	   28.23	   52.22	  -35.81
162	  141.00	   79.00	  205.00	   52.25	   30.28	  -27.95
163	  143.00	  108.00	  174.00	   55.92	   15.82	  -12.94
164	   19.00	  174.00	   40.00	   35.94	  -56.32	   12.92
165	   61.00	  171.00	   46.00	   45.22	  -40.90	   22.80
166	  185.00	  115.00	  175.00	   62.37	   22.16	   -2.26
167	  211.00	  124.00	  109.00	   66.24	   18.88	   31.10
168	  224.00	   95.00	   80.00	   63.94	   31.31	   41.98
169	  250.00	  123.00	   60.00	   71.85	   28.40	   61.15
170	  195.00	  157.00	  175.00	   70.28	    8.90	    4.88
171	   17.00	  151.00	    3.00	   31.94	  -48.43	   26.53
172	  211.00	   94.00	  231.00	   64.56	   39.40	  -18.50
173	  251.00	   76.00	  232.00	   65.75	   55.36	  -11.95
174	  185.00	  114.00	   72.00	   59.19	   15.02	   38.54
175	  171.00	    1.00	  239.00	   42.20	   69.21	  -24.67
176	  214.00	    0.00	  249.00	   47.49	   75.26	  -15.60
177	   60.00	  127.00	   51.00	   37.76	  -22.29	   13.12
178	  214.00	   31.00	   91.00	   51.10	   56.49	   30.44
179	  249.00	   23.00	  117.00	   55.41	   67.96	   29.20
180	  147.00	  202.00	  231.00	   71.33	   -9.89	  -22.35
181	   60.00	  168.00	    1.00	   41.73	  -36.76	   42.44
182	  247.00	  120.00	  135.00	   71.65	   30.12	   27.85
183	    5.00	  161.00	  187.00	   36.99	  -28.48	  -49.21
184	  252.00	    3.00	   34.00	   51.50	   74.64	   54.97
185	   42.00	  139.00	  199.00	   44.76	  -13.26	  -47.93
186	   90.00	  105.00	   76.00	   40.15	   -3.95	    7.35
187	  144.00	   73.00	   32.00	   44.11	   18.60	   37.39
188	  178.00	   47.00	   47.00	   46.68	   39.18	   37.57
189	    1.00	  186.00	  132.00	   33.98	  -49.36	  -27.00
190	   27.00	  205.00	  100.00	   45.46	  -61.25	   -5.57
191	  155.00	  233.00	    9.00	   70.32	  -30.84	   76.82
192	  182.00	  197.00	    2.00	   68.87	   -8.56	   80.82
193	  142.00	  251.00	  248.00	   78.76	  -24.81	  -22.60
194	  198.00	   52.00	  245.00	   54.27	   56.82	  -29.46
195	   56.00	   11.00	    9.00	   14.27	   19.51	   11.31
196	   56.00	   45.00	   41.00	   20.38	    7.57	    2.71
197	  197.00	    5.00	   55.00	   43.46	   62.29	   32.29
198	  198.00	  159.00	   71.00	   67.71	    3.01	   48.28
199	  121.00	    5.00	  121.00	   31.74	   50.44	   -6.19
200	  140.00	    3.00	   78.00	   33.67	   51.75	   10.40
201	   68.00	  236.00	  100.00	   59.24	  -60.60	   13.09
202	   90.00	  212.00	   66.00	   58.20	  -47.39	   29.06
203	   68.00	  182.00	   95.00	   51.24	  -40.14	    6.18
204	   79.00	  156.00	  252.00	   56.10	   -2.59	  -49.43
205	  197.00	  249.00	  150.00	   82.39	  -23.10	   26.54
206	  104.00	  118.00	  239.00	   54.85	   13.41	  -44.57
207	  217.00	  218.00	   26.00	   78.48	  -10.36	   82.31
208	   11.00	   88.00	  237.00	   31.55	   16.03	  -75.43
209	   42.00	   54.00	  249.00	   34.78	   38.17	  -70.68
210	   11.00	    8.00	  233.00	   23.44	   52.80	  -70.00
211	   15.00	    8.00	  185.00	   19.66	   42.40	  -55.56
212	   72.00	    0.00	  138.00	   24.35	   45.16	  -23.19
213	    4.00	   70.00	  128.00	   18.45	   -0.82	  -40.33
214	  150.00	   13.00	  196.00	   40.65	   58.69	  -20.04
215	   95.00	   22.00	  234.00	   37.47	   53.40	  -48.40
216	  100.00	  136.00	  116.00	   50.03	  -10.50	   -0.69
217	  124.00	   92.00	  112.00	   45.96	   11.65	    1.89
218	  135.00	   45.00	  254.00	   45.14	   51.95	  -45.75
219	  202.00	   98.00	    1.00	   58.99	   28.31	   74.53
220	  249.00	   82.00	   13.00	   65.19	   42.49	   79.78
221	  242.00	  127.00	  207.00	   73.17	   31.78	    0.31
222	   92.00	   13.00	   59.00	   24.44	   34.96	    3.76
223	   83.00	   81.00	   16.00	   33.14	   -0.22	   28.47
224	  251.00	  177.00	  216.00	   80.82	   18.91	    2.57
225	    5.00	    5.00	   18.00	    4.47	    5.68	   -4.05
226	  250.00	  223.00	  172.00	   87.11	    0.69	   26.99
227	  146.00	  224.00	  165.00	   72.99	  -26.22	    6.36
228	  113.00	  123.00	    1.00	   43.97	   -3.72	   50.64
229	  156.00	  133.00	  232.00	   63.52	   15.12	  -28.26
230	  131.00	  233.00	  111.00	   70.07	  -40.51	   25.38
231	  181.00	  230.00	   89.00	   75.92	  -25.71	   45.44
232	    5.00	  234.00	   59.00	   40.32	  -82.39	    9.84
233	  105.00	   55.00	  148.00	   39.88	   28.67	  -20.43
234	  241.00	  165.00	   23.00	   74.95	   12.12	   82.01
235	  251.00	  180.00	   75.00	   80.06	   10.22	   60.96
236	  198.00	    9.00	  139.00	   44.67	   64.94	    8.74
237	  218.00	  255.00	  237.00	   89.33	  -10.67	   -3.03
238	   69.00	  225.00	  155.00	   60.49	  -48.38	   -8.50
239	  127.00	  171.00	   81.00	   57.53	  -19.97	   26.19
240	    0.00	  253.00	  187.00	   50.06	  -60.46	  -34.82
241	    7.00	  253.00	  130.00	   45.37	  -75.79	  -13.64
242	   38.00	  123.00	  114.00	   35.75	  -20.97	  -21.49
243	  236.00	  253.00	   89.00	   88.42	  -15.17	   63.36
244	  238.00	   41.00	  185.00	   57.41	   61.71	    2.11
245	   16.00	  187.00	  247.00	   47.15	  -27.99	  -62.89
246	   63.00	  200.00	  211.00	   58.22	  -32.44	  -34.47
247	    1.00	   86.00	   69.00	   14.99	  -21.51	  -17.27
248	  131.00	    3.00	   10.00	   28.78	   43.18	   27.83
249	   31.00	  249.00	  246.00	   63.36	  -46.10	  -42.88
250	   20.00	   83.00	    3.00	   21.35	  -21.22	   17.21
END_DATA
