    0    0    0     1.99  -1.31   0.75   1.58  -1.25   0.93
    5    5    5     3.40   1.14   0.75   3.59   1.40   0.67
   10   10   10     5.26   2.89   0.04   5.47   3.47  -0.14
   15   15   15     6.78   3.81  -0.37   6.72   5.43  -0.73
   20   20   20     8.18   5.22  -0.85   8.40   5.62  -0.79
   25   25   25     9.93   5.66  -1.04   9.98   6.03  -1.09
   30   30   30    11.77   5.96  -1.26  11.61   5.80  -2.07
   35   35   35    13.73   6.06  -1.34  12.67   6.03  -2.09
   40   40   40    16.02   5.83  -1.34  15.61   6.00  -1.98
   45   45   45    18.37   5.48  -1.39  18.38   5.21  -1.74
   50   50   50    20.62   5.16  -1.55  20.45   4.70  -2.11
   55   55   55    22.72   4.64  -1.63  22.70   4.16  -2.09
   60   60   60    24.85   4.37  -1.69  24.74   3.74  -1.77
   65   65   65    27.04   4.09  -1.59  27.03   3.61  -1.52
   70   70   70    29.28   3.93  -1.53  28.90   3.81  -1.46
   75   75   75    31.49   3.67  -1.28  31.68   3.59  -1.01
   80   80   80    33.61   3.44  -1.12  33.49   2.99  -1.32
   85   85   85    35.70   3.19  -0.93  35.51   3.26  -0.56
   90   90   90    37.80   2.95  -0.70  37.51   2.88  -0.75
   95   95   95    39.93   2.68  -0.32  40.14   2.36  -0.17
  100  100  100    42.00   2.37   0.05  41.55   2.53   0.75
  105  105  105    44.03   2.00   0.43  43.26   2.15   0.47
  110  110  110    45.90   1.61   0.78  45.03   1.51   0.81
  115  115  115    47.77   1.29   1.16  47.06   1.33   0.65
  120  120  120    49.60   0.99   1.55  48.93   0.74   1.66
  125  125  125    51.46   0.75   1.92  51.13   0.49   2.05
  130  130  130    53.30   0.54   2.21  53.03   0.36   2.03
  135  135  135    55.10   0.32   2.34  54.89   0.52   2.54
  140  140  140    56.93   0.10   2.43  56.48   0.26   1.96
  145  145  145    58.75  -0.12   2.44  58.04   0.18   2.43
  150  150  150    60.53  -0.26   2.58  60.43   0.04   2.78
  155  155  155    62.28  -0.42   2.67  62.12  -0.50   1.91
  160  160  160    64.04  -0.52   2.65  64.08  -0.16   2.95
  165  165  165    65.80  -0.58   2.61  65.83  -0.56   2.76
  170  170  170    67.59  -0.62   2.55  67.20  -0.54   2.53
  175  175  175    69.27  -0.63   2.39  69.12  -1.01   2.28
  180  180  180    70.92  -0.67   2.20  71.10  -0.82   2.03
  185  185  185    72.43  -0.74   1.81  71.90  -0.80   1.68
  190  190  190    73.88  -0.77   1.41  73.40  -0.92   1.17
  195  195  195    75.32  -0.86   1.07  75.35  -1.15   0.55
  200  200  200    76.75  -0.98   0.64  76.61  -1.01   0.66
  205  205  205    78.18  -0.96   0.33  77.91  -0.89   0.45
  210  210  210    79.62  -0.93  -0.03  79.60  -0.64  -0.48
  215  215  215    81.29  -0.78  -0.23  81.22  -0.88   0.11
  220  220  220    83.00  -0.65  -0.42  83.15  -0.05  -0.44
  225  225  225    84.75  -0.53  -0.54  84.54  -0.11  -0.40
  230  230  230    86.56  -0.46  -0.69  86.31  -0.25  -0.00
  235  235  235    88.41  -0.40  -0.85  88.40  -0.26  -0.49
  240  240  240    90.18  -0.39  -1.06  90.01  -0.43  -0.88
  245  245  245    91.93  -0.48  -1.34  91.90  -0.54  -1.41
  250  250  250    93.36  -0.70  -1.69  93.68  -0.89  -2.06
  255  255  255    94.69  -1.35  -2.23  94.81  -1.46  -1.84
  195  190  189    74.53   0.19   2.89  74.24  -0.08   2.52
   70   63   66    27.72   6.23  -0.86  27.70   5.68  -0.86
  106  102   97    43.32   2.59   3.27  42.92   2.36   3.41
  245  244  255    91.81   0.55  -5.59  91.68   0.28  -5.40
  157  145  151    61.07   2.97   3.34  60.72   2.87   3.05
  169  171  182    68.34   0.06  -2.12  68.81   0.00  -2.26
   20    9   21     7.19  10.34  -2.47   7.40  11.00  -2.15
  180  178  165    69.98  -1.57   7.70  69.51  -1.91   7.50
  131  127  115    52.23   0.40   7.67  51.92   0.43   7.70
  243  225  243    87.92   5.31  -4.06  88.13   5.02  -3.33
  230  212  217    83.17   3.62   1.93  83.35   2.95   2.18
  120  137  130    53.22  -4.38   0.65  53.06  -3.84   0.90
   11   25    8     7.41  -2.84   2.77   7.76  -2.64   2.80
  187  196  208    75.07  -1.85  -5.58  75.32  -2.29  -5.64
  102  117  122    46.96  -1.73  -4.84  47.51  -1.46  -5.10
  207  208  229    79.46   0.90  -8.46  79.53   0.80  -8.62
   25   21   42    10.94  10.38  -7.71  11.40  11.36  -8.02
  147  160  172    63.03  -2.33  -4.73  62.81  -2.06  -4.28
   43   49   66    20.58   6.03  -9.66  20.85   6.15  -9.60
   62   87   75    31.45  -4.18  -3.18  31.33  -4.23  -3.26
  133  106  134    50.71  10.32  -1.74  50.69  10.35  -1.95
  179  209  190    75.38  -9.73   1.27  75.74 -10.09   0.69
  207  239  210    83.76 -10.95   3.43  83.71 -10.38   2.72
  130  161  139    58.79 -10.18   3.55  58.26  -9.88   3.39
  208  229  242    83.10  -3.98 -10.77  82.93  -4.01 -10.73
  109  132   99    49.55  -8.02   8.05  50.06  -7.49   7.67
   96   75  109    38.70  12.72  -7.50  39.76  13.00  -7.78
  173  137  165    63.60  10.30   1.29  63.57  10.23   1.42
  166  161  130    64.14  -2.71  15.97  63.85  -3.14  16.23
   96   91  126    42.48   7.96 -11.49  42.67   8.48 -11.33
   64   99   92    35.64  -6.48  -7.46  36.51  -6.14  -6.65
   97  116   80    43.90  -6.27   9.51  44.13  -6.07   9.72
   20   55   50    15.68  -5.77  -8.17  15.88  -5.76  -8.01
  221  192  179    78.42   4.28  13.03  78.38   3.88  12.95
   51   14   51    16.32  22.25  -4.45  16.69  22.75  -5.08
  200  188  232    76.13   5.79 -13.09  76.49   5.80 -13.03
    6   30   44     8.57  -0.18 -12.66   7.96  -0.66 -13.68
   40   32    2    14.51   4.93  14.00  15.18   4.58  14.28
  189  209  164    76.16  -9.81  14.11  76.86 -10.20  14.07
  112   70   90    39.55  16.11   3.38  39.47  15.40   2.84
  160  116  117    55.95  10.75  13.43  55.79  10.67  13.08
  248  199  210    83.77  11.38   7.20  83.72  10.46   7.36
  143  190  160    66.47 -15.43   2.69  66.99 -15.66   2.90
   86   43   48    27.29  17.97   8.59  27.14  17.62   7.81
  179  188  140    70.93  -7.74  18.97  70.66  -7.66  18.33
  195  246  225    83.83 -14.49  -3.92  83.43 -14.98  -4.62
  215  163  188    74.14  12.64   5.03  74.18  13.26   5.32
   32   75   28    21.56 -12.35   7.63  21.81 -11.55   7.78
  104  137  155    53.22  -5.69 -12.19  53.26  -5.85 -12.41
   73  123  116    43.65 -11.85 -10.09  43.93 -11.75 -10.35
  161  138  109    59.29   2.48  19.91  59.39   1.76  19.85
  175  168  223    71.03   6.39 -17.03  71.51   6.24 -17.10
  153  184  130    65.86 -13.77  16.02  65.81 -13.60  15.94
   22   52    3    14.57  -9.75  13.21  15.68  -8.32  13.66
  115  111   63    46.32  -1.48  21.40  46.72  -1.40  21.89
   89  143  132    50.81 -14.54  -7.41  51.08 -14.91  -7.26
  135  152   97    56.84  -9.54  19.55  56.45  -9.63  19.31
  114  161  170    58.74 -10.98 -11.21  58.08 -11.16 -11.34
   95  101   48    39.99  -3.16  20.65  41.54  -3.68  21.08
  193  173  135    70.93  -0.09  22.38  70.61  -0.50  22.67
   62   10   30    16.51  23.97   5.05  16.02  24.65   4.77
  146  111  170    56.18  14.79 -10.39  55.97  14.75 -10.62
   58  105  115    37.21  -8.03 -17.15  37.27  -8.20 -17.31
  103   46   97    34.15  25.87  -3.63  33.99  25.74  -3.92
  255  190  240    83.44  18.53  -4.92  83.56  18.15  -4.82
  235  171  180    77.73  13.97  13.39  77.68  13.58  13.91
  252  244  187    91.23  -3.66  24.37  90.94  -4.30  23.74
   84   75  134    38.77  13.34 -19.68  38.21  13.49 -19.56
   54   87   30    28.06  -9.41  14.60  28.14  -8.78  14.19
  129  135  192    58.47   4.85 -19.88  57.90   4.83 -19.86
  184  121  139    61.86  15.99  12.15  61.47  15.91  11.77
   64   63  123    32.13  13.01 -23.00  32.24  12.73 -22.56
  179  124  116    60.59  12.10  20.06  60.78  11.76  20.04
   85  148   99    49.25 -20.79   3.98  49.72 -20.90   4.06
  132  172  198    64.39  -7.45 -16.44  64.21  -7.94 -16.42
  193  242  173    81.45 -19.23  15.40  81.54 -19.36  15.41
   50   49  111    25.98  15.28 -23.88  26.79  15.41 -24.10
  131  198  195    68.11 -17.25 -12.00  68.15 -17.57 -12.31
  155  124  191    60.57  14.16 -14.36  60.54  14.09 -14.26
  139  207  177    69.51 -20.59  -2.53  69.69 -20.62  -2.50
   68   55    7    24.43   5.72  23.77  24.95   5.47  23.88
  102  154   88    52.49 -19.69  14.17  52.78 -20.01  14.04
  161  163   96    62.92  -6.99  28.84  63.18  -6.54  29.27
  153  224  208    74.89 -19.34  -9.24  75.37 -19.91  -8.65
   16   79   76    19.58 -13.36 -17.24  19.93 -13.77 -16.87
   64  130   98    41.96 -19.15  -5.17  41.92 -18.84  -5.31
  240  217  167    84.48   0.07  25.89  84.63  -0.73  25.92
  223  187  151    77.73   3.99  24.46  77.37   3.86  24.26
  125  133   66    51.69  -6.96  26.96  51.60  -6.60  26.82
  184  155  113    66.22   2.22  26.78  65.96   1.87  27.01
   34  100   57    27.27 -18.91  -1.09  26.95 -18.70  -1.39
  162   92  148    54.40  22.78   0.04  54.37  22.38   0.03
   33  100   77    27.81 -17.07 -10.09  28.33 -16.55  -9.90
   61   78   12    27.31  -4.64  23.22  28.45  -4.39  23.97
  165  179  242    70.73   2.79 -25.29  70.24   2.78 -25.17
   20   43   88    16.81   7.27 -24.61  16.56   6.97 -25.11
  132   61   86    41.81  24.19   9.90  41.83  23.53  10.35
   84   16   75    24.68  32.51  -2.85  24.44  32.62  -3.09
  240  237  162    87.26  -6.59  30.86  87.14  -6.85  32.21
   64  107  163    42.60  -1.02 -31.82  42.58  -0.79 -30.76
   77   83  194    44.20  16.85 -41.81  44.81  16.35 -41.67
  167  237  212    78.27 -19.81  -6.08  78.48 -19.78  -6.39
  202  225  193    80.44  -9.32   7.13  80.29  -9.45   6.90
   11   32   98    14.32  12.73 -30.89  14.24  13.14 -31.20
   41    3  101    16.96  34.24 -22.76  17.64  33.63 -22.14
   16  243    1    49.08 -77.46  41.97  48.64 -74.48  41.77
   47  254   27    54.66 -73.48  43.03  54.81 -74.10  43.32
   58   37  195    31.89  36.49 -49.81  31.99  36.79 -50.75
   80    1  191    28.13  53.56 -37.21  28.23  52.22 -35.81
  141   79  205    52.09  30.49 -27.74  52.25  30.28 -27.95
  143  108  174    55.52  15.79 -13.02  55.92  15.82 -12.94
   19  174   40    36.27 -56.27  13.17  35.94 -56.32  12.92
   61  171   46    45.34 -40.77  23.09  45.22 -40.90  22.80
  185  115  175    62.94  21.43  -1.68  62.37  22.16  -2.26
  211  124  109    66.14  19.08  31.01  66.24  18.88  31.10
  224   95   80    63.38  31.35  42.19  63.94  31.31  41.98
  250  123   60    72.14  28.36  61.58  71.85  28.40  61.15
  195  157  175    70.22   9.11   5.00  70.28   8.90   4.88
   17  151    3    31.10 -49.79  27.08  31.94 -48.43  26.53
  211   94  231    64.67  39.92 -18.81  64.56  39.40 -18.50
  251   76  232    66.67  55.85 -12.10  65.75  55.36 -11.95
  185  114   72    59.09  14.96  38.13  59.19  15.02  38.54
  171    1  239    42.56  70.27 -25.14  42.20  69.21 -24.67
  214    0  249    47.74  76.60 -17.13  47.49  75.26 -15.60
   60  127   51    37.24 -22.33  13.37  37.76 -22.29  13.12
  214   31   91    51.15  55.92  29.43  51.10  56.49  30.44
  249   23  117    55.26  67.66  29.68  55.41  67.96  29.20
  147  202  231    71.58 -10.26 -21.83  71.33  -9.89 -22.35
   60  168    1    41.93 -37.60  42.36  41.73 -36.76  42.44
  247  120  135    71.59  31.10  28.78  71.65  30.12  27.85
    5  161  187    36.53 -28.61 -49.47  36.99 -28.48 -49.21
  252    3   34    51.79  75.75  55.94  51.50  74.64  54.97
   42  139  199    44.70 -13.44 -47.43  44.76 -13.26 -47.93
   90  105   76    40.22  -4.15   7.25  40.15  -3.95   7.35
  144   73   32    44.17  19.30  37.96  44.11  18.60  37.39
  178   47   47    46.57  39.57  37.88  46.68  39.18  37.57
    1  186  132    34.22 -50.20 -26.45  33.98 -49.36 -27.00
   27  205  100    45.48 -61.39  -5.72  45.46 -61.25  -5.57
  155  233    9    70.05 -30.97  76.56  70.32 -30.84  76.82
  182  197    2    68.43  -9.49  82.25  68.87  -8.56  80.82
  142  251  248    79.06 -25.97 -22.82  78.76 -24.81 -22.60
  198   52  245    54.66  57.25 -28.48  54.27  56.82 -29.46
   56   11    9    14.23  18.97  10.97  14.27  19.51  11.31
   56   45   41    20.66   7.92   3.12  20.38   7.57   2.71
  197    5   55    43.31  62.03  34.03  43.46  62.29  32.29
  198  159   71    67.95   2.73  48.15  67.71   3.01  48.28
  121    5  121    31.43  50.30  -6.49  31.74  50.44  -6.19
  140    3   78    33.18  51.76  10.24  33.67  51.75  10.40
   68  236  100    59.15 -61.97  13.00  59.24 -60.60  13.09
   90  212   66    58.55 -47.31  29.37  58.20 -47.39  29.06
   68  182   95    51.46 -40.87   5.93  51.24 -40.14   6.18
   79  156  252    55.83  -2.76 -49.82  56.10  -2.59 -49.43
  197  249  150    82.39 -23.11  26.72  82.39 -23.10  26.54
  104  118  239    54.54  13.54 -44.01  54.85  13.41 -44.57
  217  218   26    78.22  -9.69  82.34  78.48 -10.36  82.31
   11   88  237    31.02  15.73 -73.72  31.55  16.03 -75.43
   42   54  249    34.04  37.57 -70.30  34.78  38.17 -70.68
   11    8  233    23.80  52.78 -70.00  23.44  52.80 -70.00
   15    8  185    19.43  42.25 -56.47  19.66  42.40 -55.56
   72    0  138    24.13  45.38 -23.83  24.35  45.16 -23.19
    4   70  128    18.10  -1.32 -41.01  18.45  -0.82 -40.33
  150   13  196    40.68  58.81 -20.43  40.65  58.69 -20.04
   95   22  234    37.25  53.03 -47.83  37.47  53.40 -48.40
  100  136  116    49.99 -10.37  -0.17  50.03 -10.50  -0.69
  124   92  112    46.04  11.75   1.72  45.96  11.65   1.89
  135   45  254    45.06  51.92 -45.59  45.14  51.95 -45.75
  202   98    1    58.28  27.03  74.70  58.99  28.31  74.53
  249   82   13    65.73  43.19  78.92  65.19  42.49  79.78
  242  127  207    73.12  32.05  -0.39  73.17  31.78   0.31
   92   13   59    24.78  33.93   4.33  24.44  34.96   3.76
   83   81   16    32.55   0.45  27.87  33.14  -0.22  28.47
  251  177  216    81.00  20.10   2.87  80.82  18.91   2.57
    5    5   18     4.12   5.35  -4.67   4.47   5.68  -4.05
  250  223  172    87.25   1.33  27.62  87.11   0.69  26.99
  146  224  165    72.59 -26.15   5.96  72.99 -26.22   6.36
  113  123    1    44.27  -4.79  51.82  43.97  -3.72  50.64
  156  133  232    63.40  15.94 -27.97  63.52  15.12 -28.26
  131  233  111    69.68 -40.42  24.60  70.07 -40.51  25.38
  181  230   89    75.82 -25.93  45.21  75.92 -25.71  45.44
    5  234   59    40.87 -81.43  10.76  40.32 -82.39   9.84
  105   55  148    39.97  28.65 -19.88  39.88  28.67 -20.43
  241  165   23    75.65  12.72  82.14  74.95  12.12  82.01
  251  180   75    80.34  10.69  61.99  80.06  10.22  60.96
  198    9  139    44.97  64.55   8.30  44.67  64.94   8.74
  218  255  237    89.56 -10.56  -2.54  89.33 -10.67  -3.03
   69  225  155    60.61 -48.40  -8.99  60.49 -48.38  -8.50
  127  171   81    58.43 -20.21  26.62  57.53 -19.97  26.19
    0  253  187    50.16 -60.77 -34.56  50.06 -60.46 -34.82
    7  253  130    45.36 -75.21 -13.73  45.37 -75.79 -13.64
   38  123  114    35.36 -21.60 -20.41  35.75 -20.97 -21.49
  236  253   89    88.10 -16.18  61.73  88.42 -15.17  63.36
  238   41  185    57.10  62.68   2.41  57.41  61.71   2.11
   16  187  247    47.40 -26.75 -62.21  47.15 -27.99 -62.89
   63  200  211    58.40 -32.41 -34.31  58.22 -32.44 -34.47
    1   86   69    15.03 -23.05 -17.60  14.99 -21.51 -17.27
  131    3   10    29.17  43.43  28.41  28.78  43.18  27.83
   31  249  246    63.21 -46.05 -44.05  63.36 -46.10 -42.88
   20   83    3    20.53 -22.93  18.13  21.35 -21.22  17.21
