NUMBER_OF_FIELDS 4
BEGIN_DATA_FORMAT
SampleID	RGB_R	RGB_G	RGB_B
END_DATA_FORMAT

NUMBER_OF_SETS	1827
BEGIN_DATA
1	 64.00	110.00	  0.00
2	  2.00	114.00	 97.00
3	110.00	100.00	 56.00
4	 48.00	 48.00	  0.00
5	111.00	 57.00	 53.00
6	 55.00	  0.00	 32.00
7	  3.00	189.00	  3.00
8	 37.00	108.00	 47.00
9	200.00	200.00	 18.00
10	 48.00	 13.00	 22.00
11	 43.00	  3.00	 30.00
12	183.00	 96.00	205.00
13	 18.00	237.00	237.00
14	227.00	181.00	178.00
15	255.00	219.00	182.00
16	178.00	178.00	178.00
17	 18.00	  6.00	  6.00
18	182.00	255.00	 73.00
19	109.00	 63.00	 98.00
20	105.00	117.00	105.00
21	200.00	164.00	 55.00
22	 47.00	 96.00	 61.00
23	182.00	109.00	  0.00
24	255.00	 73.00	255.00
25	161.00	215.00	234.00
26	152.00	103.00	119.00
27	  0.00	182.00	 36.00
28	 55.00	 18.00	 18.00
29	219.00	  0.00	255.00
30	255.00	109.00	146.00
31	219.00	 36.00	255.00
32	 29.00	 80.00	 74.00
33	173.00	171.00	197.00
34	 66.00	 91.00	 69.00
35	146.00	146.00	 73.00
36	154.00	163.00	203.00
37	159.00	204.00	184.00
38	109.00	 73.00	255.00
39	  0.00	 73.00	  0.00
40	128.00	 55.00	128.00
41	 18.00	200.00	 55.00
42	 68.00	196.00	231.00
43	 73.00	 36.00	  0.00
44	109.00	146.00	255.00
45	165.00	192.00	153.00
46	255.00	146.00	182.00
47	154.00	145.00	216.00
48	128.00	200.00	 18.00
49	109.00	255.00	219.00
50	213.00	216.00	179.00
51	 73.00	219.00	109.00
52	234.00	195.00	209.00
53	 73.00	255.00	182.00
54	128.00	237.00	 18.00
55	 30.00	 30.00	 30.00
56	204.00	230.00	165.00
57	152.00	224.00	232.00
58	230.00	230.00	230.00
59	235.00	231.00	254.00
60	115.00	 15.00	183.00
61	109.00	182.00	109.00
62	131.00	 23.00	 88.00
63	184.00	196.00	184.00
64	169.00	245.00	209.00
65	 79.00	 84.00	 49.00
66	239.00	 76.00	  1.00
67	155.00	125.00	195.00
68	 75.00	 75.00	 87.00
69	182.00	182.00	255.00
70	109.00	109.00	 36.00
71	 60.00	 30.00	 40.00
72	108.00	192.00	 54.00
73	182.00	182.00	  0.00
74	 69.00	236.00	 75.00
75	 82.00	 38.00	  8.00
76	 18.00	164.00	200.00
77	164.00	128.00	200.00
78	197.00	228.00	253.00
79	188.00	188.00	188.00
80	 21.00	 18.00	 62.00
81	164.00	161.00	 97.00
82	146.00	146.00	109.00
83	 73.00	182.00	 36.00
84	146.00	 36.00	219.00
85	255.00	 73.00	109.00
86	236.00	201.00	193.00
87	255.00	  0.00	182.00
88	 36.00	 36.00	 73.00
89	  0.00	  0.00	 73.00
90	 39.00	168.00	199.00
91	 18.00	164.00	 91.00
92	109.00	 36.00	 36.00
93	 55.00	 55.00	128.00
94	255.00	 36.00	 73.00
95	224.00	205.00	250.00
96	118.00	158.00	176.00
97	146.00	  0.00	255.00
98	237.00	 18.00	200.00
99	 73.00	 73.00	255.00
100	115.00	 71.00	138.00
101	115.00	247.00	197.00
102	 55.00	237.00	164.00
103	 18.00	 91.00	 18.00
104	 36.00	255.00	 73.00
105	  6.00	 18.00	  6.00
106	 73.00	 36.00	219.00
107	109.00	219.00	  0.00
108	146.00	109.00	182.00
109	 36.00	 36.00	146.00
110	194.00	179.00	132.00
111	 58.00	 43.00	 87.00
112	  5.00	  5.00	  5.00
113	219.00	 73.00	219.00
114	255.00	219.00	109.00
115	 91.00	 18.00	164.00
116	172.00	146.00	  4.00
117	150.00	155.00	101.00
118	128.00	 91.00	237.00
119	146.00	219.00	182.00
120	 87.00	 75.00	 75.00
121	246.00	209.00	 21.00
122	255.00	244.00	244.00
123	 91.00	 55.00	200.00
124	 93.00	102.00	 52.00
125	146.00	255.00	146.00
126	  0.00	146.00	219.00
127	109.00	182.00	182.00
128	 91.00	200.00	237.00
129	164.00	164.00	128.00
130	200.00	 18.00	 18.00
131	219.00	255.00	 73.00
132	237.00	 91.00	 55.00
133	211.00	253.00	174.00
134	255.00	 73.00	182.00
135	  0.00	109.00	255.00
136	157.00	 72.00	163.00
137	 55.00	200.00	237.00
138	182.00	 73.00	109.00
139	255.00	255.00	 73.00
140	 96.00	254.00	215.00
141	108.00	108.00	 48.00
142	 36.00	109.00	 36.00
143	255.00	  0.00	 73.00
144	156.00	227.00	204.00
145	142.00	119.00	193.00
146	138.00	204.00	140.00
147	139.00	136.00	158.00
148	 36.00	 73.00	219.00
149	 18.00	237.00	 91.00
150	109.00	146.00	  0.00
151	 95.00	 95.00	107.00
152	182.00	 73.00	 36.00
153	 78.00	158.00	  3.00
154	  0.00	219.00	  0.00
155	 71.00	125.00	115.00
156	214.00	 89.00	  2.00
157	 36.00	146.00	219.00
158	180.00	146.00	210.00
159	211.00	222.00	215.00
160	207.00	  6.00	231.00
161	102.00	249.00	 30.00
162	219.00	 73.00	 73.00
163	 46.00	 63.00	 66.00
164	 67.00	 88.00	 23.00
165	 71.00	 64.00	118.00
166	 61.00	124.00	106.00
167	253.00	245.00	155.00
168	146.00	 36.00	182.00
169	182.00	 73.00	255.00
170	200.00	200.00	200.00
171	120.00	149.00	201.00
172	 73.00	146.00	219.00
173	 36.00	146.00	  0.00
174	147.00	192.00	125.00
175	200.00	128.00	164.00
176	182.00	219.00	219.00
177	156.00	138.00	 29.00
178	 91.00	164.00	 55.00
179	203.00	185.00	187.00
180	146.00	182.00	182.00
181	164.00	115.00	 70.00
182	203.00	131.00	 90.00
183	200.00	128.00	 91.00
184	219.00	182.00	146.00
185	182.00	219.00	 73.00
186	255.00	146.00	255.00
187	  0.00	219.00	146.00
188	 43.00	 83.00	 77.00
189	182.00	255.00	219.00
190	234.00	254.00	231.00
191	128.00	 91.00	164.00
192	 70.00	 75.00	130.00
193	182.00	219.00	109.00
194	184.00	226.00	186.00
195	229.00	218.00	242.00
196	128.00	200.00	 55.00
197	 83.00	 87.00	112.00
198	146.00	 73.00	 73.00
199	 16.00	 40.00	191.00
200	  6.00	100.00	 35.00
201	145.00	145.00	145.00
202	128.00	200.00	164.00
203	100.00	100.00	100.00
204	142.00	105.00	130.00
205	  0.00	 73.00	 36.00
206	 18.00	128.00	237.00
207	128.00	128.00	200.00
208	139.00	146.00	104.00
209	109.00	 36.00	255.00
210	 90.00	 61.00	 68.00
211	 63.00	114.00	253.00
212	 55.00	 55.00	 55.00
213	 55.00	164.00	200.00
214	128.00	 18.00	 91.00
215	 85.00	134.00	 74.00
216	 87.00	 74.00	 98.00
217	 19.00	239.00	 49.00
218	 73.00	255.00	 36.00
219	161.00	107.00	170.00
220	 38.00	 26.00	 26.00
221	109.00	 73.00	219.00
222	246.00	182.00	156.00
223	185.00	214.00	185.00
224	 91.00	128.00	164.00
225	 18.00	 91.00	 91.00
226	 55.00	 91.00	 18.00
227	146.00	109.00	146.00
228	  0.00	255.00	182.00
229	 25.00	 88.00	174.00
230	246.00	223.00	239.00
231	 73.00	109.00	219.00
232	241.00	243.00	174.00
233	112.00	127.00	173.00
234	 36.00	 73.00	 73.00
235	  0.00	  0.00	  0.00
236	255.00	146.00	219.00
237	 18.00	200.00	128.00
238	144.00	118.00	 96.00
239	237.00	196.00	  0.00
240	176.00	205.00	153.00
241	 36.00	182.00	219.00
242	202.00	248.00	 35.00
243	157.00	145.00	145.00
244	146.00	 36.00	  0.00
245	 60.00	121.00	 55.00
246	219.00	146.00	 73.00
247	  0.00	 42.00	 59.00
248	 91.00	 91.00	128.00
249	146.00	182.00	 36.00
250	182.00	  0.00	 73.00
251	241.00	  2.00	131.00
252	 91.00	 18.00	 55.00
253	  0.00	120.00	253.00
254	140.00	140.00	140.00
255	209.00	186.00	236.00
256	136.00	112.00	156.00
257	164.00	 55.00	 55.00
258	109.00	 73.00	 73.00
259	 73.00	  0.00	109.00
260	200.00	200.00	237.00
261	 73.00	 35.00	 48.00
262	137.00	125.00	125.00
263	225.00	225.00	225.00
264	101.00	126.00	124.00
265	 74.00	 12.00	212.00
266	136.00	241.00	126.00
267	164.00	200.00	200.00
268	182.00	182.00	 73.00
269	188.00	 42.00	 95.00
270	 95.00	107.00	 95.00
271	  0.00	 60.00	 64.00
272	 55.00	128.00	 91.00
273	 55.00	237.00	 55.00
274	176.00	 75.00	 78.00
275	  0.00	146.00	255.00
276	 36.00	 36.00	255.00
277	  1.00	 62.00	 36.00
278	213.00	 90.00	 75.00
279	200.00	164.00	164.00
280	 47.00	131.00	  6.00
281	 36.00	146.00	255.00
282	146.00	109.00	  0.00
283	179.00	253.00	209.00
284	 73.00	 73.00	 73.00
285	 99.00	 41.00	119.00
286	176.00	164.00	164.00
287	109.00	219.00	 73.00
288	 39.00	144.00	131.00
289	163.00	131.00	130.00
290	237.00	237.00	 55.00
291	232.00	  2.00	 90.00
292	 36.00	146.00	 36.00
293	120.00	120.00	120.00
294	 36.00	255.00	109.00
295	 85.00	 85.00	 97.00
296	217.00	117.00	228.00
297	160.00	109.00	  4.00
298	  8.00	149.00	204.00
299	 55.00	200.00	164.00
300	 36.00	182.00	 36.00
301	115.00	169.00	185.00
302	237.00	 18.00	 18.00
303	 98.00	 97.00	144.00
304	146.00	109.00	 36.00
305	146.00	 36.00	255.00
306	200.00	 55.00	 55.00
307	  7.00	  5.00	132.00
308	176.00	116.00	140.00
309	 86.00	 87.00	 20.00
310	114.00	 61.00	123.00
311	 89.00	 33.00	 25.00
312	131.00	191.00	 66.00
313	128.00	 18.00	200.00
314	144.00	 91.00	150.00
315	 18.00	 91.00	200.00
316	 32.00	234.00	225.00
317	  0.00	146.00	109.00
318	 30.00	 30.00	 30.00
319	136.00	  1.00	241.00
320	 55.00	 18.00	128.00
321	 62.00	121.00	 51.00
322	117.00	 31.00	 62.00
323	182.00	 73.00	146.00
324	 45.00	194.00	119.00
325	255.00	 73.00	  0.00
326	 55.00	128.00	164.00
327	 73.00	219.00	  0.00
328	212.00	243.00	170.00
329	 18.00	 18.00	 55.00
330	 92.00	116.00	143.00
331	 55.00	 18.00	237.00
332	219.00	255.00	109.00
333	 87.00	 53.00	117.00
334	200.00	105.00	254.00
335	  0.00	182.00	146.00
336	237.00	128.00	 18.00
337	 73.00	219.00	255.00
338	128.00	128.00	 91.00
339	254.00	183.00	185.00
340	211.00	162.00	 79.00
341	 58.00	 46.00	 46.00
342	241.00	 59.00	250.00
343	200.00	164.00	 18.00
344	 18.00	 18.00	200.00
345	 55.00	 55.00	 67.00
346	 67.00	 22.00	 51.00
347	146.00	 73.00	219.00
348	 73.00	182.00	146.00
349	109.00	219.00	182.00
350	255.00	  0.00	255.00
351	 96.00	162.00	251.00
352	202.00	166.00	183.00
353	224.00	189.00	236.00
354	 12.00	 99.00	 85.00
355	154.00	154.00	166.00
356	  0.00	255.00	255.00
357	 35.00	 76.00	204.00
358	105.00	 78.00	114.00
359	128.00	 55.00	200.00
360	  0.00	 73.00	109.00
361	128.00	128.00	237.00
362	255.00	 38.00	 91.00
363	201.00	254.00	  8.00
364	 15.00	  0.00	175.00
365	  0.00	219.00	255.00
366	232.00	209.00	230.00
367	 27.00	 66.00	 61.00
368	 36.00	182.00	182.00
369	182.00	219.00	255.00
370	 18.00	 55.00	128.00
371	128.00	 55.00	 55.00
372	182.00	182.00	219.00
373	185.00	164.00	217.00
374	 91.00	200.00	 18.00
375	 36.00	 36.00	 48.00
376	171.00	 96.00	140.00
377	 36.00	219.00	109.00
378	  0.00	255.00	 73.00
379	  2.00	167.00	110.00
380	237.00	237.00	237.00
381	208.00	  4.00	  6.00
382	109.00	219.00	146.00
383	 18.00	128.00	164.00
384	 91.00	 18.00	 91.00
385	241.00	224.00	214.00
386	182.00	 36.00	 36.00
387	105.00	 99.00	 98.00
388	 98.00	 51.00	210.00
389	219.00	 36.00	109.00
390	119.00	 65.00	 71.00
391	255.00	182.00	255.00
392	135.00	147.00	135.00
393	146.00	255.00	109.00
394	146.00	 36.00	 36.00
395	146.00	109.00	219.00
396	 20.00	 20.00	 20.00
397	124.00	104.00	173.00
398	110.00	220.00	130.00
399	 31.00	203.00	187.00
400	 85.00	103.00	 67.00
401	 36.00	  0.00	182.00
402	230.00	240.00	213.00
403	 49.00	225.00	 32.00
404	 18.00	 55.00	 18.00
405	173.00	226.00	214.00
406	182.00	 36.00	 73.00
407	125.00	137.00	125.00
408	 69.00	 66.00	173.00
409	137.00	 69.00	108.00
410	141.00	215.00	178.00
411	216.00	204.00	204.00
412	174.00	147.00	106.00
413	188.00	194.00	 25.00
414	237.00	 91.00	 18.00
415	102.00	168.00	158.00
416	 47.00	 42.00	104.00
417	146.00	146.00	255.00
418	164.00	 18.00	 91.00
419	219.00	182.00	219.00
420	195.00	 86.00	117.00
421	  0.00	 36.00	 73.00
422	 73.00	 73.00	146.00
423	255.00	255.00	146.00
424	 36.00	  0.00	255.00
425	182.00	255.00	  0.00
426	 42.00	 19.00	 10.00
427	177.00	222.00	168.00
428	184.00	209.00	134.00
429	185.00	130.00	198.00
430	255.00	109.00	 36.00
431	182.00	 73.00	182.00
432	  0.00	182.00	219.00
433	200.00	237.00	164.00
434	228.00	 54.00	209.00
435	158.00	 68.00	197.00
436	117.00	 83.00	149.00
437	 65.00	205.00	176.00
438	 46.00	219.00	 63.00
439	146.00	255.00	 36.00
440	117.00	116.00	116.00
441	 18.00	128.00	200.00
442	 18.00	 55.00	 55.00
443	169.00	174.00	156.00
444	  0.00	 73.00	255.00
445	219.00	182.00	255.00
446	145.00	  5.00	196.00
447	237.00	 55.00	 18.00
448	 17.00	 66.00	 25.00
449	219.00	255.00	255.00
450	237.00	 55.00	164.00
451	182.00	146.00	182.00
452	195.00	153.00	198.00
453	163.00	176.00	236.00
454	  0.00	219.00	182.00
455	 99.00	149.00	147.00
456	128.00	164.00	 55.00
457	165.00	 37.00	255.00
458	 73.00	 36.00	 36.00
459	200.00	 18.00	164.00
460	 55.00	 91.00	 55.00
461	206.00	 36.00	237.00
462	  0.00	109.00	182.00
463	182.00	182.00	109.00
464	 18.00	128.00	 55.00
465	200.00	164.00	200.00
466	165.00	240.00	240.00
467	111.00	144.00	144.00
468	175.00	166.00	 34.00
469	164.00	200.00	 18.00
470	149.00	149.00	149.00
471	  0.00	 36.00	219.00
472	238.00	159.00	  2.00
473	 18.00	200.00	237.00
474	157.00	 88.00	125.00
475	200.00	237.00	 55.00
476	219.00	182.00	 36.00
477	219.00	219.00	182.00
478	237.00	 91.00	164.00
479	164.00	 91.00	237.00
480	247.00	120.00	130.00
481	 69.00	 78.00	245.00
482	155.00	130.00	204.00
483	 10.00	 10.00	 10.00
484	200.00	 18.00	237.00
485	 37.00	 18.00	 69.00
486	 48.00	 50.00	 99.00
487	102.00	  3.00	 91.00
488	135.00	  6.00	 36.00
489	  0.00	255.00	  0.00
490	146.00	103.00	142.00
491	182.00	 36.00	182.00
492	191.00	 68.00	215.00
493	 97.00	 68.00	 46.00
494	237.00	 91.00	128.00
495	255.00	219.00	  0.00
496	219.00	255.00	  0.00
497	104.00	 81.00	 65.00
498	218.00	208.00	223.00
499	109.00	  0.00	182.00
500	 15.00	 15.00	 15.00
501	109.00	 73.00	109.00
502	 55.00	237.00	 18.00
503	 74.00	 99.00	130.00
504	163.00	215.00	254.00
505	  7.00	167.00	 82.00
506	146.00	109.00	255.00
507	172.00	193.00	168.00
508	 82.00	228.00	251.00
509	 73.00	182.00	 73.00
510	 75.00	 87.00	 75.00
511	200.00	 18.00	 55.00
512	207.00	 53.00	178.00
513	182.00	146.00	219.00
514	146.00	146.00	146.00
515	 75.00	 10.00	 13.00
516	 91.00	 91.00	 18.00
517	234.00	234.00	246.00
518	 59.00	 59.00	 59.00
519	109.00	  0.00	255.00
520	 73.00	 73.00	109.00
521	109.00	 36.00	146.00
522	254.00	  3.00	 10.00
523	 67.00	120.00	 67.00
524	119.00	227.00	214.00
525	 18.00	 55.00	 91.00
526	240.00	240.00	240.00
527	 44.00	110.00	 94.00
528	190.00	136.00	145.00
529	250.00	250.00	250.00
530	184.00	208.00	253.00
531	 55.00	160.00	 72.00
532	  0.00	109.00	146.00
533	 18.00	164.00	 18.00
534	128.00	164.00	 18.00
535	 99.00	129.00	 92.00
536	 40.00	 40.00	 40.00
537	237.00	164.00	 91.00
538	255.00	219.00	 73.00
539	214.00	226.00	214.00
540	 96.00	160.00	120.00
541	219.00	219.00	255.00
542	 70.00	  3.00	100.00
543	128.00	200.00	237.00
544	219.00	109.00	255.00
545	 36.00	238.00	 85.00
546	130.00	130.00	130.00
547	 30.00	 48.00	170.00
548	  0.00	182.00	109.00
549	 50.00	 50.00	 50.00
550	 18.00	237.00	164.00
551	 91.00	111.00	121.00
552	109.00	146.00	219.00
553	 87.00	224.00	 19.00
554	 64.00	 58.00	 23.00
555	 73.00	146.00	255.00
556	 78.00	109.00	 92.00
557	210.00	210.00	210.00
558	200.00	237.00	128.00
559	 85.00	 85.00	 85.00
560	  0.00	151.00	 43.00
561	182.00	109.00	255.00
562	103.00	161.00	 74.00
563	 99.00	 52.00	 48.00
564	 58.00	 95.00	142.00
565	136.00	134.00	 87.00
566	 26.00	 26.00	 38.00
567	237.00	128.00	128.00
568	128.00	200.00	128.00
569	  0.00	182.00	 73.00
570	 43.00	168.00	117.00
571	 36.00	219.00	182.00
572	 28.00	 16.00	 16.00
573	147.00	135.00	135.00
574	110.00	217.00	 47.00
575	 68.00	 52.00	112.00
576	217.00	172.00	227.00
577	 73.00	255.00	109.00
578	 36.00	182.00	255.00
579	109.00	109.00	146.00
580	 74.00	131.00	 87.00
581	109.00	109.00	109.00
582	 55.00	200.00	 91.00
583	182.00	  0.00	219.00
584	180.00	180.00	180.00
585	  6.00	201.00	 64.00
586	200.00	 91.00	 55.00
587	 55.00	 55.00	 55.00
588	105.00	138.00	128.00
589	200.00	200.00	200.00
590	  0.00	255.00	255.00
591	255.00	255.00	  0.00
592	255.00	  0.00	255.00
593	180.00	255.00	255.00
594	255.00	255.00	180.00
595	255.00	180.00	255.00
596	 50.00	 50.00	 50.00
597	100.00	100.00	100.00
598	150.00	150.00	150.00
599	200.00	200.00	200.00
600	  0.00	255.00	255.00
601	255.00	255.00	  0.00
602	255.00	  0.00	255.00
603	180.00	255.00	255.00
604	255.00	255.00	180.00
605	255.00	180.00	255.00
606	 50.00	 50.00	 50.00
607	100.00	100.00	100.00
608	150.00	150.00	150.00
609	200.00	200.00	200.00
610	237.00	 55.00	 91.00
611	132.00	163.00	132.00
612	142.00	 77.00	 84.00
613	219.00	  0.00	109.00
614	225.00	201.00	166.00
615	198.00	238.00	119.00
616	 91.00	 91.00	237.00
617	143.00	126.00	171.00
618	150.00	148.00	151.00
619	189.00	195.00	226.00
620	110.00	 60.00	 71.00
621	145.00	157.00	145.00
622	146.00	170.00	 41.00
623	182.00	182.00	146.00
624	 10.00	  0.00	 10.00
625	227.00	218.00	140.00
626	 86.00	128.00	105.00
627	244.00	187.00	 71.00
628	247.00	 40.00	 12.00
629	 55.00	200.00	 18.00
630	184.00	184.00	196.00
631	200.00	128.00	128.00
632	 36.00	 73.00	255.00
633	211.00	190.00	201.00
634	200.00	128.00	237.00
635	 88.00	131.00	119.00
636	182.00	  0.00	  0.00
637	 73.00	146.00	  0.00
638	109.00	182.00	255.00
639	237.00	 18.00	128.00
640	 90.00	223.00	109.00
641	237.00	 18.00	164.00
642	109.00	219.00	109.00
643	 99.00	161.00	165.00
644	108.00	255.00	 90.00
645	139.00	233.00	  7.00
646	 91.00	164.00	164.00
647	164.00	128.00	 55.00
648	214.00	141.00	189.00
649	109.00	182.00	 73.00
650	244.00	 10.00	 56.00
651	119.00	120.00	 84.00
652	 73.00	  0.00	 36.00
653	 73.00	  0.00	146.00
654	  0.00	109.00	  0.00
655	109.00	  0.00	 73.00
656	200.00	 55.00	237.00
657	186.00	174.00	174.00
658	178.00	240.00	 92.00
659	 67.00	 55.00	 55.00
660	 91.00	 55.00	164.00
661	  1.00	197.00	  0.00
662	 73.00	 73.00	219.00
663	 87.00	193.00	 95.00
664	255.00	 36.00	182.00
665	 99.00	 37.00	 86.00
666	253.00	151.00	 62.00
667	 47.00	 33.00	252.00
668	 63.00	 92.00	 97.00
669	141.00	 75.00	139.00
670	 66.00	156.00	240.00
671	204.00	210.00	203.00
672	219.00	146.00	182.00
673	128.00	164.00	200.00
674	130.00	178.00	120.00
675	166.00	  7.00	167.00
676	164.00	203.00	222.00
677	128.00	 18.00	164.00
678	146.00	146.00	219.00
679	229.00	 76.00	165.00
680	 55.00	 18.00	200.00
681	246.00	157.00	127.00
682	169.00	163.00	235.00
683	139.00	 44.00	182.00
684	 97.00	 85.00	 85.00
685	 91.00	128.00	128.00
686	249.00	214.00	184.00
687	 36.00	109.00	255.00
688	 68.00	158.00	 30.00
689	237.00	164.00	164.00
690	 83.00	 78.00	 86.00
691	255.00	255.00	 36.00
692	 36.00	 48.00	 36.00
693	 91.00	 18.00	128.00
694	219.00	219.00	 36.00
695	 36.00	 73.00	182.00
696	  0.00	  0.00	219.00
697	146.00	219.00	219.00
698	110.00	 76.00	 33.00
699	219.00	167.00	 44.00
700	240.00	248.00	252.00
701	 87.00	149.00	152.00
702	109.00	 36.00	  0.00
703	208.00	157.00	201.00
704	 35.00	 35.00	 35.00
705	119.00	119.00	119.00
706	214.00	145.00	117.00
707	227.00	 90.00	 36.00
708	 73.00	219.00	219.00
709	246.00	241.00	206.00
710	236.00	224.00	224.00
711	 36.00	146.00	109.00
712	221.00	232.00	208.00
713	190.00	250.00	 70.00
714	188.00	 35.00	128.00
715	 73.00	219.00	 36.00
716	 65.00	139.00	128.00
717	109.00	182.00	219.00
718	 40.00	  6.00	  6.00
719	 73.00	 36.00	182.00
720	163.00	236.00	190.00
721	237.00	200.00	237.00
722	215.00	255.00	228.00
723	 55.00	128.00	 18.00
724	128.00	128.00	128.00
725	218.00	218.00	218.00
726	219.00	255.00	 36.00
727	182.00	  0.00	182.00
728	182.00	255.00	109.00
729	219.00	182.00	 73.00
730	 18.00	 18.00	 91.00
731	219.00	  0.00	146.00
732	128.00	 18.00	237.00
733	237.00	200.00	200.00
734	117.00	105.00	105.00
735	207.00	164.00	217.00
736	 51.00	 90.00	 88.00
737	219.00	146.00	146.00
738	  0.00	255.00	146.00
739	255.00	182.00	219.00
740	255.00	  0.00	146.00
741	 36.00	255.00	255.00
742	 27.00	 58.00	228.00
743	109.00	146.00	146.00
744	109.00	255.00	  0.00
745	241.00	127.00	220.00
746	219.00	146.00	  0.00
747	200.00	200.00	 55.00
748	146.00	255.00	  0.00
749	128.00	 91.00	128.00
750	 22.00	136.00	241.00
751	109.00	  0.00	146.00
752	182.00	  0.00	146.00
753	218.00	243.00	135.00
754	235.00	194.00	191.00
755	 36.00	  0.00	  0.00
756	224.00	224.00	236.00
757	131.00	116.00	 67.00
758	126.00	 86.00	138.00
759	 91.00	 55.00	 55.00
760	127.00	 99.00	134.00
761	255.00	109.00	  0.00
762	146.00	219.00	146.00
763	164.00	200.00	128.00
764	146.00	  0.00	146.00
765	215.00	215.00	215.00
766	128.00	164.00	 91.00
767	  0.00	  0.00	  0.00
768	  6.00	 82.00	205.00
769	 73.00	 73.00	 36.00
770	 18.00	 91.00	164.00
771	 36.00	255.00	 36.00
772	254.00	225.00	 41.00
773	145.00	179.00	137.00
774	250.00	219.00	 76.00
775	 36.00	 36.00	219.00
776	237.00	200.00	128.00
777	 50.00	 55.00	135.00
778	164.00	164.00	200.00
779	182.00	 73.00	219.00
780	192.00	117.00	176.00
781	186.00	193.00	207.00
782	 15.00	 94.00	254.00
783	161.00	 33.00	 63.00
784	 73.00	219.00	 73.00
785	220.00	220.00	220.00
786	 91.00	128.00	 91.00
787	144.00	133.00	127.00
788	 36.00	 36.00	  0.00
789	182.00	182.00	 36.00
790	 36.00	146.00	182.00
791	164.00	 91.00	 18.00
792	 36.00	219.00	255.00
793	109.00	  0.00	109.00
794	255.00	255.00	  0.00
795	128.00	237.00	 91.00
796	109.00	 36.00	182.00
797	248.00	248.00	248.00
798	174.00	174.00	186.00
799	200.00	 55.00	128.00
800	144.00	200.00	160.00
801	 60.00	 97.00	224.00
802	237.00	 18.00	237.00
803	139.00	 80.00	 65.00
804	 56.00	 27.00	 42.00
805	128.00	 55.00	237.00
806	  0.00	  8.00	  0.00
807	109.00	109.00	219.00
808	190.00	123.00	201.00
809	194.00	180.00	  3.00
810	 91.00	164.00	237.00
811	189.00	167.00	243.00
812	213.00	155.00	171.00
813	200.00	164.00	 91.00
814	 16.00	 16.00	 28.00
815	146.00	  0.00	182.00
816	  0.00	109.00	 36.00
817	 55.00	128.00	 55.00
818	164.00	 91.00	200.00
819	164.00	237.00	237.00
820	 28.00	  9.00	250.00
821	255.00	 73.00	 36.00
822	241.00	192.00	175.00
823	 12.00	 37.00	  1.00
824	 76.00	 59.00	 45.00
825	128.00	164.00	128.00
826	164.00	200.00	 55.00
827	 73.00	 36.00	 73.00
828	118.00	121.00	135.00
829	  0.00	219.00	219.00
830	164.00	200.00	164.00
831	 18.00	 91.00	 55.00
832	164.00	164.00	 18.00
833	164.00	237.00	 18.00
834	136.00	 82.00	117.00
835	182.00	219.00	182.00
836	 21.00	 71.00	 21.00
837	255.00	 43.00	140.00
838	 71.00	107.00	 66.00
839	 55.00	121.00	111.00
840	 91.00	237.00	237.00
841	 80.00	 80.00	 80.00
842	 55.00	 55.00	 18.00
843	 72.00	 41.00	235.00
844	255.00	182.00	109.00
845	131.00	192.00	140.00
846	 11.00	219.00	 90.00
847	 77.00	 65.00	 65.00
848	126.00	  1.00	106.00
849	213.00	186.00	171.00
850	146.00	182.00	255.00
851	249.00	244.00	  7.00
852	142.00	 97.00	 77.00
853	183.00	235.00	252.00
854	 73.00	182.00	219.00
855	168.00	  4.00	 69.00
856	 73.00	  0.00	 73.00
857	198.00	134.00	183.00
858	117.00	 33.00	 14.00
859	109.00	  0.00	  0.00
860	 18.00	164.00	128.00
861	194.00	194.00	206.00
862	 73.00	146.00	182.00
863	 18.00	164.00	237.00
864	235.00	163.00	214.00
865	 55.00	 55.00	 91.00
866	182.00	109.00	 36.00
867	 91.00	 18.00	237.00
868	 55.00	164.00	 18.00
869	 33.00	  3.00	 52.00
870	128.00	128.00	 55.00
871	124.00	 63.00	 93.00
872	146.00	219.00	 73.00
873	 91.00	 91.00	 55.00
874	 90.00	 90.00	 90.00
875	130.00	202.00	195.00
876	 64.00	 68.00	 57.00
877	146.00	255.00	182.00
878	 36.00	255.00	146.00
879	119.00	163.00	103.00
880	 89.00	 89.00	 89.00
881	128.00	203.00	176.00
882	  0.00	146.00	 73.00
883	159.00	151.00	165.00
884	110.00	103.00	152.00
885	233.00	 10.00	203.00
886	168.00	168.00	168.00
887	 91.00	164.00	 91.00
888	 99.00	 99.00	 99.00
889	164.00	237.00	 91.00
890	 66.00	 71.00	  7.00
891	128.00	 91.00	200.00
892	204.00	216.00	204.00
893	109.00	255.00	146.00
894	219.00	 73.00	109.00
895	 18.00	164.00	164.00
896	164.00	 55.00	 91.00
897	164.00	 91.00	128.00
898	 36.00	 73.00	146.00
899	179.00	135.00	158.00
900	109.00	182.00	  0.00
901	128.00	164.00	237.00
902	220.00	147.00	 20.00
903	 79.00	 32.00	 14.00
904	109.00	219.00	255.00
905	218.00	219.00	232.00
906	 61.00	 92.00	 37.00
907	 88.00	 86.00	138.00
908	  0.00	  0.00	146.00
909	182.00	 36.00	255.00
910	 91.00	200.00	200.00
911	219.00	 36.00	146.00
912	189.00	231.00	165.00
913	219.00	219.00	 73.00
914	 91.00	237.00	 91.00
915	206.00	223.00	 71.00
916	236.00	176.00	230.00
917	 36.00	 73.00	109.00
918	109.00	182.00	 36.00
919	235.00	235.00	235.00
920	  0.00	  0.00	 36.00
921	 40.00	 26.00	 84.00
922	248.00	133.00	172.00
923	164.00	 55.00	128.00
924	 23.00	126.00	147.00
925	200.00	 91.00	200.00
926	 25.00	 25.00	 25.00
927	109.00	255.00	255.00
928	214.00	214.00	226.00
929	 73.00	  0.00	219.00
930	 83.00	189.00	 17.00
931	109.00	255.00	109.00
932	 73.00	146.00	109.00
933	116.00	190.00	191.00
934	 18.00	 57.00	 40.00
935	255.00	 36.00	146.00
936	 18.00	200.00	200.00
937	237.00	128.00	 91.00
938	122.00	 92.00	 96.00
939	125.00	104.00	 41.00
940	255.00	255.00	109.00
941	 24.00	 81.00	 28.00
942	213.00	247.00	 86.00
943	  8.00	  0.00	  0.00
944	219.00	255.00	219.00
945	109.00	146.00	182.00
946	 21.00	171.00	  5.00
947	107.00	 95.00	 95.00
948	151.00	170.00	247.00
949	228.00	164.00	173.00
950	200.00	 18.00	128.00
951	 36.00	 73.00	 36.00
952	237.00	 91.00	237.00
953	109.00	 36.00	 73.00
954	 55.00	 18.00	164.00
955	182.00	146.00	  0.00
956	 36.00	  0.00	 36.00
957	150.00	150.00	150.00
958	164.00	128.00	 18.00
959	215.00	197.00	 53.00
960	128.00	 55.00	 18.00
961	 27.00	147.00	102.00
962	125.00	 92.00	 74.00
963	127.00	115.00	115.00
964	219.00	255.00	182.00
965	128.00	 91.00	 55.00
966	205.00	205.00	205.00
967	150.00	180.00	152.00
968	196.00	183.00	 91.00
969	204.00	204.00	216.00
970	 65.00	164.00	182.00
971	 55.00	 91.00	237.00
972	177.00	246.00	221.00
973	 36.00	109.00	 73.00
974	 76.00	 44.00	106.00
975	255.00	 36.00	219.00
976	  0.00	 73.00	219.00
977	 46.00	 58.00	 46.00
978	200.00	237.00	237.00
979	 73.00	  0.00	255.00
980	219.00	255.00	146.00
981	 36.00	182.00	  0.00
982	 67.00	 23.00	 15.00
983	219.00	219.00	  0.00
984	140.00	199.00	115.00
985	 79.00	 64.00	132.00
986	  0.00	 36.00	  0.00
987	200.00	 55.00	200.00
988	200.00	 55.00	 18.00
989	231.00	222.00	  1.00
990	244.00	 87.00	249.00
991	237.00	 55.00	237.00
992	109.00	255.00	 36.00
993	 91.00	164.00	128.00
994	112.00	 26.00	220.00
995	109.00	 73.00	  0.00
996	146.00	219.00	  0.00
997	182.00	 36.00	109.00
998	111.00	173.00	111.00
999	166.00	154.00	154.00
1000	164.00	 18.00	 18.00
1001	117.00	181.00	147.00
1002	205.00	190.00	224.00
1003	111.00	173.00	 21.00
1004	 63.00	 64.00	102.00
1005	164.00	128.00	237.00
1006	255.00	219.00	146.00
1007	219.00	109.00	219.00
1008	 55.00	164.00	128.00
1009	182.00	 73.00	  0.00
1010	164.00	 55.00	164.00
1011	200.00	237.00	 91.00
1012	 91.00	128.00	 55.00
1013	108.00	 62.00	244.00
1014	109.00	109.00	  0.00
1015	 21.00	253.00	185.00
1016	250.00	208.00	155.00
1017	 73.00	182.00	255.00
1018	  3.00	 14.00	 56.00
1019	 11.00	186.00	145.00
1020	 20.00	125.00	 68.00
1021	124.00	217.00	101.00
1022	224.00	236.00	224.00
1023	 11.00	255.00	120.00
1024	 65.00	103.00	116.00
1025	252.00	222.00	226.00
1026	237.00	 55.00	200.00
1027	122.00	123.00	227.00
1028	 16.00	 28.00	 16.00
1029	 55.00	 91.00	164.00
1030	165.00	191.00	135.00
1031	255.00	 73.00	146.00
1032	 18.00	 18.00	237.00
1033	146.00	  0.00	109.00
1034	 75.00	 33.00	 69.00
1035	 96.00	143.00	162.00
1036	 63.00	117.00	 25.00
1037	241.00	179.00	253.00
1038	 79.00	 79.00	 79.00
1039	 55.00	128.00	237.00
1040	  0.00	  0.00	182.00
1041	135.00	160.00	206.00
1042	 73.00	 36.00	109.00
1043	109.00	146.00	109.00
1044	123.00	181.00	144.00
1045	  6.00	 30.00	 20.00
1046	237.00	164.00	 55.00
1047	228.00	103.00	207.00
1048	 73.00	219.00	182.00
1049	181.00	166.00	117.00
1050	207.00	 15.00	 99.00
1051	  0.00	255.00	219.00
1052	 22.00	 37.00	 32.00
1053	170.00	103.00	153.00
1054	177.00	181.00	123.00
1055	167.00	 32.00	152.00
1056	  0.00	109.00	219.00
1057	255.00	 36.00	 36.00
1058	237.00	128.00	164.00
1059	146.00	 73.00	109.00
1060	165.00	129.00	101.00
1061	 53.00	124.00	150.00
1062	232.00	111.00	255.00
1063	244.00	255.00	244.00
1064	200.00	200.00	200.00
1065	200.00	164.00	237.00
1066	219.00	182.00	109.00
1067	164.00	 18.00	200.00
1068	200.00	 91.00	 91.00
1069	148.00	 52.00	 19.00
1070	118.00	215.00	  1.00
1071	109.00	219.00	 36.00
1072	 55.00	128.00	200.00
1073	200.00	 91.00	 18.00
1074	 34.00	 91.00	 36.00
1075	188.00	147.00	180.00
1076	 18.00	 18.00	164.00
1077	219.00	219.00	219.00
1078	146.00	 73.00	146.00
1079	 36.00	  0.00	146.00
1080	219.00	 36.00	 73.00
1081	237.00	 18.00	 55.00
1082	142.00	192.00	210.00
1083	255.00	255.00	255.00
1084	115.00	115.00	127.00
1085	219.00	109.00	  0.00
1086	175.00	  7.00	255.00
1087	182.00	109.00	182.00
1088	128.00	237.00	 55.00
1089	200.00	 18.00	200.00
1090	128.00	 79.00	 69.00
1091	255.00	  0.00	 36.00
1092	255.00	109.00	109.00
1093	 52.00	102.00	 72.00
1094	 36.00	109.00	182.00
1095	 55.00	237.00	128.00
1096	164.00	 18.00	237.00
1097	219.00	 73.00	255.00
1098	 73.00	182.00	182.00
1099	123.00	119.00	 99.00
1100	 36.00	255.00	182.00
1101	204.00	250.00	216.00
1102	164.00	164.00	237.00
1103	237.00	164.00	 18.00
1104	101.00	104.00	114.00
1105	255.00	146.00	  0.00
1106	 73.00	  0.00	  0.00
1107	124.00	 54.00	104.00
1108	226.00	215.00	174.00
1109	  7.00	 67.00	172.00
1110	  1.00	216.00	184.00
1111	164.00	200.00	237.00
1112	203.00	136.00	 44.00
1113	128.00	164.00	164.00
1114	 73.00	109.00	182.00
1115	 36.00	146.00	 73.00
1116	219.00	219.00	146.00
1117	190.00	245.00	242.00
1118	254.00	143.00	 34.00
1119	 53.00	 50.00	204.00
1120	 27.00	 81.00	130.00
1121	 47.00	122.00	224.00
1122	 79.00	 36.00	 94.00
1123	 55.00	 91.00	200.00
1124	254.00	223.00	201.00
1125	 34.00	 60.00	 73.00
1126	219.00	  0.00	219.00
1127	 36.00	255.00	  0.00
1128	 60.00	 60.00	 60.00
1129	 26.00	  5.00	 20.00
1130	219.00	109.00	 73.00
1131	255.00	219.00	219.00
1132	 45.00	 14.00	 64.00
1133	237.00	 91.00	 91.00
1134	156.00	171.00	  2.00
1135	237.00	200.00	 91.00
1136	177.00	199.00	222.00
1137	128.00	 18.00	128.00
1138	 18.00	 18.00	 18.00
1139	 91.00	 55.00	128.00
1140	231.00	174.00	165.00
1141	106.00	 59.00	 64.00
1142	 40.00	180.00	152.00
1143	254.00	195.00	191.00
1144	 36.00	219.00	  0.00
1145	 36.00	219.00	219.00
1146	255.00	219.00	255.00
1147	173.00	248.00	168.00
1148	 80.00	  6.00	  9.00
1149	  0.00	146.00	182.00
1150	 48.00	 28.00	 56.00
1151	128.00	237.00	164.00
1152	255.00	 73.00	 73.00
1153	 20.00	 70.00	 68.00
1154	244.00	236.00	237.00
1155	 53.00	 58.00	112.00
1156	170.00	170.00	170.00
1157	146.00	109.00	 73.00
1158	255.00	255.00	255.00
1159	237.00	128.00	 55.00
1160	144.00	137.00	140.00
1161	214.00	 36.00	 80.00
1162	161.00	147.00	109.00
1163	146.00	146.00	 36.00
1164	 18.00	237.00	 18.00
1165	 36.00	182.00	109.00
1166	164.00	128.00	128.00
1167	115.00	115.00	115.00
1168	201.00	225.00	179.00
1169	146.00	182.00	219.00
1170	 91.00	 18.00	 18.00
1171	187.00	234.00	214.00
1172	182.00	109.00	219.00
1173	113.00	252.00	144.00
1174	220.00	231.00	185.00
1175	146.00	  0.00	 36.00
1176	204.00	213.00	229.00
1177	230.00	225.00	114.00
1178	255.00	146.00	 73.00
1179	219.00	182.00	182.00
1180	164.00	164.00	176.00
1181	219.00	 36.00	  0.00
1182	200.00	237.00	200.00
1183	109.00	182.00	146.00
1184	 26.00	 38.00	 26.00
1185	 73.00	255.00	255.00
1186	 55.00	164.00	 55.00
1187	200.00	200.00	 91.00
1188	 55.00	 18.00	 55.00
1189	 55.00	 55.00	200.00
1190	 47.00	 69.00	 19.00
1191	 60.00	  5.00	  0.00
1192	115.00	125.00	126.00
1193	  0.00	  0.00	  8.00
1194	138.00	176.00	197.00
1195	235.00	148.00	 96.00
1196	255.00	182.00	 73.00
1197	246.00	234.00	234.00
1198	200.00	200.00	200.00
1199	  0.00	255.00	255.00
1200	255.00	255.00	  0.00
1201	255.00	  0.00	255.00
1202	180.00	255.00	255.00
1203	255.00	255.00	180.00
1204	255.00	180.00	255.00
1205	 50.00	 50.00	 50.00
1206	100.00	100.00	100.00
1207	150.00	150.00	150.00
1208	200.00	200.00	200.00
1209	  0.00	255.00	255.00
1210	255.00	255.00	  0.00
1211	255.00	  0.00	255.00
1212	180.00	255.00	255.00
1213	255.00	255.00	180.00
1214	255.00	180.00	255.00
1215	 50.00	 50.00	 50.00
1216	100.00	100.00	100.00
1217	150.00	150.00	150.00
1218	200.00	200.00	200.00
1219	 98.00	 52.00	108.00
1220	 36.00	219.00	 73.00
1221	  0.00	 36.00	182.00
1222	 73.00	252.00	111.00
1223	 91.00	237.00	 18.00
1224	 91.00	 55.00	 91.00
1225	135.00	148.00	129.00
1226	148.00	162.00	117.00
1227	164.00	237.00	200.00
1228	 43.00	  4.00	193.00
1229	209.00	168.00	239.00
1230	 31.00	 35.00	 65.00
1231	182.00	146.00	109.00
1232	160.00	160.00	160.00
1233	 95.00	 95.00	 95.00
1234	200.00	 18.00	 91.00
1235	255.00	109.00	182.00
1236	169.00	  0.00	111.00
1237	 73.00	 36.00	146.00
1238	164.00	164.00	164.00
1239	 45.00	 45.00	 45.00
1240	 41.00	237.00	  3.00
1241	104.00	110.00	171.00
1242	 93.00	 65.00	107.00
1243	160.00	105.00	 98.00
1244	 73.00	255.00	 73.00
1245	 50.00	 50.00	 50.00
1246	255.00	255.00	182.00
1247	175.00	175.00	175.00
1248	146.00	219.00	109.00
1249	164.00	128.00	164.00
1250	146.00	223.00	148.00
1251	219.00	146.00	109.00
1252	182.00	255.00	 36.00
1253	164.00	 18.00	128.00
1254	189.00	229.00	 12.00
1255	108.00	180.00	213.00
1256	 64.00	114.00	173.00
1257	109.00	146.00	 36.00
1258	  0.00	  0.00	109.00
1259	  0.00	109.00	 73.00
1260	 36.00	203.00	231.00
1261	182.00	222.00	210.00
1262	182.00	109.00	 73.00
1263	 72.00	132.00	 74.00
1264	146.00	  0.00	  0.00
1265	  5.00	250.00	247.00
1266	200.00	128.00	 18.00
1267	131.00	131.00	 74.00
1268	 67.00	249.00	169.00
1269	245.00	  9.00	178.00
1270	146.00	 73.00	182.00
1271	133.00	192.00	157.00
1272	146.00	182.00	146.00
1273	192.00	172.00	153.00
1274	224.00	100.00	100.00
1275	 98.00	 92.00	 74.00
1276	128.00	 91.00	 18.00
1277	190.00	190.00	190.00
1278	182.00	255.00	255.00
1279	139.00	139.00	139.00
1280	164.00	 18.00	 55.00
1281	115.00	110.00	105.00
1282	 73.00	146.00	 73.00
1283	255.00	109.00	255.00
1284	206.00	194.00	194.00
1285	 91.00	 55.00	237.00
1286	 91.00	 30.00	155.00
1287	 91.00	200.00	 55.00
1288	143.00	  6.00	149.00
1289	 88.00	151.00	123.00
1290	237.00	128.00	200.00
1291	 18.00	237.00	200.00
1292	219.00	 73.00	 36.00
1293	 75.00	 32.00	 33.00
1294	 73.00	182.00	  0.00
1295	237.00	 55.00	128.00
1296	 55.00	200.00	 55.00
1297	 18.00	128.00	 91.00
1298	109.00	  0.00	219.00
1299	140.00	187.00	221.00
1300	164.00	 55.00	 18.00
1301	145.00	213.00	218.00
1302	125.00	110.00	143.00
1303	 55.00	237.00	237.00
1304	110.00	110.00	110.00
1305	128.00	237.00	237.00
1306	237.00	164.00	128.00
1307	 11.00	 11.00	105.00
1308	145.00	118.00	 88.00
1309	170.00	 70.00	 24.00
1310	186.00	163.00	133.00
1311	200.00	200.00	128.00
1312	237.00	128.00	237.00
1313	131.00	103.00	 82.00
1314	  6.00	119.00	  8.00
1315	164.00	176.00	164.00
1316	146.00	  0.00	219.00
1317	 55.00	200.00	128.00
1318	 18.00	 91.00	128.00
1319	128.00	 55.00	 91.00
1320	  6.00	  6.00	 18.00
1321	237.00	200.00	 55.00
1322	156.00	 74.00	243.00
1323	255.00	  0.00	  0.00
1324	219.00	146.00	 36.00
1325	239.00	177.00	185.00
1326	  0.00	146.00	146.00
1327	 46.00	 46.00	 58.00
1328	130.00	109.00	  3.00
1329	 55.00	164.00	237.00
1330	229.00	220.00	 57.00
1331	 18.00	128.00	128.00
1332	182.00	  0.00	255.00
1333	 73.00	146.00	146.00
1334	 66.00	  6.00	255.00
1335	225.00	250.00	 61.00
1336	 12.00	178.00	 42.00
1337	 36.00	146.00	146.00
1338	113.00	 76.00	201.00
1339	249.00	254.00	127.00
1340	182.00	219.00	146.00
1341	164.00	 91.00	 91.00
1342	107.00	162.00	 98.00
1343	219.00	146.00	219.00
1344	 55.00	 18.00	 91.00
1345	188.00	159.00	165.00
1346	126.00	142.00	193.00
1347	 75.00	 75.00	 75.00
1348	125.00	162.00	224.00
1349	182.00	146.00	 73.00
1350	128.00	128.00	164.00
1351	164.00	164.00	 91.00
1352	  0.00	 36.00	255.00
1353	195.00	217.00	143.00
1354	 24.00	 31.00	215.00
1355	237.00	 91.00	200.00
1356	237.00	 55.00	 55.00
1357	 60.00	 42.00	110.00
1358	 69.00	 69.00	 69.00
1359	219.00	109.00	146.00
1360	  0.00	146.00	 36.00
1361	128.00	237.00	128.00
1362	 73.00	109.00	  0.00
1363	 55.00	 75.00	 66.00
1364	 91.00	164.00	200.00
1365	237.00	116.00	  8.00
1366	109.00	109.00	182.00
1367	122.00	124.00	192.00
1368	  0.00	 51.00	 10.00
1369	146.00	182.00	109.00
1370	222.00	 54.00	107.00
1371	182.00	146.00	255.00
1372	200.00	 55.00	164.00
1373	255.00	146.00	109.00
1374	 91.00	128.00	237.00
1375	124.00	163.00	150.00
1376	183.00	181.00	142.00
1377	156.00	125.00	 91.00
1378	 65.00	 65.00	 77.00
1379	 36.00	109.00	146.00
1380	109.00	255.00	 73.00
1381	  0.00	182.00	182.00
1382	 76.00	 78.00	  4.00
1383	173.00	160.00	186.00
1384	 73.00	255.00	  0.00
1385	200.00	237.00	 18.00
1386	219.00	  0.00	182.00
1387	135.00	135.00	147.00
1388	200.00	164.00	128.00
1389	 48.00	 77.00	 88.00
1390	 36.00	 36.00	 36.00
1391	195.00	195.00	195.00
1392	  0.00	146.00	  0.00
1393	 48.00	 36.00	 36.00
1394	237.00	200.00	164.00
1395	255.00	182.00	  0.00
1396	255.00	228.00	247.00
1397	207.00	  1.00	181.00
1398	 96.00	 40.00	 95.00
1399	 18.00	 55.00	164.00
1400	135.00	135.00	135.00
1401	252.00	 30.00	116.00
1402	128.00	200.00	 91.00
1403	223.00	227.00	241.00
1404	  0.00	219.00	 73.00
1405	 65.00	 65.00	 65.00
1406	149.00	124.00	154.00
1407	165.00	165.00	165.00
1408	254.00	 74.00	109.00
1409	176.00	171.00	136.00
1410	  5.00	  3.00	218.00
1411	219.00	 36.00	 36.00
1412	 17.00	  2.00	 38.00
1413	231.00	252.00	195.00
1414	 90.00	113.00	  7.00
1415	 55.00	 67.00	 55.00
1416	212.00	239.00	235.00
1417	  1.00	  0.00	248.00
1418	 91.00	200.00	 91.00
1419	146.00	255.00	 73.00
1420	237.00	237.00	 18.00
1421	  5.00	188.00	194.00
1422	163.00	126.00	158.00
1423	105.00	105.00	105.00
1424	 55.00	164.00	164.00
1425	 91.00	 18.00	200.00
1426	 51.00	  6.00	 54.00
1427	 91.00	237.00	128.00
1428	 63.00	127.00	 77.00
1429	 91.00	128.00	200.00
1430	118.00	143.00	 86.00
1431	 29.00	 64.00	 29.00
1432	 54.00	 90.00	106.00
1433	182.00	 73.00	 73.00
1434	118.00	 83.00	148.00
1435	135.00	139.00	  7.00
1436	237.00	164.00	200.00
1437	212.00	247.00	187.00
1438	210.00	114.00	143.00
1439	163.00	183.00	193.00
1440	200.00	 91.00	128.00
1441	 88.00	100.00	206.00
1442	184.00	106.00	180.00
1443	  0.00	 36.00	 36.00
1444	152.00	179.00	206.00
1445	182.00	146.00	 36.00
1446	182.00	 36.00	146.00
1447	173.00	230.00	237.00
1448	109.00	 36.00	109.00
1449	 73.00	109.00	109.00
1450	156.00	182.00	225.00
1451	 73.00	255.00	219.00
1452	163.00	158.00	134.00
1453	164.00	167.00	170.00
1454	146.00	 73.00	255.00
1455	182.00	  0.00	109.00
1456	 89.00	 50.00	 81.00
1457	171.00	164.00	208.00
1458	237.00	 18.00	 91.00
1459	255.00	146.00	146.00
1460	255.00	 36.00	255.00
1461	 90.00	113.00	 97.00
1462	  4.00	 33.00	138.00
1463	178.00	 19.00	 15.00
1464	203.00	179.00	217.00
1465	 55.00	237.00	200.00
1466	 46.00	103.00	 83.00
1467	155.00	155.00	155.00
1468	190.00	255.00	213.00
1469	164.00	 18.00	164.00
1470	182.00	109.00	146.00
1471	 18.00	 55.00	237.00
1472	255.00	155.00	195.00
1473	 31.00	221.00	135.00
1474	 10.00	 10.00	 10.00
1475	  8.00	106.00	156.00
1476	 73.00	109.00	255.00
1477	190.00	215.00	161.00
1478	 55.00	128.00	128.00
1479	 87.00	 83.00	 72.00
1480	200.00	128.00	200.00
1481	188.00	140.00	166.00
1482	136.00	119.00	135.00
1483	124.00	105.00	 97.00
1484	175.00	 59.00	  1.00
1485	219.00	  0.00	 36.00
1486	113.00	 14.00	127.00
1487	 70.00	 70.00	 90.00
1488	 90.00	112.00	 79.00
1489	184.00	174.00	175.00
1490	255.00	182.00	146.00
1491	242.00	 75.00	 71.00
1492	202.00	239.00	209.00
1493	219.00	 73.00	  0.00
1494	 36.00	219.00	 36.00
1495	130.00	147.00	148.00
1496	 73.00	109.00	 36.00
1497	 55.00	 91.00	128.00
1498	109.00	219.00	219.00
1499	 36.00	182.00	 73.00
1500	182.00	 36.00	219.00
1501	219.00	109.00	 36.00
1502	 36.00	219.00	146.00
1503	 18.00	 91.00	237.00
1504	165.00	194.00	 97.00
1505	 36.00	109.00	109.00
1506	155.00	180.00	106.00
1507	196.00	184.00	184.00
1508	159.00	  0.00	 16.00
1509	146.00	 73.00	  0.00
1510	 73.00	219.00	146.00
1511	237.00	237.00	128.00
1512	  0.00	255.00	 36.00
1513	237.00	200.00	 18.00
1514	  7.00	 20.00	 48.00
1515	109.00	109.00	255.00
1516	 55.00	164.00	 91.00
1517	200.00	 55.00	 91.00
1518	 86.00	224.00	186.00
1519	219.00	109.00	109.00
1520	  0.00	219.00	 36.00
1521	182.00	109.00	109.00
1522	180.00	151.00	125.00
1523	 91.00	 55.00	 18.00
1524	219.00	182.00	  0.00
1525	250.00	198.00	131.00
1526	 99.00	129.00	153.00
1527	255.00	219.00	 36.00
1528	136.00	159.00	 89.00
1529	 91.00	109.00	 45.00
1530	237.00	164.00	237.00
1531	249.00	200.00	215.00
1532	137.00	 73.00	107.00
1533	 99.00	 87.00	 48.00
1534	245.00	245.00	245.00
1535	 18.00	237.00	128.00
1536	 91.00	237.00	 55.00
1537	255.00	182.00	 36.00
1538	 30.00	 45.00	 50.00
1539	136.00	201.00	190.00
1540	182.00	255.00	182.00
1541	 36.00	109.00	  0.00
1542	 49.00	204.00	  3.00
1543	 49.00	 32.00	  6.00
1544	182.00	131.00	183.00
1545	 91.00	 91.00	164.00
1546	 48.00	 60.00	 59.00
1547	255.00	  0.00	219.00
1548	200.00	 91.00	237.00
1549	181.00	194.00	236.00
1550	130.00	150.00	164.00
1551	255.00	109.00	219.00
1552	 36.00	182.00	146.00
1553	190.00	126.00	119.00
1554	208.00	208.00	208.00
1555	164.00	237.00	164.00
1556	114.00	119.00	151.00
1557	 53.00	170.00	  5.00
1558	153.00	202.00	146.00
1559	180.00	202.00	196.00
1560	253.00	 10.00	236.00
1561	255.00	 36.00	  0.00
1562	238.00	238.00	238.00
1563	  0.00	 36.00	146.00
1564	 70.00	 70.00	 70.00
1565	255.00	255.00	219.00
1566	 40.00	 78.00	 52.00
1567	194.00	179.00	141.00
1568	 76.00	238.00	147.00
1569	 85.00	 97.00	 85.00
1570	222.00	218.00	211.00
1571	112.00	 44.00	180.00
1572	166.00	217.00	 44.00
1573	 26.00	 51.00	 20.00
1574	199.00	 35.00	160.00
1575	255.00	 36.00	109.00
1576	182.00	 36.00	  0.00
1577	  2.00	183.00	249.00
1578	202.00	194.00	155.00
1579	228.00	228.00	228.00
1580	  0.00	  0.00	255.00
1581	219.00	109.00	182.00
1582	104.00	  0.00	 47.00
1583	119.00	127.00	254.00
1584	 18.00	 55.00	200.00
1585	146.00	146.00	  0.00
1586	164.00	128.00	 91.00
1587	 55.00	237.00	 91.00
1588	109.00	204.00	167.00
1589	136.00	 37.00	 42.00
1590	 85.00	135.00	155.00
1591	128.00	 91.00	 91.00
1592	 91.00	 91.00	200.00
1593	237.00	237.00	164.00
1594	161.00	236.00	216.00
1595	232.00	115.00	162.00
1596	 18.00	237.00	 55.00
1597	 36.00	109.00	219.00
1598	126.00	195.00	 18.00
1599	 18.00	 18.00	128.00
1600	219.00	 36.00	182.00
1601	207.00	141.00	186.00
1602	148.00	132.00	 58.00
1603	 36.00	255.00	219.00
1604	237.00	198.00	254.00
1605	 91.00	200.00	164.00
1606	 73.00	 73.00	  0.00
1607	182.00	219.00	  0.00
1608	188.00	242.00	186.00
1609	200.00	 91.00	164.00
1610	 82.00	233.00	 46.00
1611	146.00	255.00	219.00
1612	 61.00	 51.00	 13.00
1613	255.00	  0.00	109.00
1614	131.00	156.00	119.00
1615	246.00	184.00	219.00
1616	242.00	 52.00	176.00
1617	 73.00	  0.00	182.00
1618	182.00	219.00	 36.00
1619	 36.00	 36.00	182.00
1620	 20.00	 20.00	 20.00
1621	 61.00	 14.00	142.00
1622	 45.00	220.00	206.00
1623	 99.00	 36.00	254.00
1624	185.00	185.00	185.00
1625	 51.00	121.00	 94.00
1626	159.00	139.00	 99.00
1627	 80.00	 57.00	148.00
1628	109.00	 36.00	219.00
1629	161.00	 11.00	 41.00
1630	125.00	125.00	125.00
1631	  0.00	182.00	255.00
1632	  0.00	109.00	109.00
1633	  0.00	182.00	  0.00
1634	 86.00	 72.00	116.00
1635	 71.00	189.00	139.00
1636	146.00	182.00	 73.00
1637	 50.00	 95.00	185.00
1638	146.00	219.00	 36.00
1639	182.00	255.00	146.00
1640	215.00	 66.00	 27.00
1641	255.00	182.00	182.00
1642	109.00	109.00	 73.00
1643	  1.00	 54.00	254.00
1644	157.00	125.00	160.00
1645	174.00	 63.00	132.00
1646	200.00	200.00	164.00
1647	 40.00	 40.00	 40.00
1648	229.00	211.00	186.00
1649	 91.00	164.00	 18.00
1650	 18.00	164.00	 55.00
1651	164.00	164.00	 55.00
1652	 36.00	  0.00	219.00
1653	128.00	 18.00	 18.00
1654	103.00	248.00	  4.00
1655	  0.00	 73.00	 73.00
1656	146.00	 73.00	 36.00
1657	134.00	 88.00	240.00
1658	 98.00	103.00	159.00
1659	146.00	146.00	182.00
1660	219.00	  0.00	  0.00
1661	 91.00	128.00	 18.00
1662	 18.00	200.00	 18.00
1663	 95.00	 54.00	 41.00
1664	187.00	203.00	181.00
1665	101.00	207.00	225.00
1666	 98.00	 78.00	 84.00
1667	 73.00	 73.00	182.00
1668	128.00	200.00	200.00
1669	120.00	 63.00	130.00
1670	138.00	189.00	184.00
1671	109.00	146.00	 73.00
1672	203.00	198.00	138.00
1673	158.00	158.00	158.00
1674	163.00	233.00	115.00
1675	131.00	115.00	189.00
1676	194.00	206.00	194.00
1677	152.00	146.00	128.00
1678	255.00	146.00	 36.00
1679	109.00	255.00	182.00
1680	161.00	246.00	 44.00
1681	 16.00	 33.00	 44.00
1682	234.00	246.00	234.00
1683	146.00	182.00	  0.00
1684	 68.00	 69.00	 36.00
1685	218.00	 12.00	255.00
1686	164.00	 91.00	 55.00
1687	 36.00	  0.00	109.00
1688	128.00	 18.00	 55.00
1689	  0.00	 73.00	182.00
1690	  7.00	 33.00	 72.00
1691	226.00	 64.00	133.00
1692	146.00	 36.00	109.00
1693	 18.00	128.00	 18.00
1694	178.00	214.00	184.00
1695	 24.00	253.00	 27.00
1696	164.00	200.00	 91.00
1697	145.00	145.00	157.00
1698	226.00	122.00	114.00
1699	195.00	218.00	237.00
1700	 73.00	146.00	 36.00
1701	 24.00	 45.00	  3.00
1702	172.00	181.00	194.00
1703	 36.00	  0.00	 73.00
1704	 18.00	200.00	164.00
1705	197.00	  8.00	206.00
1706	222.00	172.00	203.00
1707	  3.00	160.00	166.00
1708	161.00	 93.00	143.00
1709	 76.00	123.00	 55.00
1710	197.00	161.00	237.00
1711	 55.00	 91.00	 91.00
1712	168.00	134.00	239.00
1713	146.00	109.00	109.00
1714	101.00	160.00	138.00
1715	154.00	205.00	205.00
1716	114.00	186.00	252.00
1717	109.00	 73.00	146.00
1718	 79.00	 64.00	 87.00
1719	144.00	176.00	220.00
1720	244.00	244.00	255.00
1721	237.00	237.00	200.00
1722	128.00	128.00	 18.00
1723	219.00	219.00	109.00
1724	174.00	186.00	174.00
1725	110.00	182.00	129.00
1726	250.00	 99.00	189.00
1727	109.00	 73.00	 36.00
1728	177.00	194.00	246.00
1729	 18.00	200.00	 91.00
1730	 73.00	109.00	146.00
1731	 91.00	 91.00	 91.00
1732	 61.00	 18.00	  1.00
1733	146.00	219.00	255.00
1734	200.00	128.00	 55.00
1735	154.00	166.00	154.00
1736	127.00	177.00	182.00
1737	172.00	168.00	 64.00
1738	146.00	 36.00	 73.00
1739	237.00	237.00	 91.00
1740	182.00	182.00	182.00
1741	  2.00	234.00	  0.00
1742	228.00	250.00	246.00
1743	164.00	 91.00	164.00
1744	101.00	 40.00	 76.00
1745	 73.00	109.00	 73.00
1746	211.00	223.00	151.00
1747	219.00	 73.00	182.00
1748	182.00	  0.00	 36.00
1749	251.00	 38.00	 53.00
1750	109.00	  0.00	 36.00
1751	130.00	158.00	190.00
1752	 91.00	200.00	128.00
1753	146.00	  0.00	 73.00
1754	244.00	249.00	220.00
1755	 36.00	 73.00	  0.00
1756	164.00	 55.00	237.00
1757	 91.00	237.00	164.00
1758	 91.00	237.00	200.00
1759	146.00	255.00	255.00
1760	 73.00	182.00	109.00
1761	 51.00	 36.00	  8.00
1762	164.00	237.00	 55.00
1763	 36.00	 36.00	109.00
1764	219.00	 73.00	146.00
1765	 35.00	155.00	 40.00
1766	226.00	214.00	214.00
1767	226.00	146.00	164.00
1768	 59.00	 92.00	105.00
1769	127.00	135.00	115.00
1770	225.00	 21.00	164.00
1771	146.00	 36.00	146.00
1772	182.00	146.00	146.00
1773	 65.00	 77.00	 65.00
1774	129.00	129.00	129.00
1775	219.00	  0.00	 73.00
1776	105.00	105.00	117.00
1777	107.00	134.00	102.00
1778	169.00	221.00	197.00
1779	147.00	 73.00	138.00
1780	255.00	109.00	 73.00
1781	164.00	 55.00	200.00
1782	128.00	 55.00	164.00
1783	219.00	146.00	255.00
1784	 55.00	200.00	200.00
1785	191.00	243.00	255.00
1786	 55.00	 55.00	164.00
1787	127.00	232.00	 30.00
1788	  0.00	219.00	109.00
1789	125.00	125.00	137.00
1790	  0.00	 36.00	109.00
1791	206.00	239.00	239.00
1792	128.00	237.00	200.00
1793	 55.00	 55.00	237.00
1794	 73.00	255.00	146.00
1795	164.00	237.00	128.00
1796	220.00	157.00	216.00
1797	 73.00	251.00	  9.00
1798	198.00	198.00	198.00
1799	255.00	 73.00	219.00
1800	109.00	 73.00	182.00
1801	107.00	 86.00	126.00
1802	219.00	 36.00	219.00
1803	115.00	127.00	115.00
1804	 73.00	 36.00	255.00
1805	  0.00	 73.00	146.00
1806	  0.00	255.00	109.00
1807	200.00	200.00	200.00
1808	  0.00	255.00	255.00
1809	255.00	255.00	  0.00
1810	255.00	  0.00	255.00
1811	180.00	255.00	255.00
1812	255.00	255.00	180.00
1813	255.00	180.00	255.00
1814	 50.00	 50.00	 50.00
1815	100.00	100.00	100.00
1816	150.00	150.00	150.00
1817	200.00	200.00	200.00
1818	  0.00	255.00	255.00
1819	255.00	255.00	  0.00
1820	255.00	  0.00	255.00
1821	180.00	255.00	255.00
1822	255.00	255.00	180.00
1823	255.00	180.00	255.00
1824	 50.00	 50.00	 50.00
1825	100.00	100.00	100.00
1826	150.00	150.00	150.00
1827	200.00	200.00	200.00
END_DATA
