NUMBER_OF_FIELDS 4
BEGIN_DATA_FORMAT
SampleID	RGB_R	RGB_G	RGB_B
END_DATA_FORMAT

NUMBER_OF_SETS	1914
BEGIN_DATA
1	140.00	116.00	  0.00
2	  2.00	114.00	 97.00
3	110.00	100.00	 57.00
4	 48.00	 48.00	  0.00
5	111.00	 57.00	 53.00
6	 55.00	  0.00	132.00
7	  3.00	189.00	  3.00
8	254.00	  8.00	107.00
9	128.00	164.00	200.00
10	187.00	168.00	206.00
11	159.00	118.00	124.00
12	125.00	 59.00	232.00
13	255.00	 36.00	146.00
14	145.00	142.00	103.00
15	219.00	 73.00	 36.00
16	237.00	 91.00	200.00
17	200.00	 18.00	 91.00
18	146.00	 73.00	219.00
19	 70.00	 84.00	 42.00
20	200.00	237.00	 18.00
21	128.00	128.00	237.00
22	 77.00	 65.00	 65.00
23	109.00	219.00	146.00
24	182.00	219.00	109.00
25	 58.00	 78.00	121.00
26	155.00	113.00	159.00
27	 66.00	169.00	197.00
28	255.00	 36.00	182.00
29	146.00	146.00	109.00
30	182.00	255.00	  0.00
31	146.00	182.00	109.00
32	 68.00	 99.00	118.00
33	126.00	108.00	104.00
34	 40.00	 25.00	 47.00
35	 73.00	255.00	219.00
36	154.00	166.00	154.00
37	121.00	102.00	 82.00
38	 36.00	219.00	109.00
39	194.00	233.00	 26.00
40	 55.00	 55.00	 55.00
41	255.00	  0.00	  0.00
42	145.00	 63.00	115.00
43	  0.00	146.00	146.00
44	 73.00	  0.00	109.00
45	 38.00	244.00	148.00
46	219.00	  0.00	 36.00
47	238.00	170.00	196.00
48	 55.00	164.00	200.00
49	 73.00	109.00	 73.00
50	208.00	188.00	174.00
51	 36.00	 36.00	255.00
52	111.00	 79.00	108.00
53	 36.00	109.00	 36.00
54	 55.00	200.00	200.00
55	 30.00	 30.00	 30.00
56	163.00	122.00	181.00
57	143.00	121.00	 72.00
58	230.00	230.00	230.00
59	189.00	207.00	208.00
60	 40.00	254.00	239.00
61	 73.00	  0.00	255.00
62	123.00	 33.00	210.00
63	237.00	128.00	164.00
64	175.00	107.00	116.00
65	135.00	117.00	101.00
66	248.00	141.00	151.00
67	125.00	 63.00	 76.00
68	200.00	164.00	164.00
69	146.00	 36.00	109.00
70	 36.00	219.00	182.00
71	196.00	192.00	165.00
72	 83.00	109.00	151.00
73	146.00	  0.00	146.00
74	 69.00	142.00	  2.00
75	 69.00	126.00	 24.00
76	219.00	255.00	182.00
77	 91.00	128.00	128.00
78	124.00	118.00	167.00
79	237.00	128.00	 91.00
80	123.00	 80.00	103.00
81	 31.00	 32.00	 90.00
82	 73.00	255.00	255.00
83	 36.00	  0.00	182.00
84	 73.00	182.00	 73.00
85	182.00	182.00	255.00
86	237.00	 24.00	 30.00
87	182.00	146.00	 36.00
88	 73.00	 34.00	 14.00
89	 80.00	 10.00	209.00
90	221.00	 48.00	132.00
91	219.00	255.00	 73.00
92	 36.00	146.00	182.00
93	255.00	 73.00	255.00
94	182.00	146.00	219.00
95	175.00	216.00	180.00
96	131.00	160.00	106.00
97	 73.00	146.00	109.00
98	164.00	 18.00	128.00
99	  0.00	219.00	109.00
100	200.00	133.00	191.00
101	128.00	138.00	185.00
102	255.00	255.00	109.00
103	219.00	182.00	 73.00
104	  0.00	 73.00	219.00
105	200.00	 18.00	128.00
106	  0.00	182.00	 73.00
107	 73.00	 36.00	146.00
108	 73.00	255.00	 36.00
109	247.00	109.00	 18.00
110	182.00	222.00	243.00
111	206.00	186.00	232.00
112	  5.00	  5.00	  5.00
113	146.00	219.00	 73.00
114	219.00	 36.00	255.00
115	 18.00	 18.00	 91.00
116	 68.00	136.00	 74.00
117	111.00	108.00	159.00
118	 55.00	 91.00	164.00
119	109.00	 73.00	 36.00
120	200.00	164.00	 91.00
121	206.00	145.00	223.00
122	237.00	237.00	237.00
123	 18.00	 55.00	128.00
124	255.00	187.00	160.00
125	109.00	109.00	  0.00
126	238.00	228.00	123.00
127	 73.00	 36.00	 36.00
128	 18.00	200.00	164.00
129	 91.00	164.00	 55.00
130	 91.00	237.00	200.00
131	182.00	 73.00	219.00
132	164.00	 55.00	237.00
133	131.00	  5.00	204.00
134	182.00	219.00	 36.00
135	 48.00	125.00	101.00
136	  3.00	104.00	165.00
137	255.00	219.00	219.00
138	109.00	182.00	255.00
139	219.00	 73.00	219.00
140	133.00	112.00	187.00
141	 86.00	 69.00	 30.00
142	  1.00	143.00	134.00
143	182.00	109.00	219.00
144	 62.00	123.00	 81.00
145	 91.00	153.00	 86.00
146	140.00	 99.00	159.00
147	100.00	113.00	119.00
148	  3.00	191.00	249.00
149	255.00	 36.00	  0.00
150	 65.00	 65.00	 77.00
151	200.00	200.00	200.00
152	109.00	182.00	182.00
153	171.00	170.00	170.00
154	252.00	 99.00	245.00
155	227.00	171.00	226.00
156	240.00	119.00	162.00
157	  0.00	  0.00	 73.00
158	 54.00	 25.00	  1.00
159	238.00	238.00	238.00
160	195.00	222.00	109.00
161	169.00	 98.00	102.00
162	146.00	182.00	219.00
163	222.00	216.00	237.00
164	253.00	205.00	182.00
165	176.00	147.00	122.00
166	105.00	 79.00	 47.00
167	101.00	209.00	252.00
168	 73.00	182.00	 36.00
169	109.00	219.00	109.00
170	188.00	188.00	188.00
171	227.00	173.00	250.00
172	 36.00	  0.00	 73.00
173	161.00	240.00	221.00
174	 78.00	121.00	138.00
175	128.00	128.00	 91.00
176	146.00	 73.00	 73.00
177	133.00	254.00	198.00
178	214.00	226.00	214.00
179	 81.00	 39.00	 64.00
180	109.00	 36.00	 36.00
181	159.00	123.00	 86.00
182	119.00	248.00	 34.00
183	 40.00	 40.00	 40.00
184	182.00	 36.00	  0.00
185	146.00	 36.00	219.00
186	219.00	  0.00	109.00
187	  0.00	239.00	124.00
188	157.00	142.00	117.00
189	146.00	109.00	 73.00
190	 31.00	 26.00	 15.00
191	 55.00	 91.00	 91.00
192	 47.00	 60.00	117.00
193	 38.00	 26.00	 26.00
194	  4.00	 37.00	 33.00
195	240.00	135.00	 97.00
196	 55.00	164.00	237.00
197	 67.00	 55.00	 80.00
198	 73.00	182.00	219.00
199	 27.00	131.00	 77.00
200	236.00	191.00	234.00
201	145.00	145.00	145.00
202	 55.00	200.00	 91.00
203	100.00	100.00	100.00
204	235.00	242.00	204.00
205	155.00	125.00	103.00
206	219.00	219.00	255.00
207	 55.00	128.00	128.00
208	111.00	 74.00	 73.00
209	248.00	248.00	248.00
210	125.00	137.00	125.00
211	 24.00	146.00	102.00
212	 55.00	 55.00	 55.00
213	255.00	182.00	219.00
214	 55.00	 18.00	 18.00
215	189.00	245.00	252.00
216	 56.00	 61.00	 39.00
217	173.00	250.00	178.00
218	 48.00	 36.00	 36.00
219	 54.00	111.00	 59.00
220	200.00	 55.00	128.00
221	 36.00	219.00	 73.00
222	111.00	187.00	155.00
223	111.00	181.00	133.00
224	 18.00	128.00	 91.00
225	219.00	182.00	146.00
226	255.00	109.00	109.00
227	 73.00	255.00	  0.00
228	186.00	  4.00	174.00
229	 17.00	159.00	226.00
230	168.00	173.00	154.00
231	  0.00	255.00	 73.00
232	 11.00	 67.00	 61.00
233	191.00	175.00	236.00
234	217.00	206.00	  1.00
235	  0.00	  0.00	  0.00
236	219.00	  0.00	 73.00
237	255.00	  0.00	 73.00
238	 62.00	105.00	 80.00
239	 26.00	 26.00	 38.00
240	 67.00	 55.00	 55.00
241	  0.00	 36.00	 73.00
242	149.00	199.00	200.00
243	237.00	 55.00	 55.00
244	 73.00	146.00	146.00
245	173.00	198.00	131.00
246	146.00	255.00	219.00
247	100.00	198.00	102.00
248	 18.00	 91.00	 55.00
249	244.00	244.00	255.00
250	109.00	109.00	219.00
251	 36.00	218.00	 36.00
252	255.00	255.00	255.00
253	 97.00	 85.00	 85.00
254	140.00	140.00	140.00
255	 80.00	 40.00	 77.00
256	 41.00	 60.00	 79.00
257	 91.00	 18.00	237.00
258	 36.00	182.00	219.00
259	  0.00	109.00	255.00
260	128.00	200.00	164.00
261	 21.00	 45.00	 56.00
262	237.00	 18.00	 18.00
263	  6.00	  6.00	 18.00
264	144.00	134.00	120.00
265	121.00	126.00	 18.00
266	 95.00	 98.00	218.00
267	 91.00	200.00	128.00
268	146.00	  0.00	219.00
269	 73.00	209.00	213.00
270	200.00	200.00	164.00
271	 98.00	133.00	 68.00
272	255.00	146.00	146.00
273	255.00	255.00	  0.00
274	 80.00	 36.00	124.00
275	174.00	174.00	186.00
276	216.00	204.00	204.00
277	106.00	169.00	154.00
278	199.00	 69.00	160.00
279	128.00	164.00	 91.00
280	254.00	 32.00	 97.00
281	  0.00	  0.00	109.00
282	 73.00	219.00	146.00
283	143.00	105.00	 79.00
284	  0.00	182.00	219.00
285	211.00	255.00	 13.00
286	237.00	 91.00	 91.00
287	 73.00	 36.00	219.00
288	227.00	240.00	  1.00
289	194.00	195.00	226.00
290	 26.00	 38.00	 26.00
291	119.00	164.00	213.00
292	234.00	248.00	188.00
293	120.00	120.00	120.00
294	  0.00	 73.00	255.00
295	200.00	200.00	 55.00
296	157.00	 93.00	102.00
297	 28.00	149.00	  3.00
298	227.00	 54.00	238.00
299	255.00	219.00	146.00
300	  0.00	  0.00	182.00
301	117.00	190.00	184.00
302	128.00	237.00	200.00
303	 75.00	103.00	 61.00
304	 73.00	219.00	182.00
305	 73.00	182.00	109.00
306	128.00	 18.00	237.00
307	184.00	 48.00	164.00
308	129.00	 86.00	141.00
309	 23.00	 86.00	 61.00
310	  0.00	 55.00	 51.00
311	190.00	124.00	182.00
312	156.00	197.00	126.00
313	 55.00	 18.00	128.00
314	215.00	156.00	199.00
315	219.00	182.00	255.00
316	135.00	 16.00	 65.00
317	  5.00	  5.00	 89.00
318	200.00	 55.00	 91.00
319	201.00	 98.00	178.00
320	255.00	 73.00	  0.00
321	 28.00	 16.00	 16.00
322	 35.00	 83.00	249.00
323	109.00	219.00	  0.00
324	168.00	231.00	155.00
325	182.00	182.00	146.00
326	255.00	146.00	219.00
327	 36.00	 36.00	146.00
328	167.00	210.00	143.00
329	219.00	109.00	182.00
330	126.00	175.00	175.00
331	255.00	 73.00	109.00
332	182.00	 73.00	255.00
333	 95.00	 58.00	118.00
334	 30.00	  3.00	 68.00
335	 87.00	 61.00	 33.00
336	164.00	 91.00	200.00
337	 36.00	 73.00	109.00
338	 55.00	128.00	 18.00
339	249.00	 39.00	 46.00
340	188.00	123.00	168.00
341	200.00	 91.00	164.00
342	162.00	 11.00	223.00
343	128.00	128.00	200.00
344	219.00	146.00	 36.00
345	200.00	128.00	128.00
346	160.00	206.00	159.00
347	 73.00	219.00	 73.00
348	 36.00	 36.00	  0.00
349	 73.00	 73.00	 36.00
350	182.00	146.00	109.00
351	  3.00	 74.00	144.00
352	 47.00	 18.00	 30.00
353	128.00	169.00	151.00
354	175.00	101.00	  5.00
355	237.00	 91.00	 18.00
356	245.00	255.00	105.00
357	  8.00	 43.00	 49.00
358	 31.00	 51.00	 63.00
359	 55.00	 55.00	128.00
360	133.00	 44.00	151.00
361	 55.00	128.00	164.00
362	254.00	144.00	 70.00
363	 95.00	 95.00	107.00
364	 32.00	238.00	118.00
365	249.00	 41.00	211.00
366	180.00	183.00	200.00
367	204.00	205.00	164.00
368	  0.00	 36.00	 36.00
369	146.00	 73.00	109.00
370	219.00	146.00	219.00
371	 55.00	 18.00	237.00
372	164.00	164.00	176.00
373	179.00	149.00	198.00
374	 18.00	164.00	200.00
375	200.00	 91.00	 91.00
376	154.00	229.00	194.00
377	  0.00	 36.00	255.00
378	253.00	136.00	 38.00
379	 64.00	203.00	 79.00
380	164.00	237.00	164.00
381	  5.00	 32.00	202.00
382	 73.00	 73.00	  0.00
383	219.00	219.00	182.00
384	 18.00	 18.00	 18.00
385	220.00	196.00	219.00
386	109.00	146.00	182.00
387	204.00	197.00	201.00
388	 90.00	119.00	200.00
389	146.00	146.00	255.00
390	182.00	199.00	144.00
391	219.00	 36.00	109.00
392	237.00	 18.00	200.00
393	 75.00	 87.00	 75.00
394	 73.00	146.00	182.00
395	 73.00	255.00	 73.00
396	 20.00	 20.00	 20.00
397	 70.00	107.00	133.00
398	101.00	142.00	181.00
399	 31.00	 59.00	  0.00
400	101.00	136.00	114.00
401	234.00	246.00	234.00
402	138.00	161.00	160.00
403	118.00	165.00	147.00
404	219.00	146.00	109.00
405	130.00	189.00	119.00
406	109.00	146.00	219.00
407	237.00	 18.00	 55.00
408	175.00	 53.00	 30.00
409	 93.00	 58.00	 31.00
410	173.00	245.00	200.00
411	237.00	164.00	164.00
412	173.00	109.00	129.00
413	244.00	  0.00	 32.00
414	164.00	 55.00	200.00
415	186.00	225.00	160.00
416	215.00	155.00	219.00
417	109.00	  0.00	109.00
418	 91.00	 18.00	 18.00
419	182.00	 36.00	 73.00
420	  3.00	 55.00	219.00
421	 13.00	216.00	104.00
422	  0.00	219.00	  0.00
423	219.00	109.00	  0.00
424	234.00	234.00	246.00
425	146.00	 73.00	146.00
426	234.00	207.00	242.00
427	139.00	134.00	 92.00
428	141.00	151.00	153.00
429	124.00	 64.00	 92.00
430	182.00	219.00	182.00
431	109.00	219.00	 36.00
432	174.00	  9.00	105.00
433	128.00	237.00	 91.00
434	213.00	203.00	149.00
435	 66.00	 40.00	157.00
436	203.00	182.00	138.00
437	154.00	220.00	184.00
438	179.00	113.00	 42.00
439	109.00	 73.00	182.00
440	 39.00	 37.00	 38.00
441	 46.00	 58.00	 46.00
442	219.00	146.00	146.00
443	130.00	118.00	116.00
444	 31.00	233.00	176.00
445	182.00	 36.00	109.00
446	135.00	135.00	147.00
447	228.00	228.00	228.00
448	141.00	193.00	154.00
449	224.00	224.00	236.00
450	164.00	 55.00	 91.00
451	146.00	  0.00	 36.00
452	184.00	227.00	205.00
453	 76.00	 26.00	 87.00
454	157.00	202.00	 39.00
455	207.00	190.00	158.00
456	 55.00	128.00	237.00
457	136.00	215.00	  2.00
458	  0.00	146.00	182.00
459	128.00	 18.00	 91.00
460	255.00	109.00	146.00
461	 10.00	177.00	149.00
462	  8.00	104.00	240.00
463	146.00	  0.00	255.00
464	219.00	219.00	 73.00
465	128.00	164.00	128.00
466	202.00	165.00	236.00
467	 72.00	 44.00	 58.00
468	105.00	253.00	199.00
469	 91.00	164.00	200.00
470	237.00	 55.00	 18.00
471	100.00	254.00	123.00
472	250.00	 37.00	156.00
473	255.00	  0.00	182.00
474	 42.00	 83.00	 22.00
475	128.00	200.00	237.00
476	182.00	  0.00	182.00
477	182.00	 73.00	 36.00
478	164.00	 91.00	 91.00
479	 91.00	 91.00	164.00
480	150.00	198.00	158.00
481	158.00	 71.00	 40.00
482	187.00	 66.00	235.00
483	200.00	 18.00	 55.00
484	128.00	 18.00	164.00
485	 37.00	228.00	 86.00
486	186.00	  1.00	218.00
487	 43.00	195.00	 92.00
488	  4.00	106.00	140.00
489	  9.00	240.00	 74.00
490	110.00	180.00	108.00
491	109.00	182.00	 36.00
492	195.00	113.00	 20.00
493	 20.00	 20.00	 20.00
494	164.00	 91.00	 55.00
495	219.00	 36.00	146.00
496	182.00	 73.00	146.00
497	 58.00	 46.00	 23.00
498	203.00	207.00	215.00
499	 36.00	146.00	 36.00
500	 15.00	 15.00	 15.00
501	 36.00	182.00	255.00
502	255.00	219.00	255.00
503	 71.00	 21.00	 71.00
504	187.00	113.00	175.00
505	105.00	105.00	117.00
506	 73.00	255.00	109.00
507	233.00	210.00	227.00
508	188.00	180.00	 41.00
509	 36.00	  0.00	219.00
510	200.00	164.00	128.00
511	 91.00	237.00	237.00
512	245.00	 58.00	 19.00
513	146.00	  0.00	 73.00
514	109.00	  0.00	  0.00
515	 83.00	 85.00	149.00
516	 18.00	 55.00	200.00
517	237.00	237.00	164.00
518	200.00	128.00	 18.00
519	 36.00	146.00	109.00
520	  0.00	182.00	255.00
521	 36.00	182.00	  0.00
522	188.00	146.00	248.00
523	126.00	179.00	158.00
524	144.00	157.00	183.00
525	246.00	234.00	234.00
526	240.00	240.00	240.00
527	102.00	 42.00	 40.00
528	 69.00	 30.00	 23.00
529	250.00	250.00	250.00
530	 81.00	 47.00	 25.00
531	 72.00	 71.00	157.00
532	241.00	 84.00	 59.00
533	219.00	255.00	  0.00
534	 55.00	128.00	200.00
535	 19.00	 52.00	 36.00
536	 40.00	 40.00	 40.00
537	164.00	164.00	 18.00
538	219.00	 36.00	219.00
539	237.00	200.00	 91.00
540	212.00	176.00	149.00
541	182.00	 73.00	109.00
542	  9.00	133.00	 60.00
543	 55.00	200.00	164.00
544	146.00	255.00	109.00
545	202.00	 14.00	132.00
546	130.00	130.00	130.00
547	145.00	184.00	138.00
548	143.00	178.00	 56.00
549	200.00	 91.00	128.00
550	255.00	 36.00	 73.00
551	 48.00	 28.00	 22.00
552	 73.00	  0.00	 73.00
553	 98.00	134.00	116.00
554	168.00	 86.00	230.00
555	 36.00	  0.00	109.00
556	 89.00	 93.00	 65.00
557	210.00	210.00	210.00
558	128.00	237.00	 55.00
559	 85.00	 85.00	 85.00
560	222.00	151.00	108.00
561	109.00	255.00	109.00
562	 64.00	149.00	 41.00
563	159.00	209.00	212.00
564	 92.00	119.00	165.00
565	 16.00	 16.00	 28.00
566	200.00	 55.00	200.00
567	164.00	128.00	 55.00
568	 55.00	200.00	 55.00
569	210.00	173.00	245.00
570	 36.00	  4.00	 70.00
571	  0.00	 73.00	 36.00
572	200.00	 18.00	237.00
573	237.00	 18.00	164.00
574	121.00	148.00	 78.00
575	 70.00	128.00	104.00
576	 83.00	 37.00	 43.00
577	 36.00	 73.00	255.00
578	  0.00	 36.00	109.00
579	 36.00	255.00	  0.00
580	153.00	 98.00	146.00
581	 36.00	219.00	255.00
582	255.00	219.00	 73.00
583	109.00	146.00	 73.00
584	180.00	180.00	180.00
585	214.00	254.00	 78.00
586	128.00	 55.00	237.00
587	255.00	 73.00	182.00
588	101.00	 72.00	 91.00
589	164.00	 55.00	 18.00
590	127.00	115.00	115.00
591	133.00	197.00	173.00
592	146.00	109.00	255.00
593	 69.00	 69.00	 69.00
594	 10.00	 76.00	 39.00
595	 18.00	 91.00	164.00
596	212.00	169.00	192.00
597	 97.00	 97.00	 94.00
598	216.00	251.00	229.00
599	 94.00	139.00	226.00
600	237.00	 55.00	 91.00
601	 81.00	246.00	209.00
602	146.00	 36.00	  0.00
603	236.00	235.00	246.00
604	216.00	 68.00	215.00
605	209.00	198.00	241.00
606	146.00	163.00	 90.00
607	142.00	 98.00	236.00
608	255.00	219.00	  0.00
609	237.00	128.00	200.00
610	128.00	128.00	 55.00
611	 19.00	 11.00	252.00
612	157.00	173.00	167.00
613	128.00	128.00	164.00
614	 30.00	 18.00	 55.00
615	109.00	109.00	146.00
616	  0.00	255.00	146.00
617	 73.00	 36.00	109.00
618	164.00	 18.00	 55.00
619	252.00	 81.00	207.00
620	164.00	 18.00	 91.00
621	 73.00	 36.00	255.00
622	129.00	 57.00	 29.00
623	 77.00	 95.00	110.00
624	137.00	 75.00	143.00
625	 18.00	164.00	 91.00
626	 91.00	 91.00	237.00
627	152.00	 86.00	104.00
628	 73.00	  0.00	219.00
629	  6.00	134.00	  6.00
630	219.00	183.00	202.00
631	  0.00	109.00	182.00
632	  0.00	146.00	  0.00
633	  4.00	198.00	  0.00
634	 36.00	109.00	219.00
635	128.00	 55.00	164.00
636	237.00	 91.00	237.00
637	 10.00	175.00	106.00
638	200.00	128.00	 55.00
639	 18.00	 55.00	 91.00
640	185.00	184.00	 81.00
641	  0.00	219.00	 73.00
642	115.00	 65.00	 52.00
643	182.00	182.00	 36.00
644	143.00	153.00	210.00
645	217.00	 27.00	149.00
646	 35.00	170.00	157.00
647	151.00	118.00	146.00
648	 94.00	105.00	 45.00
649	  3.00	126.00	102.00
650	254.00	253.00	249.00
651	182.00	  0.00	 36.00
652	 55.00	164.00	128.00
653	210.00	154.00	183.00
654	 66.00	250.00	238.00
655	 58.00	 90.00	 26.00
656	 55.00	 18.00	 91.00
657	109.00	  0.00	 73.00
658	 85.00	  2.00	175.00
659	255.00	 73.00	 73.00
660	156.00	 81.00	 12.00
661	207.00	141.00	206.00
662	 51.00	 24.00	234.00
663	200.00	164.00	237.00
664	226.00	214.00	214.00
665	204.00	216.00	204.00
666	105.00	117.00	105.00
667	135.00	147.00	135.00
668	164.00	164.00	 91.00
669	107.00	112.00	104.00
670	219.00	 73.00	182.00
671	200.00	 91.00	 55.00
672	 18.00	 18.00	 55.00
673	182.00	 36.00	182.00
674	 49.00	 76.00	 43.00
675	  2.00	 50.00	 83.00
676	109.00	 73.00	 73.00
677	142.00	146.00	 17.00
678	171.00	223.00	  1.00
679	226.00	 21.00	175.00
680	 72.00	 53.00	112.00
681	 36.00	146.00	146.00
682	166.00	134.00	180.00
683	 35.00	 35.00	 35.00
684	200.00	237.00	 91.00
685	 52.00	120.00	 51.00
686	127.00	115.00	162.00
687	 36.00	 73.00	 73.00
688	178.00	178.00	178.00
689	237.00	200.00	200.00
690	 92.00	  0.00	  7.00
691	198.00	188.00	209.00
692	186.00	 67.00	 11.00
693	 36.00	 40.00	199.00
694	 36.00	 36.00	182.00
695	  6.00	161.00	 86.00
696	 73.00	 36.00	 73.00
697	  0.00	  0.00	  8.00
698	 87.00	 75.00	 75.00
699	159.00	133.00	 94.00
700	164.00	200.00	164.00
701	 61.00	 30.00	 44.00
702	255.00	146.00	 73.00
703	 55.00	128.00	 55.00
704	237.00	200.00	 18.00
705	182.00	 73.00	182.00
706	109.00	146.00	 36.00
707	146.00	 73.00	255.00
708	182.00	  0.00	219.00
709	219.00	109.00	219.00
710	146.00	146.00	  0.00
711	 55.00	 18.00	164.00
712	164.00	200.00	128.00
713	200.00	200.00	237.00
714	107.00	 62.00	104.00
715	179.00	208.00	220.00
716	 89.00	 89.00	 89.00
717	157.00	145.00	145.00
718	219.00	 36.00	 73.00
719	182.00	146.00	  0.00
720	  0.00	109.00	109.00
721	 50.00	 50.00	 50.00
722	 73.00	  0.00	  0.00
723	 73.00	 73.00	146.00
724	  7.00	 69.00	118.00
725	146.00	255.00	146.00
726	128.00	164.00	237.00
727	109.00	 73.00	146.00
728	 55.00	 91.00	 55.00
729	174.00	234.00	116.00
730	 36.00	146.00	  0.00
731	109.00	146.00	  0.00
732	190.00	179.00	117.00
733	250.00	208.00	234.00
734	 71.00	192.00	 23.00
735	237.00	237.00	 18.00
736	119.00	119.00	119.00
737	139.00	171.00	120.00
738	 18.00	 18.00	237.00
739	201.00	236.00	220.00
740	182.00	219.00	146.00
741	109.00	 73.00	  0.00
742	 91.00	200.00	 55.00
743	 73.00	146.00	  0.00
744	215.00	215.00	215.00
745	 55.00	164.00	 18.00
746	 64.00	249.00	 82.00
747	198.00	140.00	124.00
748	  0.00	182.00	182.00
749	219.00	182.00	219.00
750	 18.00	  6.00	  6.00
751	205.00	 72.00	 93.00
752	  6.00	 18.00	  6.00
753	250.00	100.00	139.00
754	253.00	183.00	115.00
755	164.00	200.00	 55.00
756	 54.00	229.00	134.00
757	 91.00	164.00	128.00
758	147.00	135.00	135.00
759	 85.00	 99.00	 35.00
760	 66.00	 81.00	 68.00
761	  2.00	172.00	208.00
762	215.00	113.00	245.00
763	 36.00	 36.00	219.00
764	220.00	220.00	220.00
765	 18.00	128.00	 18.00
766	148.00	153.00	162.00
767	 58.00	 46.00	 46.00
768	 65.00	 77.00	 65.00
769	  0.00	  0.00	 36.00
770	 91.00	 55.00	200.00
771	  0.00	 73.00	109.00
772	 36.00	109.00	255.00
773	219.00	 73.00	146.00
774	 55.00	237.00	 18.00
775	 36.00	182.00	 36.00
776	237.00	237.00	200.00
777	 75.00	 75.00	 87.00
778	128.00	 55.00	 55.00
779	 44.00	 51.00	 92.00
780	 60.00	 57.00	117.00
781	164.00	 18.00	164.00
782	185.00	203.00	142.00
783	217.00	184.00	 54.00
784	 55.00	 55.00	164.00
785	164.00	237.00	237.00
786	 16.00	 28.00	 16.00
787	132.00	193.00	218.00
788	111.00	 40.00	 33.00
789	 18.00	164.00	164.00
790	145.00	139.00	209.00
791	175.00	231.00	187.00
792	128.00	164.00	 18.00
793	200.00	 55.00	 55.00
794	 73.00	146.00	 36.00
795	 10.00	177.00	 22.00
796	255.00	146.00	109.00
797	 91.00	 91.00	128.00
798	 91.00	237.00	164.00
799	168.00	229.00	141.00
800	182.00	182.00	182.00
801	178.00	159.00	221.00
802	 69.00	171.00	245.00
803	122.00	119.00	149.00
804	 79.00	 79.00	 79.00
805	 91.00	164.00	237.00
806	  0.00	146.00	219.00
807	 34.00	  9.00	159.00
808	 12.00	250.00	200.00
809	 91.00	200.00	 91.00
810	219.00	182.00	109.00
811	 91.00	128.00	200.00
812	 91.00	200.00	200.00
813	167.00	222.00	212.00
814	146.00	 73.00	 36.00
815	 95.00	249.00	 15.00
816	141.00	 12.00	238.00
817	172.00	172.00	214.00
818	187.00	194.00	200.00
819	 18.00	237.00	164.00
820	 80.00	 80.00	 80.00
821	255.00	 73.00	146.00
822	121.00	168.00	110.00
823	219.00	  0.00	255.00
824	134.00	 79.00	 89.00
825	127.00	230.00	116.00
826	200.00	128.00	200.00
827	171.00	 58.00	 70.00
828	147.00	124.00	110.00
829	109.00	 36.00	109.00
830	151.00	 18.00	  9.00
831	 95.00	107.00	 95.00
832	194.00	210.00	 86.00
833	 36.00	 36.00	 73.00
834	125.00	205.00	241.00
835	  0.00	109.00	219.00
836	177.00	235.00	172.00
837	134.00	 86.00	 37.00
838	 36.00	109.00	146.00
839	219.00	255.00	109.00
840	237.00	164.00	 91.00
841	 36.00	  0.00	 36.00
842	219.00	255.00	219.00
843	 95.00	 35.00	 71.00
844	255.00	 73.00	219.00
845	109.00	219.00	182.00
846	 18.00	 18.00	164.00
847	255.00	182.00	 36.00
848	125.00	140.00	 90.00
849	 55.00	 91.00	237.00
850	149.00	198.00	136.00
851	109.00	 36.00	219.00
852	 55.00	 55.00	 67.00
853	 90.00	 90.00	 90.00
854	252.00	199.00	 20.00
855	237.00	226.00	237.00
856	109.00	109.00	 36.00
857	  0.00	109.00	  0.00
858	134.00	138.00	192.00
859	200.00	164.00	200.00
860	232.00	255.00	182.00
861	194.00	246.00	255.00
862	 50.00	 50.00	232.00
863	 88.00	 87.00	132.00
864	 57.00	201.00	244.00
865	237.00	 91.00	 55.00
866	 18.00	164.00	 18.00
867	145.00	145.00	157.00
868	 91.00	237.00	 18.00
869	177.00	115.00	182.00
870	 55.00	 91.00	128.00
871	237.00	164.00	200.00
872	 73.00	109.00	  0.00
873	198.00	198.00	198.00
874	219.00	255.00	146.00
875	 91.00	 55.00	 18.00
876	 91.00	 91.00	 55.00
877	253.00	211.00	 82.00
878	167.00	209.00	197.00
879	 73.00	  0.00	146.00
880	 55.00	164.00	164.00
881	243.00	 56.00	172.00
882	128.00	132.00	 67.00
883	 73.00	 73.00	109.00
884	229.00	239.00	227.00
885	137.00	153.00	 98.00
886	100.00	146.00	150.00
887	 95.00	251.00	160.00
888	109.00	182.00	109.00
889	 18.00	200.00	128.00
890	146.00	182.00	  0.00
891	151.00	210.00	148.00
892	182.00	 36.00	219.00
893	 18.00	237.00	 18.00
894	  1.00	243.00	 19.00
895	 53.00	128.00	221.00
896	 99.00	 88.00	 74.00
897	 73.00	  0.00	182.00
898	235.00	235.00	235.00
899	 52.00	  1.00	202.00
900	191.00	130.00	145.00
901	113.00	 45.00	 57.00
902	 91.00	 55.00	 55.00
903	205.00	188.00	107.00
904	128.00	 91.00	128.00
905	 25.00	 25.00	 25.00
906	 73.00	109.00	109.00
907	237.00	200.00	128.00
908	  0.00	146.00	 73.00
909	  3.00	100.00	112.00
910	 73.00	 73.00	255.00
911	  0.00	255.00	255.00
912	 80.00	 36.00	 17.00
913	217.00	202.00	175.00
914	182.00	182.00	  0.00
915	255.00	  0.00	146.00
916	164.00	128.00	 18.00
917	166.00	151.00	180.00
918	 39.00	201.00	175.00
919	219.00	 73.00	255.00
920	161.00	103.00	155.00
921	190.00	 40.00	226.00
922	164.00	237.00	200.00
923	182.00	109.00	 73.00
924	 73.00	  0.00	 36.00
925	 38.00	 54.00	 69.00
926	200.00	200.00	128.00
927	197.00	  5.00	 83.00
928	255.00	193.00	197.00
929	128.00	 18.00	 55.00
930	 79.00	183.00	143.00
931	164.00	 91.00	164.00
932	 36.00	146.00	219.00
933	255.00	180.00	255.00
934	 50.00	 50.00	 50.00
935	100.00	100.00	100.00
936	150.00	150.00	150.00
937	200.00	200.00	200.00
938	  0.00	255.00	255.00
939	255.00	255.00	  0.00
940	255.00	  0.00	255.00
941	180.00	255.00	255.00
942	255.00	255.00	180.00
943	255.00	180.00	255.00
944	 50.00	 50.00	 50.00
945	100.00	100.00	100.00
946	150.00	150.00	150.00
947	200.00	200.00	200.00
948	  0.00	255.00	255.00
949	255.00	255.00	  0.00
950	255.00	  0.00	255.00
951	180.00	255.00	255.00
952	255.00	255.00	180.00
953	255.00	180.00	255.00
954	 50.00	 50.00	 50.00
955	100.00	100.00	100.00
956	150.00	150.00	150.00
957	200.00	200.00	200.00
958	255.00	 73.00	 36.00
959	109.00	255.00	146.00
960	153.00	182.00	255.00
961	150.00	150.00	150.00
962	 91.00	 91.00	200.00
963	 17.00	 49.00	130.00
964	 55.00	 18.00	200.00
965	226.00	 21.00	238.00
966	188.00	170.00	137.00
967	200.00	237.00	128.00
968	204.00	204.00	216.00
969	 55.00	 55.00	237.00
970	205.00	205.00	205.00
971	207.00	213.00	186.00
972	163.00	128.00	173.00
973	237.00	164.00	237.00
974	108.00	 63.00	253.00
975	255.00	146.00	 36.00
976	 51.00	109.00	105.00
977	186.00	 12.00	  1.00
978	214.00	208.00	119.00
979	182.00	182.00	 73.00
980	  0.00	 65.00	190.00
981	200.00	 91.00	200.00
982	128.00	237.00	164.00
983	186.00	174.00	174.00
984	182.00	109.00	  0.00
985	  0.00	  0.00	146.00
986	241.00	197.00	184.00
987	182.00	 36.00	146.00
988	 50.00	135.00	153.00
989	 78.00	 70.00	135.00
990	 99.00	 74.00	112.00
991	128.00	 55.00	128.00
992	128.00	 18.00	200.00
993	193.00	190.00	224.00
994	108.00	252.00	250.00
995	164.00	 55.00	164.00
996	 73.00	 73.00	182.00
997	 18.00	164.00	 55.00
998	158.00	105.00	 85.00
999	 36.00	182.00	146.00
1000	109.00	 36.00	146.00
1001	109.00	146.00	255.00
1002	208.00	208.00	208.00
1003	237.00	 55.00	200.00
1004	 55.00	237.00	200.00
1005	189.00	175.00	 12.00
1006	 41.00	 56.00	 29.00
1007	123.00	 39.00	 11.00
1008	110.00	148.00	133.00
1009	 91.00	128.00	164.00
1010	219.00	 73.00	  0.00
1011	146.00	255.00	 73.00
1012	255.00	182.00	146.00
1013	109.00	182.00	146.00
1014	 91.00	 55.00	 91.00
1015	128.00	237.00	 18.00
1016	 18.00	 91.00	237.00
1017	132.00	 86.00	106.00
1018	 36.00	219.00	146.00
1019	202.00	163.00	169.00
1020	 73.00	142.00	 96.00
1021	 36.00	 36.00	109.00
1022	109.00	194.00	 78.00
1023	  4.00	189.00	187.00
1024	128.00	249.00	136.00
1025	 26.00	127.00	157.00
1026	237.00	200.00	237.00
1027	187.00	252.00	 73.00
1028	 76.00	 77.00	125.00
1029	 99.00	 91.00	115.00
1030	164.00	 55.00	128.00
1031	 43.00	141.00	179.00
1032	200.00	 55.00	 18.00
1033	255.00	109.00	255.00
1034	149.00	149.00	149.00
1035	182.00	219.00	  0.00
1036	219.00	146.00	 73.00
1037	 73.00	109.00	255.00
1038	224.00	222.00	180.00
1039	236.00	232.00	170.00
1040	111.00	161.00	187.00
1041	 83.00	143.00	 79.00
1042	200.00	164.00	 55.00
1043	255.00	182.00	  0.00
1044	112.00	219.00	 29.00
1045	 26.00	 78.00	 18.00
1046	  0.00	146.00	255.00
1047	 36.00	255.00	255.00
1048	135.00	120.00	174.00
1049	108.00	132.00	132.00
1050	164.00	128.00	237.00
1051	124.00	238.00	236.00
1052	 36.00	 73.00	 36.00
1053	 62.00	 46.00	103.00
1054	  7.00	136.00	 34.00
1055	184.00	184.00	196.00
1056	181.00	194.00	183.00
1057	249.00	182.00	241.00
1058	173.00	119.00	153.00
1059	 75.00	228.00	249.00
1060	101.00	 99.00	 10.00
1061	182.00	146.00	182.00
1062	164.00	128.00	 91.00
1063	 73.00	182.00	255.00
1064	210.00	133.00	178.00
1065	124.00	  2.00	254.00
1066	 52.00	118.00	173.00
1067	  8.00	  0.00	  0.00
1068	200.00	200.00	200.00
1069	128.00	164.00	164.00
1070	182.00	  0.00	255.00
1071	 91.00	 18.00	128.00
1072	128.00	 91.00	 18.00
1073	115.00	164.00	 50.00
1074	249.00	228.00	245.00
1075	 73.00	 36.00	182.00
1076	255.00	146.00	255.00
1077	128.00	 55.00	200.00
1078	252.00	253.00	191.00
1079	 80.00	116.00	 88.00
1080	219.00	146.00	  0.00
1081	182.00	 73.00	 73.00
1082	 73.00	219.00	  0.00
1083	152.00	 58.00	175.00
1084	146.00	146.00	219.00
1085	128.00	237.00	237.00
1086	120.00	115.00	 61.00
1087	219.00	109.00	109.00
1088	200.00	237.00	200.00
1089	146.00	219.00	146.00
1090	246.00	174.00	 10.00
1091	109.00	255.00	 36.00
1092	 55.00	200.00	237.00
1093	128.00	 18.00	128.00
1094	 79.00	 83.00	 29.00
1095	182.00	109.00	182.00
1096	182.00	219.00	255.00
1097	168.00	168.00	168.00
1098	214.00	132.00	205.00
1099	255.00	255.00	 73.00
1100	 91.00	 18.00	164.00
1101	164.00	176.00	164.00
1102	 36.00	 36.00	 36.00
1103	 99.00	 99.00	 99.00
1104	  0.00	109.00	 36.00
1105	134.00	102.00	 95.00
1106	 91.00	164.00	164.00
1107	 55.00	 67.00	 55.00
1108	117.00	126.00	115.00
1109	182.00	255.00	146.00
1110	  0.00	109.00	146.00
1111	180.00	134.00	204.00
1112	 34.00	 73.00	 31.00
1113	 51.00	184.00	226.00
1114	 38.00	 98.00	137.00
1115	 91.00	200.00	164.00
1116	 23.00	194.00	206.00
1117	 55.00	164.00	 91.00
1118	  0.00	255.00	 36.00
1119	245.00	255.00	151.00
1120	182.00	 73.00	  0.00
1121	240.00	189.00	230.00
1122	 85.00	 97.00	 85.00
1123	 49.00	 24.00	181.00
1124	117.00	 18.00	147.00
1125	 39.00	 56.00	102.00
1126	164.00	175.00	226.00
1127	255.00	146.00	  0.00
1128	100.00	 57.00	 68.00
1129	 91.00	 82.00	 54.00
1130	146.00	146.00	 73.00
1131	  0.00	 73.00	146.00
1132	 60.00	 60.00	 60.00
1133	237.00	216.00	215.00
1134	146.00	219.00	219.00
1135	219.00	 73.00	 73.00
1136	 95.00	146.00	102.00
1137	164.00	 91.00	 18.00
1138	164.00	183.00	  7.00
1139	164.00	200.00	 18.00
1140	148.00	189.00	169.00
1141	 55.00	 18.00	 55.00
1142	219.00	109.00	146.00
1143	 18.00	 55.00	 55.00
1144	229.00	166.00	180.00
1145	214.00	239.00	190.00
1146	 67.00	 65.00	249.00
1147	161.00	127.00	106.00
1148	  0.00	 36.00	146.00
1149	  0.00	 73.00	 73.00
1150	219.00	 73.00	109.00
1151	 77.00	 49.00	183.00
1152	  9.00	 21.00	159.00
1153	 50.00	 67.00	191.00
1154	241.00	247.00	218.00
1155	 55.00	237.00	 91.00
1156	182.00	182.00	219.00
1157	137.00	125.00	125.00
1158	219.00	211.00	213.00
1159	141.00	174.00	202.00
1160	194.00	194.00	206.00
1161	 73.00	219.00	219.00
1162	255.00	255.00	255.00
1163	115.00	115.00	127.00
1164	 83.00	 88.00	 84.00
1165	 45.00	170.00	 34.00
1166	226.00	198.00	251.00
1167	 73.00	255.00	182.00
1168	255.00	  0.00	219.00
1169	  0.00	  0.00	255.00
1170	 91.00	128.00	 55.00
1171	115.00	115.00	115.00
1172	 24.00	 61.00	 56.00
1173	109.00	 36.00	 73.00
1174	255.00	255.00	219.00
1175	 49.00	 41.00	 12.00
1176	109.00	255.00	 73.00
1177	156.00	 25.00	165.00
1178	203.00	167.00	209.00
1179	 73.00	109.00	182.00
1180	252.00	253.00	231.00
1181	229.00	235.00	 71.00
1182	182.00	255.00	219.00
1183	182.00	 36.00	 36.00
1184	237.00	 91.00	164.00
1185	146.00	146.00	146.00
1186	128.00	237.00	128.00
1187	 73.00	 36.00	  0.00
1188	200.00	 55.00	164.00
1189	 36.00	109.00	109.00
1190	255.00	182.00	 73.00
1191	128.00	200.00	 18.00
1192	145.00	157.00	145.00
1193	255.00	109.00	 36.00
1194	 63.00	 16.00	 39.00
1195	 29.00	 87.00	 72.00
1196	142.00	132.00	132.00
1197	200.00	 18.00	 18.00
1198	 30.00	 56.00	  7.00
1199	222.00	 55.00	 55.00
1200	219.00	  0.00	219.00
1201	237.00	237.00	 91.00
1202	207.00	164.00	149.00
1203	  0.00	 36.00	219.00
1204	 88.00	226.00	124.00
1205	 79.00	 14.00	150.00
1206	 18.00	200.00	200.00
1207	 18.00	 55.00	 18.00
1208	179.00	166.00	163.00
1209	205.00	162.00	172.00
1210	 91.00	237.00	128.00
1211	 69.00	252.00	127.00
1212	 67.00	 99.00	 40.00
1213	159.00	176.00	194.00
1214	109.00	255.00	255.00
1215	160.00	160.00	160.00
1216	 95.00	 95.00	 95.00
1217	128.00	 18.00	 18.00
1218	182.00	255.00	 36.00
1219	255.00	120.00	188.00
1220	  0.00	182.00	  0.00
1221	 91.00	164.00	 91.00
1222	 45.00	 45.00	 45.00
1223	 90.00	129.00	 42.00
1224	 82.00	 24.00	 59.00
1225	179.00	198.00	156.00
1226	 44.00	 57.00	  3.00
1227	 36.00	 73.00	219.00
1228	 50.00	 50.00	 50.00
1229	219.00	109.00	 36.00
1230	218.00	218.00	218.00
1231	109.00	 36.00	255.00
1232	 91.00	128.00	 91.00
1233	 67.00	133.00	130.00
1234	146.00	255.00	255.00
1235	146.00	 73.00	182.00
1236	 91.00	 18.00	 55.00
1237	236.00	  4.00	127.00
1238	  0.00	150.00	182.00
1239	 63.00	157.00	114.00
1240	 36.00	255.00	182.00
1241	 84.00	224.00	168.00
1242	253.00	 15.00	189.00
1243	206.00	 48.00	108.00
1244	190.00	153.00	166.00
1245	109.00	219.00	219.00
1246	160.00	169.00	110.00
1247	 73.00	109.00	146.00
1248	 71.00	  7.00	 65.00
1249	128.00	 91.00	200.00
1250	 85.00	131.00	 77.00
1251	 39.00	 72.00	  5.00
1252	211.00	250.00	126.00
1253	 73.00	219.00	 36.00
1254	 71.00	 54.00	 21.00
1255	109.00	 36.00	  0.00
1256	 37.00	 32.00	  5.00
1257	115.00	 52.00	 46.00
1258	165.00	189.00	165.00
1259	 55.00	 55.00	200.00
1260	190.00	190.00	190.00
1261	146.00	109.00	109.00
1262	237.00	 18.00	128.00
1263	 55.00	237.00	237.00
1264	250.00	 14.00	 11.00
1265	  0.00	255.00	219.00
1266	182.00	255.00	109.00
1267	237.00	164.00	 18.00
1268	 18.00	 55.00	164.00
1269	 35.00	 89.00	112.00
1270	 18.00	164.00	237.00
1271	 53.00	163.00	 10.00
1272	 15.00	 46.00	244.00
1273	164.00	128.00	128.00
1274	255.00	 36.00	109.00
1275	146.00	182.00	182.00
1276	199.00	155.00	198.00
1277	 36.00	  0.00	146.00
1278	164.00	 55.00	 55.00
1279	255.00	219.00	 36.00
1280	219.00	219.00	109.00
1281	 36.00	146.00	 73.00
1282	113.00	 31.00	234.00
1283	 91.00	 18.00	200.00
1284	233.00	198.00	163.00
1285	 32.00	  5.00	 24.00
1286	255.00	255.00	182.00
1287	110.00	110.00	110.00
1288	 55.00	237.00	164.00
1289	164.00	164.00	 55.00
1290	227.00	 20.00	109.00
1291	 92.00	139.00	166.00
1292	 59.00	 59.00	126.00
1293	145.00	 97.00	107.00
1294	128.00	200.00	 55.00
1295	164.00	128.00	164.00
1296	191.00	185.00	143.00
1297	251.00	172.00	248.00
1298	194.00	206.00	194.00
1299	 73.00	146.00	 73.00
1300	255.00	219.00	109.00
1301	219.00	182.00	182.00
1302	 55.00	 55.00	 18.00
1303	 46.00	 46.00	 58.00
1304	164.00	164.00	237.00
1305	251.00	172.00	197.00
1306	182.00	109.00	146.00
1307	146.00	255.00	182.00
1308	153.00	210.00	194.00
1309	 14.00	 13.00	118.00
1310	200.00	 91.00	237.00
1311	179.00	 18.00	 66.00
1312	255.00	182.00	255.00
1313	 19.00	248.00	 36.00
1314	219.00	219.00	146.00
1315	109.00	146.00	109.00
1316	 36.00	  0.00	  0.00
1317	 30.00	 25.00	 32.00
1318	223.00	123.00	 82.00
1319	 31.00	175.00	 56.00
1320	  0.00	  0.00	  0.00
1321	203.00	204.00	245.00
1322	 12.00	 67.00	 60.00
1323	146.00	 73.00	  0.00
1324	 91.00	 91.00	 18.00
1325	 97.00	 40.00	 95.00
1326	182.00	  0.00	 73.00
1327	255.00	 36.00	255.00
1328	 50.00	 27.00	 39.00
1329	125.00	 98.00	159.00
1330	 75.00	 75.00	 75.00
1331	189.00	139.00	 99.00
1332	109.00	255.00	219.00
1333	 55.00	128.00	 91.00
1334	 91.00	164.00	 18.00
1335	171.00	 90.00	 63.00
1336	 92.00	155.00	159.00
1337	  3.00	128.00	194.00
1338	164.00	 91.00	128.00
1339	164.00	 18.00	237.00
1340	225.00	222.00	154.00
1341	200.00	128.00	164.00
1342	146.00	255.00	  0.00
1343	124.00	182.00	 15.00
1344	 55.00	237.00	 55.00
1345	  0.00	219.00	146.00
1346	  6.00	  5.00	 22.00
1347	 18.00	164.00	128.00
1348	168.00	  0.00	249.00
1349	 36.00	255.00	 36.00
1350	129.00	167.00	195.00
1351	157.00	176.00	122.00
1352	109.00	  0.00	255.00
1353	 34.00	 79.00	 80.00
1354	146.00	  0.00	109.00
1355	128.00	 55.00	 91.00
1356	182.00	255.00	255.00
1357	224.00	236.00	224.00
1358	109.00	110.00	 75.00
1359	143.00	134.00	172.00
1360	113.00	175.00	169.00
1361	200.00	164.00	 18.00
1362	 70.00	 77.00	  4.00
1363	 73.00	 73.00	219.00
1364	 29.00	 91.00	  1.00
1365	180.00	 88.00	254.00
1366	121.00	142.00	145.00
1367	 36.00	 73.00	146.00
1368	128.00	200.00	200.00
1369	154.00	154.00	166.00
1370	237.00	 18.00	237.00
1371	128.00	164.00	 55.00
1372	 97.00	118.00	136.00
1373	167.00	212.00	247.00
1374	195.00	195.00	195.00
1375	  0.00	  2.00	195.00
1376	200.00	 91.00	 18.00
1377	164.00	200.00	 91.00
1378	219.00	  0.00	146.00
1379	124.00	108.00	130.00
1380	182.00	169.00	147.00
1381	 41.00	  2.00	 53.00
1382	219.00	146.00	255.00
1383	135.00	135.00	135.00
1384	 30.00	 36.00	227.00
1385	 55.00	200.00	 18.00
1386	 89.00	 89.00	102.00
1387	211.00	115.00	 53.00
1388	 65.00	 65.00	 65.00
1389	147.00	121.00	125.00
1390	165.00	165.00	165.00
1391	 45.00	  4.00	 18.00
1392	235.00	196.00	212.00
1393	253.00	 23.00	238.00
1394	214.00	214.00	226.00
1395	 70.00	106.00	 96.00
1396	155.00	167.00	207.00
1397	159.00	113.00	197.00
1398	236.00	224.00	224.00
1399	 34.00	 52.00	104.00
1400	166.00	154.00	154.00
1401	 18.00	200.00	 18.00
1402	109.00	 73.00	219.00
1403	164.00	200.00	200.00
1404	115.00	 72.00	203.00
1405	215.00	239.00	203.00
1406	105.00	105.00	105.00
1407	255.00	182.00	182.00
1408	 18.00	 18.00	128.00
1409	160.00	110.00	113.00
1410	 18.00	237.00	 55.00
1411	 43.00	210.00	152.00
1412	 18.00	128.00	128.00
1413	173.00	118.00	140.00
1414	 76.00	 93.00	111.00
1415	 27.00	 71.00	 75.00
1416	109.00	182.00	219.00
1417	199.00	 48.00	 21.00
1418	 18.00	106.00	 43.00
1419	164.00	164.00	128.00
1420	 83.00	133.00	135.00
1421	 59.00	 59.00	 59.00
1422	 55.00	 79.00	 60.00
1423	128.00	 91.00	 55.00
1424	 45.00	157.00	221.00
1425	148.00	 58.00	242.00
1426	215.00	253.00	225.00
1427	 45.00	  1.00	 12.00
1428	109.00	255.00	182.00
1429	109.00	182.00	  0.00
1430	187.00	188.00	130.00
1431	 36.00	146.00	255.00
1432	 36.00	 48.00	 36.00
1433	 22.00	 79.00	 35.00
1434	 36.00	109.00	 73.00
1435	 84.00	 64.00	 88.00
1436	149.00	146.00	150.00
1437	 73.00	219.00	109.00
1438	109.00	109.00	255.00
1439	 48.00	 33.00	 69.00
1440	 52.00	 59.00	 23.00
1441	164.00	 18.00	 18.00
1442	219.00	  0.00	  0.00
1443	182.00	182.00	109.00
1444	227.00	 13.00	  2.00
1445	187.00	 31.00	193.00
1446	177.00	156.00	113.00
1447	149.00	177.00	183.00
1448	255.00	255.00	146.00
1449	176.00	164.00	164.00
1450	155.00	155.00	155.00
1451	179.00	212.00	 62.00
1452	 91.00	 18.00	 91.00
1453	109.00	255.00	  0.00
1454	219.00	182.00	 36.00
1455	113.00	211.00	204.00
1456	204.00	  4.00	245.00
1457	 10.00	 10.00	 10.00
1458	159.00	207.00	234.00
1459	  0.00	255.00	109.00
1460	173.00	181.00	132.00
1461	255.00	146.00	182.00
1462	215.00	204.00	202.00
1463	128.00	128.00	128.00
1464	139.00	102.00	144.00
1465	226.00	226.00	211.00
1466	123.00	148.00	123.00
1467	175.00	105.00	151.00
1468	146.00	109.00	182.00
1469	249.00	198.00	210.00
1470	245.00	212.00	169.00
1471	 15.00	 36.00	  8.00
1472	108.00	100.00	101.00
1473	219.00	 36.00	  0.00
1474	125.00	151.00	 76.00
1475	124.00	 93.00	103.00
1476	146.00	182.00	146.00
1477	  0.00	 36.00	182.00
1478	 48.00	 62.00	 61.00
1479	  0.00	219.00	182.00
1480	255.00	109.00	219.00
1481	 73.00	 73.00	 73.00
1482	  0.00	  0.00	219.00
1483	109.00	182.00	 73.00
1484	146.00	219.00	182.00
1485	  0.00	 73.00	  0.00
1486	219.00	219.00	  0.00
1487	149.00	239.00	  0.00
1488	208.00	  5.00	 43.00
1489	 82.00	 19.00	 40.00
1490	244.00	255.00	244.00
1491	211.00	 95.00	101.00
1492	 73.00	182.00	146.00
1493	 36.00	 73.00	  0.00
1494	164.00	237.00	 55.00
1495	237.00	250.00	 43.00
1496	164.00	164.00	200.00
1497	141.00	166.00	184.00
1498	 36.00	255.00	109.00
1499	255.00	182.00	109.00
1500	128.00	 55.00	 18.00
1501	  2.00	 69.00	  0.00
1502	146.00	219.00	255.00
1503	 96.00	248.00	 79.00
1504	109.00	219.00	255.00
1505	 56.00	  2.00	113.00
1506	 18.00	 18.00	200.00
1507	182.00	  0.00	146.00
1508	 44.00	100.00	111.00
1509	129.00	 79.00	123.00
1510	219.00	 36.00	182.00
1511	  1.00	 62.00	 24.00
1512	 99.00	108.00	162.00
1513	164.00	164.00	164.00
1514	163.00	207.00	175.00
1515	104.00	103.00	243.00
1516	160.00	183.00	213.00
1517	245.00	245.00	245.00
1518	255.00	 36.00	 36.00
1519	 18.00	200.00	237.00
1520	219.00	  0.00	182.00
1521	 50.00	 41.00	 59.00
1522	211.00	178.00	242.00
1523	146.00	109.00	 36.00
1524	104.00	173.00	254.00
1525	 97.00	107.00	149.00
1526	 34.00	214.00	  8.00
1527	  4.00	 35.00	 47.00
1528	 18.00	 91.00	 91.00
1529	152.00	  0.00	175.00
1530	182.00	146.00	 73.00
1531	128.00	 91.00	164.00
1532	 53.00	 15.00	 59.00
1533	 88.00	 62.00	 59.00
1534	182.00	255.00	 73.00
1535	  0.00	 36.00	  0.00
1536	 89.00	154.00	116.00
1537	237.00	164.00	128.00
1538	 91.00	237.00	 91.00
1539	223.00	250.00	213.00
1540	153.00	145.00	 40.00
1541	198.00	210.00	253.00
1542	212.00	231.00	230.00
1543	222.00	 42.00	  0.00
1544	182.00	146.00	146.00
1545	237.00	237.00	 55.00
1546	233.00	  1.00	 71.00
1547	 70.00	 70.00	 70.00
1548	219.00	109.00	 73.00
1549	158.00	184.00	145.00
1550	130.00	243.00	 59.00
1551	 33.00	102.00	 54.00
1552	200.00	200.00	 18.00
1553	202.00	211.00	201.00
1554	231.00	 71.00	195.00
1555	 27.00	113.00	217.00
1556	154.00	162.00	131.00
1557	229.00	 70.00	 34.00
1558	182.00	146.00	255.00
1559	109.00	146.00	146.00
1560	 88.00	190.00	 55.00
1561	125.00	167.00	133.00
1562	237.00	200.00	164.00
1563	136.00	 56.00	 83.00
1564	146.00	255.00	 36.00
1565	186.00	 74.00	125.00
1566	125.00	191.00	124.00
1567	219.00	182.00	  0.00
1568	 73.00	255.00	146.00
1569	 91.00	128.00	 18.00
1570	255.00	255.00	 36.00
1571	181.00	 47.00	119.00
1572	116.00	  5.00	117.00
1573	102.00	168.00	178.00
1574	 55.00	 91.00	 18.00
1575	 18.00	 91.00	128.00
1576	164.00	237.00	 91.00
1577	 93.00	 30.00	 44.00
1578	147.00	122.00	195.00
1579	255.00	  0.00	255.00
1580	166.00	255.00	 39.00
1581	249.00	226.00	220.00
1582	219.00	109.00	255.00
1583	146.00	182.00	 36.00
1584	  5.00	112.00	 20.00
1585	189.00	243.00	165.00
1586	  0.00	109.00	 73.00
1587	124.00	139.00	173.00
1588	 18.00	200.00	 91.00
1589	  0.00	182.00	146.00
1590	146.00	 36.00	146.00
1591	 34.00	 80.00	 41.00
1592	128.00	 91.00	 91.00
1593	 85.00	150.00	132.00
1594	109.00	109.00	 73.00
1595	 53.00	 67.00	100.00
1596	182.00	109.00	255.00
1597	233.00	175.00	 76.00
1598	241.00	183.00	198.00
1599	 98.00	 25.00	174.00
1600	  0.00	146.00	 36.00
1601	146.00	 36.00	182.00
1602	147.00	219.00	 78.00
1603	200.00	 18.00	200.00
1604	216.00	135.00	163.00
1605	255.00	 36.00	  0.00
1606	 77.00	223.00	 90.00
1607	185.00	185.00	185.00
1608	108.00	117.00	 52.00
1609	164.00	223.00	224.00
1610	  5.00	155.00	248.00
1611	 36.00	182.00	 73.00
1612	117.00	105.00	105.00
1613	125.00	125.00	125.00
1614	177.00	138.00	206.00
1615	229.00	158.00	 42.00
1616	251.00	153.00	185.00
1617	 37.00	  1.00	 39.00
1618	 92.00	171.00	215.00
1619	139.00	139.00	139.00
1620	 58.00	137.00	128.00
1621	109.00	 36.00	182.00
1622	146.00	109.00	  0.00
1623	138.00	 13.00	128.00
1624	219.00	 36.00	 36.00
1625	 36.00	219.00	219.00
1626	251.00	 52.00	254.00
1627	104.00	 86.00	183.00
1628	 55.00	225.00	108.00
1629	128.00	200.00	 91.00
1630	200.00	 55.00	237.00
1631	113.00	133.00	 96.00
1632	 18.00	128.00	200.00
1633	 10.00	 10.00	 10.00
1634	 91.00	128.00	237.00
1635	110.00	 36.00	105.00
1636	 18.00	237.00	200.00
1637	166.00	 95.00	122.00
1638	161.00	188.00	112.00
1639	 73.00	182.00	182.00
1640	 56.00	125.00	127.00
1641	104.00	162.00	137.00
1642	109.00	  0.00	 36.00
1643	146.00	109.00	146.00
1644	 18.00	 91.00	200.00
1645	219.00	255.00	255.00
1646	 57.00	 96.00	253.00
1647	125.00	125.00	137.00
1648	 76.00	111.00	245.00
1649	147.00	164.00	147.00
1650	 85.00	 85.00	 97.00
1651	 55.00	200.00	128.00
1652	134.00	148.00	246.00
1653	145.00	 99.00	123.00
1654	 36.00	255.00	219.00
1655	205.00	153.00	143.00
1656	237.00	 55.00	164.00
1657	238.00	 87.00	158.00
1658	255.00	 28.00	126.00
1659	237.00	164.00	 55.00
1660	 66.00	 85.00	 86.00
1661	182.00	255.00	182.00
1662	 73.00	109.00	 36.00
1663	  9.00	131.00	224.00
1664	199.00	220.00	230.00
1665	237.00	237.00	128.00
1666	109.00	  0.00	146.00
1667	189.00	157.00	191.00
1668	176.00	 50.00	207.00
1669	 91.00	 55.00	237.00
1670	210.00	105.00	133.00
1671	 18.00	237.00	237.00
1672	 42.00	 59.00	145.00
1673	129.00	 84.00	 64.00
1674	 57.00	 85.00	 90.00
1675	 73.00	146.00	255.00
1676	219.00	219.00	 36.00
1677	128.00	136.00	159.00
1678	101.00	110.00	177.00
1679	 91.00	200.00	 18.00
1680	237.00	 55.00	128.00
1681	111.00	134.00	184.00
1682	136.00	153.00	173.00
1683	  0.00	255.00	182.00
1684	 80.00	 50.00	 90.00
1685	255.00	244.00	244.00
1686	  4.00	205.00	 39.00
1687	255.00	  0.00	109.00
1688	159.00	150.00	248.00
1689	132.00	122.00	 89.00
1690	 98.00	 62.00	165.00
1691	121.00	116.00	181.00
1692	165.00	182.00	114.00
1693	180.00	148.00	  3.00
1694	255.00	109.00	182.00
1695	184.00	196.00	184.00
1696	 73.00	219.00	255.00
1697	207.00	225.00	166.00
1698	 89.00	 57.00	100.00
1699	164.00	 36.00	 53.00
1700	 36.00	219.00	  0.00
1701	163.00	141.00	157.00
1702	150.00	212.00	221.00
1703	  0.00	  8.00	  0.00
1704	164.00	237.00	128.00
1705	174.00	186.00	174.00
1706	182.00	 36.00	255.00
1707	237.00	128.00	 18.00
1708	227.00	156.00	206.00
1709	145.00	103.00	122.00
1710	 36.00	182.00	182.00
1711	255.00	162.00	 87.00
1712	255.00	  0.00	 36.00
1713	  0.00	255.00	  0.00
1714	 18.00	 91.00	 18.00
1715	 71.00	 15.00	 14.00
1716	109.00	 73.00	109.00
1717	128.00	 91.00	237.00
1718	237.00	 55.00	237.00
1719	 90.00	101.00	140.00
1720	219.00	187.00	175.00
1721	 73.00	146.00	219.00
1722	164.00	237.00	 18.00
1723	146.00	 36.00	 36.00
1724	  3.00	215.00	205.00
1725	143.00	150.00	134.00
1726	 91.00	 91.00	 91.00
1727	 30.00	 53.00	 87.00
1728	  0.00	219.00	219.00
1729	108.00	 70.00	133.00
1730	115.00	127.00	115.00
1731	109.00	109.00	182.00
1732	137.00	  4.00	 26.00
1733	 36.00	109.00	182.00
1734	162.00	150.00	208.00
1735	 18.00	200.00	 55.00
1736	 73.00	109.00	219.00
1737	178.00	187.00	162.00
1738	  7.00	242.00	242.00
1739	 91.00	 55.00	164.00
1740	 18.00	237.00	 91.00
1741	 18.00	237.00	128.00
1742	109.00	109.00	109.00
1743	 36.00	  0.00	255.00
1744	 40.00	 81.00	 70.00
1745	 91.00	200.00	237.00
1746	 79.00	141.00	 72.00
1747	146.00	219.00	  0.00
1748	 46.00	 17.00	 86.00
1749	237.00	200.00	 55.00
1750	 68.00	255.00	 23.00
1751	 99.00	174.00	 32.00
1752	253.00	235.00	239.00
1753	136.00	 87.00	190.00
1754	 73.00	182.00	  0.00
1755	146.00	  0.00	  0.00
1756	200.00	128.00	237.00
1757	200.00	237.00	237.00
1758	146.00	109.00	219.00
1759	200.00	237.00	 55.00
1760	171.00	141.00	168.00
1761	 13.00	 16.00	 55.00
1762	227.00	210.00	211.00
1763	182.00	219.00	219.00
1764	 91.00	 55.00	128.00
1765	 55.00	 55.00	 91.00
1766	182.00	  0.00	109.00
1767	255.00	219.00	182.00
1768	210.00	165.00	224.00
1769	255.00	109.00	  0.00
1770	 82.00	 60.00	127.00
1771	 44.00	255.00	196.00
1772	237.00	 18.00	 91.00
1773	 14.00	204.00	132.00
1774	 87.00	112.00	114.00
1775	 55.00	237.00	128.00
1776	255.00	109.00	 73.00
1777	 36.00	109.00	  0.00
1778	 91.00	237.00	 55.00
1779	155.00	133.00	191.00
1780	107.00	 95.00	 95.00
1781	237.00	128.00	237.00
1782	182.00	219.00	 73.00
1783	 36.00	219.00	 36.00
1784	 54.00	 41.00	 77.00
1785	146.00	182.00	 73.00
1786	200.00	237.00	164.00
1787	  0.00	182.00	109.00
1788	 93.00	 40.00	210.00
1789	222.00	  6.00	204.00
1790	 70.00	 59.00	 37.00
1791	219.00	255.00	 36.00
1792	  0.00	 73.00	182.00
1793	190.00	 92.00	 87.00
1794	225.00	225.00	225.00
1795	187.00	147.00	135.00
1796	100.00	175.00	164.00
1797	 36.00	255.00	 73.00
1798	 99.00	117.00	 72.00
1799	162.00	254.00	137.00
1800	146.00	 36.00	255.00
1801	164.00	200.00	237.00
1802	204.00	225.00	147.00
1803	128.00	128.00	 18.00
1804	 36.00	 73.00	182.00
1805	  0.00	219.00	255.00
1806	120.00	  7.00	 47.00
1807	123.00	 77.00	 12.00
1808	 78.00	173.00	 87.00
1809	219.00	219.00	219.00
1810	200.00	 18.00	164.00
1811	 28.00	 52.00	 25.00
1812	167.00	194.00	216.00
1813	164.00	128.00	200.00
1814	196.00	184.00	184.00
1815	243.00	211.00	186.00
1816	172.00	212.00	161.00
1817	146.00	  0.00	182.00
1818	 36.00	255.00	146.00
1819	 55.00	164.00	 55.00
1820	  0.00	182.00	 36.00
1821	109.00	 73.00	255.00
1822	237.00	128.00	 55.00
1823	182.00	  0.00	  0.00
1824	101.00	224.00	224.00
1825	236.00	125.00	235.00
1826	  0.00	219.00	 36.00
1827	137.00	124.00	146.00
1828	158.00	158.00	158.00
1829	168.00	234.00	197.00
1830	206.00	194.00	194.00
1831	 36.00	 36.00	 48.00
1832	255.00	 69.00	108.00
1833	 99.00	  9.00	255.00
1834	146.00	 85.00	123.00
1835	126.00	154.00	147.00
1836	146.00	219.00	 36.00
1837	164.00	 91.00	237.00
1838	182.00	109.00	109.00
1839	253.00	 24.00	 71.00
1840	169.00	161.00	189.00
1841	191.00	173.00	182.00
1842	109.00	  0.00	219.00
1843	109.00	219.00	 73.00
1844	220.00	214.00	176.00
1845	165.00	254.00	 91.00
1846	208.00	154.00	157.00
1847	226.00	149.00	  2.00
1848	255.00	 36.00	219.00
1849	200.00	200.00	 91.00
1850	 53.00	225.00	222.00
1851	 30.00	 30.00	 30.00
1852	215.00	171.00	169.00
1853	146.00	146.00	 36.00
1854	141.00	186.00	135.00
1855	 82.00	161.00	 18.00
1856	146.00	219.00	109.00
1857	146.00	 36.00	 73.00
1858	 67.00	222.00	 56.00
1859	  0.00	146.00	109.00
1860	 55.00	 91.00	200.00
1861	238.00	163.00	212.00
1862	128.00	200.00	128.00
1863	 18.00	 55.00	237.00
1864	225.00	243.00	252.00
1865	254.00	105.00	 96.00
1866	146.00	182.00	255.00
1867	163.00	 44.00	 90.00
1868	237.00	 91.00	128.00
1869	170.00	170.00	170.00
1870	 62.00	118.00	112.00
1871	 67.00	225.00	  3.00
1872	154.00	151.00	 97.00
1873	182.00	109.00	 36.00
1874	175.00	175.00	175.00
1875	 18.00	128.00	 55.00
1876	 18.00	128.00	237.00
1877	146.00	146.00	182.00
1878	164.00	 18.00	200.00
1879	200.00	128.00	 91.00
1880	 18.00	128.00	164.00
1881	129.00	129.00	129.00
1882	201.00	142.00	125.00
1883	219.00	146.00	182.00
1884	176.00	 82.00	194.00
1885	144.00	124.00	 65.00
1886	 36.00	182.00	109.00
1887	 63.00	 28.00	 46.00
1888	237.00	128.00	128.00
1889	109.00	  0.00	182.00
1890	255.00	180.00	255.00
1891	 50.00	 50.00	 50.00
1892	100.00	100.00	100.00
1893	150.00	150.00	150.00
1894	200.00	200.00	200.00
1895	  0.00	255.00	255.00
1896	255.00	255.00	  0.00
1897	255.00	  0.00	255.00
1898	180.00	255.00	255.00
1899	255.00	255.00	180.00
1900	255.00	180.00	255.00
1901	 50.00	 50.00	 50.00
1902	100.00	100.00	100.00
1903	150.00	150.00	150.00
1904	200.00	200.00	200.00
1905	  0.00	255.00	255.00
1906	255.00	255.00	  0.00
1907	255.00	  0.00	255.00
1908	180.00	255.00	255.00
1909	255.00	255.00	180.00
1910	255.00	180.00	255.00
1911	 50.00	 50.00	 50.00
1912	100.00	100.00	100.00
1913	150.00	150.00	150.00
1914	200.00	200.00	200.00
END_DATA
